-989.944038117	1.90820484242	59.9818781645	0.91618573735	0.770255690816	-2.4698889663	501
-1912.88978033	2.36638680164	97.0641316654	2.11508314732	0.623223229364	-2.02528800349	501
-2780.28195394	2.69958297095	145.196592523	3.58176408353	0.621512723976	-1.35632165522	501
-3698.98358704	2.30208929739	267.954844172	5.48685583139	0.86023375	-0.375642731397	501
-4689.2541505	2.37364697294	623.822182509	6.91789507366	1.60215918849	1.29471440765	501
-5199.97543859	2.60737980038	1001.46912943	8.22066205956	2.33824348764	2.61580350626	501
-5684.84651236	2.81104292938	1635.80763059	9.44089325974	3.50103002993	4.48126188295	501
-6130.60941042	3.06811689243	2625.0296051	10.8344706875	5.18603809803	6.92344881564	501
-6496.02464115	3.39410213676	4144.97693042	11.2220959575	7.60394440781	10.1423369848	501
-7693.82918635	1.50027711129	3.92306877943	6.3565785479	0.0192494187267	-1.50623661846	501
-7321.44837571	2.09735139484	1299.47639645	7.89560414493	4.37373851325	5.18138718118	501
-6918.72445475	1.6404285666	29.6447519847	6.57789805395	0.123826327843	-1.44913721059	501
-6645.34375326	2.14904669296	930.208926568	7.87076609354	2.86299183905	3.08127359081	501
-6208.55229708	1.69636614089	31.8871741152	6.35191670445	0.12120557629	-1.57459442981	501
-6006.06735388	2.20777773443	635.269472195	7.9091153448	1.88649033206	1.58838370076	501
-5548.63236302	1.82779437526	48.2410105174	5.97375091146	0.175471534285	-1.61166818411	501
-5401.99809055	2.16256891146	419.031012819	7.00537861761	1.25184866007	0.492277088689	501
-4944.65693575	1.95590855093	48.3312883434	5.73083089957	0.175519973703	-1.77273084804	501
-4827.83696144	2.14613099915	282.062733862	6.48810032386	0.874028740008	-0.270853303211	501
