-1092.86291298	2.1256615371	57.6671715135	1.01177827363	0.74053144701	-2.78944239537	501
-2067.94389339	2.46707074634	89.9184818963	2.12375407859	0.577342893872	-2.27190854995	501
-3007.51162593	2.41096082802	128.240581324	3.78324477203	0.548932668721	-1.61641468057	501
-3984.17893919	2.25765924344	251.169725125	5.17443352672	0.80634733512	-0.520470542623	501
-5054.50832777	2.40044435521	648.156811971	7.080568556	1.66465768772	1.42909366973	501
-5598.75707758	2.66926860945	1100.34380592	8.12268585493	2.56909740175	3.06704312263	501
-6121.89948061	3.00365475434	1815.28619007	9.71399167059	3.88515822125	5.16952991704	501
-6573.85560733	3.35482765494	3006.17615258	11.1372130146	5.93903551655	8.16886010032	501
-6915.53013538	3.73343366347	4856.21719647	13.0013700335	8.90871196971	12.146198841	501
-8256.02859939	1.54391492804	301.579551605	6.17527363637	1.47976785385	0.736827409157	501
-7846.68128912	2.12469791181	1713.59135367	8.09323472757	5.76755416257	7.32200907882	501
-7441.84946434	1.74262190065	173.17592678	6.69679316823	0.723357007507	-0.457550446001	501
-7142.26515932	2.18210588627	1163.50977994	8.0939473137	3.58104390259	4.26888741383	501
-6677.83117874	1.86457497812	104.586380073	6.6402340746	0.397540792517	-1.07946624	501
-6464.44781753	2.17989313469	755.17435469	7.60904877863	2.24255875892	2.22637518823	501
-5973.44959976	1.83654915748	48.3807311448	6.66901596402	0.175979753176	-1.61067479183	501
-5817.77556892	2.20501741163	468.868627095	6.70924802744	1.40073776074	0.783303822749	501
-5318.90756445	2.0660461882	29.2218086258	6.07950937699	0.106121960687	-1.92194489148	501
-5202.19317584	2.1408207733	286.126734233	6.37200227928	0.886621871598	-0.243776561349	501
