-1061.50018263	2.04053152548	56.4057690502	0.942645282798	0.724333180876	-2.96358346089	501
-2029.0657181	2.62682720629	89.0079101174	2.22138938986	0.571496352263	-2.3033354624	501
-2932.45329463	2.54588933184	124.389687196	3.54650156592	0.532448950626	-1.67548462883	501
-3877.26675867	2.34735566068	222.83782788	5.37396980241	0.715391509012	-0.764927948869	501
-4908.81843707	2.41511450933	543.131558355	7.18210187058	1.39492188828	0.849129380454	501
-5444.21591881	2.63486047086	905.730623714	8.49345978821	2.1147119469	2.17887659913	501
-5956.04322395	2.74497327249	1522.79102964	9.06500651275	3.25914675074	4.04786352059	501
-6447.00094132	3.09442036432	2447.74066272	11.1527071376	4.83578406366	6.34415024676	501
-6840.2794081	3.45821885187	3938.29170565	12.0256941575	7.22478114939	9.56001810053	501
-8035.89793277	1.54281197808	-204.412499098	6.47064060637	-1.00299587118	-3.07620080517	501
-7669.17946736	1.98358446455	1079.97939473	7.96028010126	3.63496211638	4.04677448448	501
-7225.83539839	1.61087330028	-124.381428336	6.56090948068	-0.519542060283	-2.51322884102	501
-6951.67258047	2.06599917752	774.315847172	7.73983640508	2.38318498993	2.28770265729	501
-6484.04438861	1.74422979061	-91.1534044947	6.37383853057	-0.346481029729	-2.41257963416	501
-6278.68495026	2.24507236131	516.411876717	7.65291051263	1.53353191901	0.955964631933	501
-5798.81254197	1.93564453477	-47.513625025	6.26187405358	-0.17282574708	-2.2924689937	501
-5649.56019413	2.14377477691	329.469948196	7.49369912997	0.984286366794	-0.0307147221077	501
-5173.09418343	2.12875019725	-23.7147827529	5.7308293602	-0.0861226378983	-2.33529381373	501
-5053.09105395	2.22071744627	211.024525648	6.34384290954	0.653902405816	-0.744151297875	501
