-1009.34960043	2.03643907305	59.9498397823	0.96240849633	0.769844270784	-2.47431197813	501
-1925.0873924	2.3758850764	96.9641542273	2.11313062765	0.622581300561	-2.02873856309	501
-2814.52150592	2.28611444177	153.84274094	3.60141091444	0.65852248544	-1.22369595257	501
-3747.961294	2.2526265906	284.117833044	5.3022396864	0.912122897859	-0.236182874447	501
-4761.33331107	2.49415578153	704.850462101	7.72512634129	1.81026368736	1.74216401589	501
-5264.88275436	2.64315670449	1161.71459449	8.23241373968	2.71238673789	3.34712425235	501
-5752.03709473	3.02857140173	1882.19491632	9.68526802306	4.028359326	5.42611286272	501
-6172.87717613	3.22632572754	3027.23563371	10.6875114581	5.98064086503	8.23767278046	501
-6494.97448846	3.54686046353	4779.78525079	11.8924908514	8.76849785618	11.9308580232	501
-7791.22222249	1.61331500464	374.209738604	6.28675193187	1.83614419093	1.28415014249	501
-7397.86661339	2.09750669506	1730.71709194	8.09712870094	5.82519545659	7.41053457087	501
-7018.55811211	1.75851101292	265.001588795	6.52018556683	1.10691341354	0.176828191488	501
-6725.63235522	2.27265949946	1227.96103667	8.35186632784	3.77941162059	4.5969753839	501
-6300.11063904	1.80381487801	174.064950566	7.10224805738	0.661634128162	-0.606272641997	501
-6091.23740602	2.24841818893	817.012807637	7.4294259077	2.42619365519	2.555406048	501
-5629.53898682	1.79088964072	133.720258557	6.2504774553	0.486393188746	-1.00392380768	501
-5477.33599144	2.21244340009	546.364687267	7.06463690946	1.6322560401	1.23584204356	501
-5012.27298543	2.07311542758	89.6121758406	6.03956956004	0.325435701925	-1.45039406904	501
-4896.74958107	1.99281345171	351.120846244	6.32788930181	1.0880193446	0.189252137621	501
