-1145.78304147	2.24708097451	55.2277194935	0.964896476433	0.70920528887	-3.12621736325	501
-2179.33595886	2.75139024951	77.4981223038	2.2799282223	0.497595035603	-2.70057717616	501
-3136.47226985	2.66886170642	114.875342162	3.80465452264	0.491722881259	-1.82142784361	501
-4154.04925988	2.44058067614	216.831788297	5.48617454362	0.696109909647	-0.816750135207	501
-5265.59953061	2.60054964156	586.072827901	7.39351020613	1.50520772213	1.08625713797	501
-5833.59912058	2.64419949968	1026.60547381	8.13075816678	2.39693215993	2.73051957711	501
-6373.68431673	3.00234251054	1769.48831098	9.86709656454	3.78713951353	4.99390327784	501
-6857.18850068	3.43363924727	2929.10322324	11.1654884773	5.78676936797	7.91702128249	501
-7239.57297213	3.7406945283	4743.58080714	12.5101393139	8.70208094205	11.8288549349	501
-8583.9314729	1.60720947088	163.438925616	6.47502673978	0.801949823542	-0.30416543591	501
-8170.38644674	2.21884961146	1592.8309688	8.3407638271	5.36110249664	6.69778066178	501
-7733.42292344	1.80569582375	70.9669191281	6.94591986133	0.296429297115	-1.16366254571	501
-7430.83548406	2.21219253873	1061.31619634	8.03463508675	3.26651306174	3.7486728036	501
-6947.68309749	1.85513275257	-3.24814608759	7.07919874706	-0.0123464505509	-1.81388848071	501
-6728.15948456	2.18096481815	666.184682241	8.07817255449	1.97829585305	1.75287775999	501
-6209.65694828	1.83914389858	-17.2941055755	6.33598046517	-0.0629054658445	-2.07761283358	501
-6055.77977782	2.13926057748	402.160819193	6.9367494766	1.20144921793	0.39376359792	501
-5538.54671924	2.09149209555	-26.549501697	5.93513517804	-0.0964172071426	-2.35742837113	501
-5412.64867354	2.09276199864	232.629200758	6.31167772743	0.720848885084	-0.600208345734	501
