-1085.37353373	2.30400130563	55.4836459702	0.979652728084	0.712491761905	-3.09088580916	501
-2053.49828393	2.82559517795	84.9784953399	2.18961936017	0.545624541049	-2.44240419742	501
-2967.50799687	2.64608226873	125.008185429	3.64913454165	0.535096426816	-1.66599731046	501
-3924.42674399	2.37092694689	214.917857183	5.53040513359	0.689965485782	-0.833264194671	501
-4962.83025532	2.51682017834	532.819023635	7.39255401503	1.36843626029	0.792182106689	501
-5502.21533389	2.58888175939	887.343868202	8.24108714525	2.07178230477	2.09496398574	501
-6025.86940679	2.80438599659	1493.80400247	8.97842766339	3.19710739434	3.93670347864	501
-6523.03985632	3.04349171906	2406.28609042	10.750999921	4.75388594301	6.20869580676	501
-6931.76598482	3.47200987296	3876.24950636	11.8043985441	7.11096497084	9.38521922795	501
-8123.57292562	1.47710507093	-257.333429394	6.07232326774	-1.26266431033	-3.47499956112	501
-7759.68461728	2.08117799749	1011.10178599	7.99441633842	3.40313593558	3.69073586539	501
-7304.31613482	1.69587889317	-169.395597995	6.69749855778	-0.707566548821	-2.82420974755	501
-7031.99466058	2.18746882638	719.928587405	8.51372777663	2.21579218557	2.01084528381	501
-6556.1588065	1.79297570081	-119.302455681	6.40625355029	-0.453477716195	-2.60429271514	501
-6351.93240969	2.21471050684	479.304394141	7.81631649137	1.42333788296	0.75852264699	501
-5864.73343538	1.86575578541	-69.4826557289	6.1640114162	-0.252735754831	-2.44866544105	501
-5712.38010883	2.19876551419	300.333011757	7.37940970343	0.89724022051	-0.200859853962	501
-5233.40513291	1.88139586012	-40.7803711729	5.64704572972	-0.148098052446	-2.46854838107	501
-5111.91835451	2.09614688122	196.68273392	6.39947602832	0.609461447658	-0.839704682954	501
