-1095.68834017	2.1953496273	56.5213012562	0.990014665504	0.725816784621	-2.94763383178	501
-2072.50972276	2.68932889855	90.6660757084	2.17326806916	0.582142996875	-2.24610655846	501
-2997.72457861	2.68930317248	123.063755964	3.48099903005	0.526773313774	-1.69582346096	501
-3949.06095058	2.34840994768	215.632309916	5.07753802081	0.692259142218	-0.827099649449	501
-5002.02250629	2.42012939066	524.825611579	7.54781655591	1.34790682269	0.748041355943	501
-5547.00007069	2.55499548552	867.529041344	8.26470904157	2.0255183826	2.00453400722	501
-6078.42464156	2.84161561093	1461.6318084	9.34736619744	3.12825099861	3.81332889382	501
-6567.78155499	3.07246801976	2423.09330168	10.0776033788	4.78709045917	6.26361402839	501
-6990.13094663	3.41454780038	3874.42636504	12.265644603	7.10762042504	9.38008267493	501
-8184.78817417	1.47237503461	-271.577008733	6.45323843058	-1.33255363379	-3.58233557523	501
-7809.64806279	2.13572065044	1036.16655544	8.02728289731	3.48749818161	3.82029939214	501
-7351.52985819	1.74618150727	-160.972874967	6.70383939208	-0.67238477825	-2.76602126906	501
-7080.52231079	2.04953150412	721.538076009	7.70512323357	2.22074586061	2.01903835677	501
-6599.34570178	1.79940243455	-121.579488461	6.4747664834	-0.462132891135	-2.61980076786	501
-6393.29105132	2.10193601786	483.250869111	7.58598062591	1.43505729842	0.779521103299	501
-5907.40535582	1.93727144561	-73.8243044322	6.10744845468	-0.268528039261	-2.47953389912	501
-5752.29573132	2.06297317585	297.709361185	7.04840028908	0.889402105066	-0.216180660712	501
-5274.24548026	2.0743622688	-42.8588554321	5.90875107864	-0.155646278761	-2.4847779721	501
-5148.3975443	2.10068197797	183.752877789	6.45575695194	0.569395659073	-0.925850929206	501
