-1037.8703643	2.04100938081	58.4112909445	0.991521841661	0.750087036863	-2.68671407959	501
-1978.40022347	2.41342731946	93.2762619169	2.20503544528	0.598902315175	-2.15602020244	501
-2881.56758654	2.44772048101	138.808401801	3.58930069171	0.594168130359	-1.45431190965	501
-3824.06840747	2.33418566023	255.169742257	4.95347566086	0.819188863505	-0.485957011653	501
-4844.33125759	2.38572817369	643.7953264	7.25658733414	1.65345610756	1.40500893019	501
-5368.02486558	2.55309645347	1039.1098567	7.92243496729	2.42612755998	2.78758649395	501
-5876.81847581	2.74688156255	1707.99155571	8.93765880043	3.65552135568	4.75807426866	501
-6329.92921892	3.16554300139	2760.80939781	10.5016456042	5.4542861881	7.36711461083	501
-6686.60886421	3.44007345533	4401.36447369	11.902870045	8.07428638043	10.8646881267	501
-7942.97947163	1.57345840114	99.2869402796	6.62526432677	0.487173688504	-0.787598584219	501
-7565.0996395	2.24941817061	1416.52609673	8.42626436748	4.76770086877	5.78643451688	501
-7147.88322303	1.59791178347	75.3356730829	6.04872655338	0.314677611682	-1.13348095899	501
-6863.40447057	2.23017385952	1004.3497669	8.24277705095	3.09118210334	3.45868621298	501
-6409.81684821	1.75796984809	57.0521029094	6.42605622351	0.21685938637	-1.40320513503	501
-6206.6641458	2.28116933176	676.078993259	7.86370176418	2.00767790727	1.80552354115	501
-5731.52300115	1.87607798126	46.394002469	6.3300498399	0.168753239361	-1.62480012877	501
-5578.51079119	2.05446006707	443.718285399	6.72774910573	1.3256015045	0.636438409734	501
-5107.21348532	1.93187165384	32.2210774298	5.85867037739	0.117014109431	-1.89852546656	501
-4991.79295919	2.03978953279	279.846718367	6.29348024343	0.86716196536	-0.2856176915	501
