-1096.26591792	2.26424463893	56.3692942256	0.958737641741	0.723864790386	-2.96861893927	501
-2072.02086183	2.67099514247	87.646981166	1.96295974004	0.562758185842	-2.35030572438	501
-2986.10189312	2.49873618031	133.088410406	3.5115331242	0.569683758026	-1.54205246663	501
-3952.20023982	2.24026088736	219.973026972	4.98872791867	0.706194442858	-0.789646441717	501
-4997.16813279	2.49523887135	551.257373954	7.31235452637	1.4157913772	0.894001282273	501
-5538.05326185	2.6643635403	925.641040733	8.64702534345	2.16119905425	2.26974282754	501
-6070.97176079	2.97031844712	1534.23515152	9.2814239718	3.28363998188	4.09174967221	501
-6557.2122228	3.05463703665	2520.04911978	10.8392343694	4.97863746706	6.58042096467	501
-6956.77592791	3.43360812486	4050.43285792	12.4393910618	7.43050366654	9.87596671631	501
-8179.71410039	1.56368614874	-164.498126017	6.22087344478	-0.807147028379	-2.77541617722	501
-7802.69456817	1.9587061685	1150.0283649	7.64223620773	3.87073083023	4.40886804534	501
-7355.25390506	1.75321124537	-104.922888149	6.73289803549	-0.438263607428	-2.37879929332	501
-7078.90545255	2.14928867908	798.187376833	7.82760322984	2.4566566506	2.40922025224	501
-6601.91688617	1.69475974732	-86.9815704742	6.52887190997	-0.330623571027	-2.38416677051	501
-6388.98158295	2.02809445432	547.840139667	7.49482349285	1.62686099715	1.12318854985	501
-5905.12084349	2.02835279737	-53.6583795224	6.30576832808	-0.195176636663	-2.33615725812	501
-5747.82779579	2.15950155983	340.48371706	7.19350361922	1.01718983067	0.0336001779691	501
-5267.86286929	2.06321955071	-38.6595750074	5.68735985813	-0.140396166153	-2.45198840268	501
-5143.55286723	2.05444682609	195.041755859	6.21539499402	0.604376543433	-0.850637836326	501
