-1004.96137452	1.96786637395	60.1043948908	0.951604702864	0.771828986094	-2.45297509949	501
-1922.40976099	2.36237653187	98.7120937939	2.12422754266	0.633804360231	-1.96841125556	501
-2804.87712283	2.37076932016	145.964938444	3.43840394052	0.62480162186	-1.34453578102	501
-3726.67876576	2.29880219508	263.934558206	5.12511798869	0.847327151191	-0.410331148879	501
-4724.64643068	2.42398387791	631.73983856	6.67033837704	1.62249406235	1.33843682304	501
-5233.65169179	2.55859374188	1036.04199054	7.96880666349	2.41896466513	2.7735855101	501
-5729.17263812	2.92100290789	1658.76730304	9.71010501249	3.55016936712	4.56930810233	501
-6174.07848347	3.28497161931	2671.72139291	11.0197265994	5.27828292071	7.07601606261	501
-6536.87863165	3.71180277395	4224.32348097	12.5975741228	7.74950535289	10.3658894658	501
-7746.92473768	1.60112296457	45.9373474883	6.56817465963	0.225401920463	-1.18962763241	501
-7376.58888887	2.00188951479	1334.43306064	7.67402629043	4.49139460062	5.36208338527	501
-6968.54891176	1.72082439918	54.0220378944	6.93723609172	0.225650414566	-1.28072645174	501
-6693.07349638	2.09062043615	958.960845825	7.90603385397	2.95148433556	3.22763472175	501
-6249.03116813	1.78940488159	49.8205999043	6.48256591141	0.189371892934	-1.45245630559	501
-6048.58700568	2.11647673879	654.228103485	7.55023027559	1.94278970768	1.68925903733	501
-5587.24309395	1.86855834339	49.7681092664	6.28112623639	0.181026193228	-1.60081074563	501
-5439.00287809	2.09521449298	432.416977454	6.77380145892	1.29183902207	0.570444425281	501
-4980.91322229	2.03635306564	35.4685625697	5.99197876553	0.128807680964	-1.87316787462	501
-4864.16719676	2.16368448325	291.103657454	6.35980385018	0.902043880285	-0.210617394762	501
