-1066.39679315	2.20272608649	59.3431416319	0.957158379055	0.762053372646	-2.55806880074	501
-2032.13741791	2.57915535157	92.5169079261	2.12240647088	0.594026703162	-2.18222807748	501
-2948.5569926	2.42409557151	125.61866737	3.80431468543	0.537709589343	-1.65663295623	501
-3899.9881155	2.25538771862	240.63794934	5.63477534845	0.772536455509	-0.611342345853	501
-4936.455509	2.31805588779	606.406265563	6.93233215367	1.55742998177	1.19854125362	501
-5475.62092158	2.64881584092	983.818953767	8.15915961185	2.29703362197	2.53525246146	501
-5995.77185573	2.93535564065	1623.96636999	9.90129603231	3.47568682444	4.43585277574	501
-6462.5349983	3.18024772746	2670.49722503	10.9272193186	5.27586444085	7.07201604609	501
-6845.26615985	3.62376979325	4257.84281486	13.1401482293	7.81099644338	10.4603274748	501
-8086.99627384	1.59251388056	-12.7054888484	6.22386943722	-0.0623423367572	-1.63154522619	501
-7706.30182192	2.14733364202	1312.51895002	8.43341847494	4.41763674718	5.24880608329	501
-7277.79605626	1.74610617051	-16.3436492646	6.86633242735	-0.0682675325816	-1.76684860721	501
-6999.13870593	2.16423407516	896.287178512	7.76382902744	2.75858767233	2.9085955388	501
-6528.32785116	1.83347690516	-7.30630340119	6.08860716523	-0.0277718154356	-1.84152713313	501
-6323.44074744	2.34365761511	611.059432329	7.97462061538	1.81459642224	1.45956659987	501
-5836.164018	1.86401108833	-5.4872383605	6.40172745104	-0.0199592447126	-1.99366781397	501
-5694.15621915	2.21353815482	367.44637658	6.84966552581	1.09774035834	0.191048620387	501
-5204.50790615	2.02193501824	-5.85585698111	5.75960841429	-0.0212661383249	-2.19584456836	501
-5088.53019653	2.29956733974	238.279388626	6.3416811171	0.738357141191	-0.562563497217	501
