-1051.69434215	2.16433601424	57.3086848121	0.961121115554	0.735927949582	-2.83893275073	501
-1991.56874019	2.7238240488	91.3703039792	2.13140860323	0.586664661156	-2.22180125852	501
-2892.79797072	2.59544132081	127.456510883	3.55006181175	0.545576462165	-1.62844175763	501
-3830.04510184	2.45148938303	243.059954405	5.26648157315	0.780311983905	-0.590444448651	501
-4847.82288799	2.44405704395	573.224607806	7.29959774754	1.4722097069	1.01530745131	501
-5371.08934974	2.46327759636	952.215398183	8.04513806093	2.22324521865	2.39102163509	501
-5890.16908755	2.91689642966	1537.79134358	9.78706635509	3.29125110617	4.10538702992	501
-6361.24554242	3.04197155697	2495.19478913	10.4418159754	4.92953497108	6.499208465	501
-6752.56839994	3.49777481831	3984.92483734	12.2082176685	7.31032945203	9.6914031729	501
-7946.90989956	1.50296782038	-153.973829456	6.23519794286	-0.755507201833	-2.69610773815	501
-7581.81463404	2.04249466127	1122.04673173	8.45358568333	3.77655109215	4.26422681553	501
-7144.24481439	1.65327599813	-91.2447577227	6.54861853809	-0.381129964911	-2.28430377265	501
-6874.32828222	2.1418652221	799.252467843	7.85254953993	2.45993478176	2.41464207898	501
-6410.89605061	1.7067744626	-58.8874348319	6.55642062262	-0.223835622726	-2.19282769958	501
-6208.40223258	2.20537365797	544.134852457	7.63140178162	1.61585781062	1.10347340857	501
-5735.29274666	1.85978246988	-31.3921966705	6.05231016142	-0.114185769644	-2.17784810445	501
-5580.27696475	2.08015598054	361.31709569	7.15870131021	1.07942922663	0.155256686415	501
-5113.82956117	2.01814794612	-0.696976682621	5.57665398503	-0.00253114148615	-2.15556208027	501
-4992.73219535	2.04830543975	232.878740688	6.46313502826	0.7216221353	-0.598545765117	501
