-1065.3251736	2.26850564289	54.2021007338	0.91061015058	0.696034832885	-3.26780765567	501
-2034.96088375	2.42977594599	86.1598547062	2.28774403683	0.55320973845	-2.40163148929	501
-2941.17576686	2.61422775838	126.026876994	3.63534689202	0.539456927009	-1.65037131399	501
-3887.30782387	2.32912854705	218.125675639	5.24698833925	0.700263764614	-0.80558602781	501
-4917.98040905	2.49089992443	543.352818868	7.3186514303	1.39549015048	0.850351212265	501
-5452.05442396	2.55602798993	895.579507184	8.06373406959	2.09101098456	2.13254940909	501
-5973.8693728	3.02815485052	1497.52168527	10.0704333387	3.20506414847	3.95096012433	501
-6457.85879678	3.22145942552	2427.66984512	11.1287798414	4.79613193002	6.2785680635	501
-6865.92337444	3.34004396111	3881.59374172	12.2387303567	7.12076895027	9.40027617832	501
-8051.09324174	1.47938258805	-221.578702641	6.02431055061	-1.08722570718	-3.20556097664	501
-7688.18848192	2.03843489103	1039.87357244	8.02677217402	3.49997514775	3.83946151517	501
-7241.11318449	1.61979559235	-151.639445893	6.71985770944	-0.633398982417	-2.70154116743	501
-6969.31036337	2.22673527728	746.242133988	7.97532184627	2.29677987228	2.14479392224	501
-6494.21909523	1.85989790633	-86.8140703304	6.57412521953	-0.329986890229	-2.38302598717	501
-6294.66508021	2.21728147903	492.944851797	8.0993478947	1.46384445949	0.831100974815	501
-5813.62258841	1.87339871509	-67.7591730221	6.22755580758	-0.246466770172	-2.43641174268	501
-5658.39897899	2.20052583468	326.116472682	7.03510771746	0.974267910642	-0.0502973413931	501
-5181.56974601	2.01523807201	-31.9593165811	5.38765384395	-0.11606349837	-2.39967025134	501
-5064.16385661	2.07338989351	205.285438918	6.18532730609	0.636118678506	-0.782388442487	501
