-958.807806392	1.89543927907	61.1827974526	1.02302625787	0.785677263868	-2.30409781675	501
-1834.78810251	2.35949402272	105.601985603	2.16849754505	0.67804254121	-1.7306177815	501
-2686.45414493	2.2615331251	158.740991263	3.45620789089	0.679489402417	-1.14856031303	501
-3577.25150435	2.27285200395	277.42770056	5.24309815251	0.8906451083	-0.293907650882	501
-4526.9870028	2.34204719645	655.480359654	6.83397933957	1.68346671622	1.46953533477	501
-5019.63249179	2.52230591353	1018.91503066	8.23190275196	2.37897641064	2.69542229295	501
-5491.93452393	2.86970425612	1626.99965572	9.35516738328	3.48217880076	4.44748488159	501
-5924.00608134	2.8696829303	2587.87755446	10.180370686	5.11264008772	6.80205303384	501
-6283.39128423	3.41829102798	4032.97380776	11.9154349015	7.39847510544	9.82677725624	501
-7447.10976232	1.57554145538	6.37499197467	6.28749817903	0.0312803309855	-1.48775954493	501
-7090.76667505	2.08251352192	1248.1358857	7.8542014387	4.2009381686	4.91600043378	501
-6693.12544808	1.60124796731	54.257363348	6.68344078779	0.226633370564	-1.27910070315	501
-6423.62540227	2.04127397847	932.871875146	7.82846314778	2.87118784731	3.09482928294	501
-6001.7628419	1.80950948371	64.012842342	6.57722693042	0.243317686854	-1.35579803794	501
-5803.43083599	2.03287074037	661.788708594	7.43428754118	1.96524161048	1.72948760516	501
-5361.50353194	1.85508951571	75.7021558613	6.29028228224	0.275358523695	-1.41642364189	501
-5219.12754076	2.16528942577	458.225380218	7.00958812771	1.36894122556	0.721152585708	501
-4774.6070391	1.89402117328	76.5562224702	5.73787781768	0.278021683578	-1.55233988976	501
-4667.12103064	2.04520490085	312.791313826	6.62281113408	0.969247493869	-0.0661215730337	501
