-1147.99496038	2.38977929405	54.9696152167	1.04911468631	0.705890849675	-3.16184957032	501
-2163.60324576	2.645585691	84.4045289662	2.23110503773	0.541939254107	-2.46221371864	501
-3128.45797775	2.53706640938	112.488121225	3.64556873414	0.481504403255	-1.85804609706	501
-4138.85282208	2.33826301276	223.622979219	5.42569598181	0.717912134018	-0.758153391621	501
-5247.15090897	2.60891988318	608.233751857	7.84176248429	1.56212350508	1.20863289113	501
-5818.14491062	2.69094330259	1033.35505551	8.51960482448	2.41269117337	2.76132300189	501
-6360.45524615	2.91390233156	1779.05340028	9.91171343584	3.80761115351	5.03058367705	501
-6840.29017758	3.4495132149	2950.05165694	11.59522522	5.82815532989	7.98547111077	501
-7212.13257186	3.58354481657	4793.23079914	11.9075445957	8.79316366348	11.968739767	501
-8561.67536908	1.63375186526	206.157599276	6.52497450844	1.01155859743	0.0177516924693	501
-8145.43581206	2.19752043049	1634.05828894	7.9783377186	5.49986416894	6.91089082052	501
-7715.12782163	1.83351315058	98.3547716274	6.69441118502	0.410828540672	-0.974453253115	501
-7410.55356877	2.33953192719	1090.87248233	8.51482496765	3.35748123368	3.89912854899	501
-6933.06519618	1.9476530891	6.38776438822	6.75233478736	0.0242803787216	-1.74826175414	501
-6710.15069023	2.25868261981	685.248277919	8.23277740722	2.03490692995	1.85431159246	501
-6200.70153662	1.95306952711	-12.9619213949	6.77579272146	-0.0471476076072	-2.04681166682	501
-6041.14581993	2.1869714426	401.130040578	7.80049418333	1.19836978278	0.3877443665	501
-5526.94690389	1.97921570295	-21.9427252596	5.99242214604	-0.0796872314508	-2.32145691876	501
-5403.25424136	2.23766556218	239.155117294	6.53222223559	0.741070764553	-0.556728881834	501
