-999.816762079	1.98561755819	60.9728685496	1.01769992897	0.782981467451	-2.33307924331	501
-1916.32012473	2.30972289072	97.7749881468	2.0852092493	0.62778745164	-2.00075394157	501
-2788.2675528	2.29244491967	146.336148862	3.76961946183	0.626390584756	-1.33884168	501
-3710.61130234	2.34968372762	270.540873377	5.37102736822	0.868535856303	-0.3533295772	501
-4708.23103559	2.37203548321	649.371759685	6.94024350432	1.66777803146	1.43580278267	501
-5208.71115262	2.57859300945	1065.64587415	8.25624558954	2.48808420762	2.90869032717	501
-5700.38516598	2.87963709818	1718.30647713	9.58557366742	3.67759782054	4.79763013936	501
-6141.38245811	3.21101648482	2744.84822664	10.6053469403	5.4227531183	7.31496085838	501
-6494.95109677	3.38518801416	4321.34104594	12.099976143	7.92748370669	10.639228599	501
-7719.16488209	1.52962465119	114.494043697	6.34059342335	0.561790759413	-0.673001696172	501
-7342.65113614	2.26870293685	1424.99159725	8.35547497777	4.79619379542	5.83019395001	501
-6941.78731636	1.66896358456	112.591269952	6.38304523966	0.470294489646	-0.876100241424	501
-6671.57194144	2.1251700809	1002.35352732	7.79291857127	3.08503808832	3.4485243911	501
-6229.12844407	1.78147073573	85.9577703343	6.86850773786	0.326732028756	-1.2063390125	501
-6025.89016185	2.22752265656	702.862343763	7.70190784945	2.0872134965	1.94803274738	501
-5569.97670452	1.80374471883	65.4161777687	6.11761644268	0.237944374651	-1.48955537252	501
-5420.92220317	2.14878395368	460.159493429	7.38268182328	1.37471935882	0.732446839242	501
-4957.23316707	1.96544037274	63.4910270935	5.82633998379	0.230574101949	-1.65435787557	501
-4845.88977671	2.04628411134	304.876241033	6.24554700508	0.944721031241	-0.118856406511	501
