-1117.67121675	2.31049553528	53.0362087405	0.948723971546	0.681063061907	-3.42876316345	501
-2108.50174466	2.66163470093	84.554201917	2.22792191384	0.54290026471	-2.45704799878	501
-3049.85807773	2.48199864201	124.472803478	3.94287810453	0.532804729132	-1.6742096848	501
-4041.31050128	2.33821972693	221.512130353	5.01925033426	0.711135531633	-0.776366525547	501
-5110.39258483	2.34930575554	591.284008856	7.11035220139	1.51859157042	1.11503401549	501
-5663.75652686	2.67348805357	1002.66168213	7.9884567721	2.3410278756	2.6212460224	501
-6199.59646588	2.95215201819	1675.25072487	9.83262951877	3.58544793762	4.63251906396	501
-6675.79812311	3.06079757501	2786.29172076	10.2013945878	5.50462935276	7.45037909997	501
-7064.59038323	3.63956721447	4463.36285486	12.2374086776	8.18802217478	11.0393635453	501
-8351.42020503	1.51992167222	60.1889012045	6.27839939493	0.295330371993	-1.08223152541	501
-7952.66150953	2.25053171954	1442.69931109	8.19180000863	4.8557938853	5.9217277605	501
-7522.43144924	1.64110372048	5.29273833772	6.40560489032	0.0221078035307	-1.61737337571	501
-7229.35742541	2.30595028092	969.714165602	8.48685944852	2.98458084311	3.28237430382	501
-6748.27993878	1.81343262021	-17.3795494415	6.55886937566	-0.0660609904817	-1.9101323952	501
-6538.78823371	2.21631204232	626.488478289	7.68662577218	1.86041437401	1.54166167205	501
-6038.07351886	1.86129927592	-17.9783863441	6.36441723637	-0.0653944642105	-2.08247796516	501
-5881.94943792	2.20480214489	383.224291392	7.16933796553	1.14487663445	0.283183749341	501
-5380.94944181	1.92001808712	-15.4323437247	5.51843230295	-0.0560441208496	-2.27062139798	501
-5259.85843535	2.1660515987	241.93019018	6.39379627483	0.749669892218	-0.538239726984	501
