-1138.39426923	2.14431673005	56.5539407211	0.934509142065	0.726235923441	-2.94312783836	501
-2161.36493846	2.78337717277	77.5413754629	2.18831418227	0.497872752748	-2.69908436332	501
-3120.99079102	2.63168682268	112.718258264	3.89557429431	0.482489502804	-1.85451596028	501
-4134.82901491	2.34823369554	217.915201454	5.26911458469	0.69958806495	-0.807402071863	501
-5238.82702768	2.50131845127	588.195500174	7.31397857748	1.51065937002	1.09797883417	501
-5803.40329369	2.6723860105	1029.8475834	8.46612043349	2.40450188067	2.74531576497	501
-6348.5222602	2.96717303115	1749.83387814	9.78994450999	3.74507420079	4.91853205865	501
-6826.09259082	3.31344170621	2925.1009407	11.2874517672	5.77886241343	7.90394366739	501
-7192.04177756	3.77085094656	4762.15732061	12.9169455477	8.73615948534	11.8811927574	501
-8542.3474884	1.63869780305	179.644147694	6.20244004677	0.881464388003	-0.182046977886	501
-8129.28526812	2.28054244548	1599.63037329	8.40082435297	5.38398772745	6.73292779636	501
-7697.90022165	1.77895843837	77.1608407026	6.97587813541	0.322301349069	-1.12087176759	501
-7390.2469871	2.31030355635	1086.88554495	8.15289742058	3.34521026008	3.87883311554	501
-6912.56656904	1.84369551315	12.4900041835	6.66140278771	0.0474754567294	-1.70670158984	501
-6696.81623767	2.26441667867	667.84069611	7.60161613623	1.98321353648	1.76168910052	501
-6181.88561128	1.84727963981	-16.766038335	6.29144319004	-0.0609846775382	-2.07385835629	501
-6028.47138408	2.22331790332	390.95704906	7.29387174465	1.1679781282	0.328339185489	501
-5508.8727692	2.03198557696	-16.6794198621	5.7415621809	-0.0605730042775	-2.28035904001	501
-5387.98887683	2.12268916493	234.604117449	6.36672865395	0.72696856606	-0.587050298358	501
