-1064.52418094	2.04909173281	60.2938598416	0.917883380905	0.774261995212	-2.42681879382	501
-2028.13430049	2.46464150743	88.8777089823	2.16975329066	0.57066036506	-2.30782914402	501
-2944.67789392	2.39724168292	129.408457177	3.57664138425	0.553931750933	-1.59850030435	501
-3911.76361439	2.42173549866	246.367712771	5.27675583238	0.79093110666	-0.561903965691	501
-4954.40224291	2.393508909	611.547569138	7.07643394794	1.57063436435	1.22693225836	501
-5491.58659744	2.68713343235	1023.47776554	8.4618761284	2.38962954493	2.71624548865	501
-6006.3247218	2.83008165295	1688.48273558	9.41070639694	3.61376768988	4.68326144803	501
-6470.37944951	3.31110236881	2770.4742897	10.8835882854	5.47338025755	7.39869502396	501
-6834.480098	3.72337092912	4430.46013052	13.0171916923	8.12766225218	10.9466627838	501
-8107.88246124	1.53193305596	84.6772857788	6.40055845388	0.415488134987	-0.897693248228	501
-7713.96680135	2.20293066596	1446.68788375	8.38782517457	4.86921850301	5.94234528669	501
-7294.96870459	1.66928002987	64.2741297419	6.53092759159	0.268473470966	-1.20989975782	501
-7010.35402964	2.24132701366	999.388237197	8.00366107355	3.07591153494	3.43342963475	501
-6551.07920307	1.78825689806	13.8510957897	6.15737761934	0.0526490695403	-1.6974316836	501
-6336.11078249	2.11724063788	667.47783169	7.44618307431	1.98213597766	1.75975836671	501
-5853.2443961	1.80786428362	20.7168520777	5.99697817156	0.075355341454	-1.80736073981	501
-5703.09364486	2.11264094236	420.263225038	7.01809362638	1.25552987499	0.499472591583	501
-5217.78238302	2.02632225331	13.3465130895	5.75834504124	0.0484692154253	-2.04590520191	501
-5098.36350398	2.14513044095	263.752213286	6.3607277435	0.817289868451	-0.392848675668	501
