-1176.05802206	2.48449457699	55.1495967197	1.0074317523	0.708202077351	-3.13700248811	501
-2227.27187298	2.72189746398	80.4130173948	2.14282089044	0.516310809398	-2.59997428581	501
-3200.93490578	2.64435804506	104.955158081	3.5917950439	0.449259621462	-1.97359633767	501
-4235.1810641	2.13489676308	206.684650086	5.28509652305	0.663533858327	-0.904303152447	501
-5360.56476022	2.48655797904	597.230672566	6.88696779232	1.53386435515	1.14787233268	501
-5944.19282733	2.62884724612	1021.82431049	8.28953406394	2.385769036	2.70869952794	501
-6492.88057625	3.0555165115	1783.92813786	10.0545569641	3.81804428902	5.04927741999	501
-6983.89735876	3.37236199067	2981.93580076	11.677349864	5.89114600407	8.08965380055	501
-7365.12109119	4.14589659642	4852.02598173	14.21703113	8.90102320222	12.1343904329	501
-8730.75447189	1.58241700041	219.653085248	6.58742187491	1.07777723264	0.119450264029	501
-8311.4525328	2.46480336441	1658.71637219	8.62263379082	5.58285760281	7.03835212573	501
-7873.43424592	1.80285567064	83.2573482186	6.82293297244	0.347766501848	-1.07875397561	501
-7569.34228238	2.21624851709	1083.00159629	8.41131129	3.3332562646	3.85906194435	501
-7073.50722822	1.84351862967	-0.723216134869	6.64694336414	-0.00274899958498	-1.79669208935	501
-6852.5669993	2.22829097503	670.503122478	7.7873592466	1.99111985312	1.77585537402	501
-6330.42202713	1.90090967026	-29.7879808087	6.31068778788	-0.108350605422	-2.1664423751	501
-6167.5273302	2.14951571591	384.781407035	7.32963844782	1.14952849331	0.292276525682	501
-5636.36442164	2.07527504666	-36.036961546	5.96685949077	-0.130871879473	-2.43151004509	501
-5515.33529532	2.2466451066	221.968683879	6.53349418324	0.687815105653	-0.671234929712	501
