-992.675230818	1.953551208	59.2449952695	0.92478823258	0.760793028746	-2.57161825275	501
-1894.32764909	2.4616714111	99.9207976297	2.06863651826	0.641565129271	-1.92669479728	501
-2763.89381942	2.39648880141	153.145114305	3.3739202631	0.655536300826	-1.23439704376	501
-3683.31023037	2.20551072969	274.81918764	5.29892303939	0.882270820989	-0.31641480235	501
-4666.53829425	2.34138409801	653.491715787	6.67377603572	1.67835929277	1.45855376237	501
-5170.64308011	2.6306369514	1058.38790449	7.91211518891	2.47113820321	2.87556674528	501
-5650.97787399	2.85220663005	1723.51877373	9.19879271278	3.68875341523	4.81761836048	501
-6088.54060513	3.04188193176	2741.50459676	10.2771775345	5.4161474054	7.30403541668	501
-6443.17306914	3.53172060949	4307.79530392	12.3576412314	7.90263409451	10.6010645678	501
-7661.29061628	1.56736702972	114.779597315	6.51883634011	0.563191892422	-0.670849836274	501
-7285.28120931	2.09265258755	1421.67603562	8.24360268173	4.78503437797	5.81305531811	501
-6891.71371399	1.61383176388	98.7607748294	6.08999444898	0.41252441877	-0.971648375345	501
-6614.89708163	2.31131187634	1014.54927864	8.10184254885	3.12257410362	3.51060664515	501
-6180.34527299	1.80473962104	83.8553389589	6.39501029622	0.318740527047	-1.22065791774	501
-5975.76711972	2.1024228893	701.412769127	7.39100612672	2.0829088531	1.94031983145	501
-5522.078089	1.85627367513	77.7025108642	6.17437366161	0.282634601823	-1.40220142384	501
-5377.47572537	2.04345146372	466.323314492	6.79750567021	1.39313367877	0.768440470542	501
-4919.99788386	2.04666907302	62.7486707645	5.78485014902	0.227878159676	-1.66015447449	501
-4805.80510048	2.1683024182	309.538781659	6.24497928524	0.959168861527	-0.0877918402179	501
