-1057.82588747	2.10665086773	56.7834779759	1.02984960759	0.729183519985	-2.91143940957	501
-2007.96362405	2.55889064243	92.4056310511	2.06125468635	0.59331222365	-2.18606861887	501
-2905.7172506	2.39728111501	133.774030838	3.37620634406	0.572618550191	-1.53153554197	501
-3843.36039876	2.38703281121	236.835073581	5.08965116574	0.760327823548	-0.644154872886	501
-4865.39125037	2.49647786441	564.273174217	6.94231527147	1.44921978769	0.965876370302	501
-5387.83415253	2.62048963952	944.100660617	8.3922903914	2.2042988211	2.35398797595	501
-5903.62961626	2.85754858158	1544.65363731	9.24339085731	3.30593809989	4.13170269361	501
-6375.30607733	3.16739454672	2524.13528412	11.1214552261	4.98671013943	6.59377266683	501
-6772.40129979	3.65598409926	3992.65366484	12.4098029998	7.32450795667	9.71317851853	501
-7967.86706162	1.5205892388	-144.162026137	6.0078181961	-0.707363383518	-2.62216846808	501
-7600.16220279	2.07846503081	1137.42334776	8.18058292364	3.82830524322	4.34371083419	501
-7161.80844856	1.69842935971	-83.7552437392	6.83271799295	-0.349846214776	-2.23256237954	501
-6892.60245138	2.08592950218	806.125119512	8.12739898545	2.48108739069	2.44962718943	501
-6425.29760645	1.74987844333	-43.6442072596	6.77270266658	-0.165894954301	-2.08901154952	501
-6222.76933974	2.12016158743	556.481981167	7.52338561567	1.65252372951	1.1691701746	501
-5745.97152622	1.92964947959	-29.9336461583	6.2465330874	-0.108880447607	-2.16747803345	501
-5597.03889928	2.17716729352	358.993590395	7.17029449937	1.07248779055	0.141688577921	501
-5126.13060564	1.96435221026	-10.7456770038	5.70845101706	-0.0390240154935	-2.23402613207	501
-5003.35792931	2.04611488384	237.502115832	6.07385816776	0.735948603377	-0.567742142115	501
