
0.336683950902
0.325395483362
0.301075679032
0.301213387337
0.304883956133
0.30179500299
0.279533996714
0.283731908246
0.288943259204
0.253352952777
0.272663067405
0.246084269753
0.237916099784
0.249921961282
0.231792242341
0.237462351456
0.199377872263
0.229831172516
0.198785153298
0.224686137928
0.218973092317
0.203186861248
0.204394043773
0.18552561372
0.186201932518
0.193016521261
0.16537640048
0.176223406183
0.17328463515
0.170169356464
0.171508924856
0.274908804197
0.291482578248
0.271766247052
0.263145427728
0.267361027645
0.221207947746
0.243173031102
0.218260514126
0.224486175137
0.24236194121
0.20462895012
0.202304695157
0.197475772952
0.191809015837
0.189807377316
0.20642874705
0.202877118541
0.169460223023
0.178808276057
0.150342378433
0.151314469013
0.159031546681
0.168321937449
0.155108118813
0.164677652413
0.140121293302
0.14256160895
0.169034820719
0.135076435781
0.112047865639
0.131218020986
0.212035142804
0.244840713952
0.188532258463
0.211519884133
0.208919489246
0.208292761498
0.206500599713
0.186233203193
0.176796035711
0.199825315786
0.170640432591
0.162505468062
0.178744508566
0.15037431902
0.158268864273
0.159527339815
0.139680770321
0.158936557941
0.115316302417
0.117258468959
0.123364951618
0.107931384446
0.139297902156
0.127262686979
0.100573062374
0.10449419542
0.0925361083381
0.0935129857686
0.102620028977
0.0969686745849
0.0980219302735
0.215614023637
0.205144815233
0.18742459994
0.166380495891
0.175943613041
0.154888755783
0.159899450684
0.150282771239
0.152632634552
0.144734425999
0.13665980752
0.150676965588
0.123618685897
0.116545274651
0.1210209259
0.127148237496
0.110272474654
0.0958570955195
0.100712098601
0.0957791577504
0.0991106017747
0.0906060077173
0.100930606767
0.0882701422798
0.0712193359925
0.0794062092917
0.0620144876932
0.0764311940471
0.0611451879092
0.04900310922
0.0603501972879
0.168228838721
0.15207295981
0.14422651418
0.135259922276
0.149049599889
0.150310016277
0.114672895575
0.118800439096
0.109505113958
0.115410499759
0.109214890871
0.0934621453655
0.0989316443962
0.0835777155735
0.0727093721983
0.083036206447
0.0836033291288
0.0652552350021
0.0785498465118
0.060641166239
0.0572873897181
0.0601382338061
0.0485010012
0.0538834906731
0.0523086392536
0.0525686418618
0.0422303130658
0.0365155261405
0.0428640030533
0.0416880156051
0.0360792254479
0.117347209079
0.108536579623
0.102801247276
0.100758233457
0.11610509539
0.090412434872
0.0916765987981
0.0886504229906
0.0922224948703
0.0859309638996
0.0718844461197
0.0816580229423
0.0672400566597
0.0664620162396
0.0747733286002
0.0633294629225
0.0470177246589
0.0551262869048
0.0645348477333
0.041028582127
0.0423539023958
0.0343462682958
0.0323856354508
0.0330251179694
0.0314139212562
0.0245712235434
0.0379463006971
0.0198302642998
0.0259507580005
0.0246654861959
0.0154286979004
0.0906695179869
0.102763745277
0.0890792798786
0.0874964584516
0.0707083770568
0.0695060839852
0.0665130959791
0.0619004463263
0.0569899679719
0.0519661195058
0.0504679163765
0.0562483212736
0.0627280405182
0.0553861974583
0.0384433209796
0.0407779563178
0.0354317581277
0.0419854236646
0.0254693771645
0.025166399072
0.0252934391412
0.0143706672875
0.0236826628172
0.0178950224884
0.0133544626057
0.0191106237087
0.0131964311379
0.0128400843781
0.0102126968645
0.0109893169055
0.00681123759421
0.088639694996
0.075126616838
0.0660284822932
0.0657500998283
0.0565252233002
0.0562672442434
0.0603318471048
0.0315878424364
0.0439740732472
0.0406826188335
0.0438231993356
0.0314167786104
0.038353119902
0.0223708923997
0.0208294768153
0.0206584582997
0.0218555435781
0.0155578137738
0.0105326199385
0.0184247830707
0.0125661080151
0.0078768353339
0.00859199212159
0.00425710695354
0.00499195558811
0.00462473581018
0.00578178655445
0.00212151329263
0.00155509908196
0.00236854063928
0.00101526411585
0.0548999223928
0.0443758975138
0.0464456604357
0.0431063016885
0.0375297770015
0.0352003966994
0.0357796381729
0.0264592899613
0.0266223161546
0.0235115944818
0.0294064756961
0.0155845606195
0.0157746550562
0.0156832096068
0.0154726745393
0.0142935520501
0.0121034877296
0.00824867185281
0.00404359853945
0.00180324303826
0.00215004254853
0.0029913265182
0.00439277807579
0.00150203673098
0.00141359937683
0.00018196365378
0.0014018436492
0.000175635530757
0.00033995193528
0.00024329410876
0.000813249207877
0.0431106496507
0.0417896998454
0.0348650036027
0.0288799798571
0.0336601931394
0.0162995206594
0.00942019543976
0.0198292739098
0.0168261590201
0.0130978391814
0.0112925450773
0.0125361213942
0.0117877084869
0.00436811188905
0.00590706143765
0.0055708505962
0.00204721260144
0.00117144632889
0.000422769230837
0.00064745154138
4.57073833837e-05
0.000237279791371
2.41220341726e-05
0.000553873050713
0.000835318133763
0.000608034819771
0.000764669927087
0.00209686481119
0.00068164265091
0.00245436294749
0.00611478802881
0.0268164343403
0.0193347100766
0.0199081152023
0.0195590266868
0.0194450604593
0.00757407223162
0.0125654645185
0.0153456060128
0.00524139891101
0.00366120822624
0.00628530448556
0.00239714376223
0.0036928809149
0.0024105306286
0.000193087397101
0.00040505553827
0.000175513992079
7.59057649198e-05
0.000337222128028
0.000807555506904
0.0013690055374
0.000945779345557
0.00237808790114
0.00139842130828
0.00373577406017
0.00713352184753
0.00638985853214
0.00767025906337
0.00900232011421
0.0116927388976
0.0150189276788
0.0120019872907
0.0127206223396
0.00941572454537
0.00823572084894
0.00693553935757
0.00206461011988
0.00449618425574
0.00218790482039
0.00217776976511
0.00172832098784
0.00190049184017
0.000870330060597
0.000146806447576
0.000607293694771
0.000426256698065
0.000583565638628
0.00124594639002
0.00331166894524
0.00414658056473
0.00127688538223
0.0047301923645
0.00485990651789
0.00670213336836
0.008294983248
0.0114362258374
0.0169755903996
0.0137233253201
0.0205685906279
0.0275607759035
0.0281054285185
0.0289252355388
0.00535584330955
0.00505463685901
0.00266610013518
0.00386634623902
0.00343673862331
0.00162721395964
0.000387925326169
0.000156762291995
0.000483260978483
0.000699265145911
0.00047445445568
0.00160206290784
0.000778706894069
0.00148705324488
0.00200804442345
0.00586184544702
0.00549958653801
0.00739614816345
0.00631827208237
0.00769926453639
0.0193402145376
0.0136620068023
0.0196981723423
0.0172185176887
0.0236355970161
0.0292525567994
0.0341301044243
0.0401650486615
0.0434944938265
0.03193603391
0.0537376855267
0.00166726565863
0.00152173564935
0.0011398953699
0.000280517845651
0.000339157264411
0.000334191887839
0.000520760456266
0.000754393513452
0.00123910020292
0.00419775473087
0.00394430573288
0.00847055450972
0.00779010314145
0.00745299891356
0.0119179727465
0.0133621920919
0.0164199998436
0.0140415129455
0.0210231669923
0.0197652609241
0.0319865187254
0.0255947754621
0.0345892206013
0.0341172964682
0.0422701798903
0.0322604315007
0.0461432785325
0.0483407705109
0.0600541006176
0.0559900394977
0.071599950893
0.000567316829679
0.000359162194022
0.000368008157535
0.000656548486493
0.00153744388217
0.00184546296574
0.00280424031113
0.0033196816797
0.00302535039477
0.00738511488407
0.0102667969028
0.00875433904586
0.0114093481237
0.015031069588
0.0206570329083
0.020147799362
0.0268412761133
0.0311908488825
0.0300063589911
0.0292923828829
0.0468126982039
0.0448529700563
0.0452946084142
0.0427231881574
0.0507371693775
0.0563407781814
0.0674109190303
0.0692779545423
0.0831929770667
0.0820024315285
0.0902799836328
0.0010050060509
0.00249309575106
0.00225364283383
0.00304288622574
0.00427013395551
0.00443937495065
0.00807963760909
0.0102600715376
0.0114307657717
0.0138291057836
0.0153982602595
0.0189250557462
0.0182158288216
0.0297812983173
0.034799716015
0.0362273737678
0.0443620670647
0.0380706607995
0.0466765592236
0.0603137387175
0.060104674642
0.0716281802469
0.0791182280192
0.0838965549174
0.0847125663549
0.0827242838085
0.100590755628
0.0880578561844
0.10117022411
0.107041901622
0.134352558142
0.00251216233825
0.00876016517053
0.0101082374405
0.00920801412527
0.0150502925764
0.0132505309472
0.0167916152038
0.0105671543005
0.0200784716136
0.027694638133
0.0287354256161
0.0360240004068
0.0465390383776
0.0474154299267
0.0484375160978
0.0506690190682
0.0624884881172
0.0604733081846
0.0640248954731
0.0709881470515
0.0849709633903
0.0775517453054
0.0975066683828
0.103219152485
0.104818842843
0.125761563338
0.137456180276
0.126654194656
0.143719560689
0.137819767596
0.149542475533
0.00759854815464
0.0191912467122
0.0146431699404
0.017259496755
0.023534833671
0.0197746944627
0.0198008542253
0.0255381404298
0.0384508907268
0.0429326325138
0.0421027298005
0.0624965970465
0.0627140825272
0.0550593417345
0.0627897634007
0.0738822500235
0.0685116060121
0.0733609332879
0.0967294917187
0.101040343853
0.106988441555
0.112792963051
0.109904272746
0.125468104107
0.142276314332
0.143240722636
0.15983952476
0.162104724976
0.172709270672
0.183798085728
0.178026751516
0.0191348699185
0.0196796918215
0.0165178117403
0.0276334055848
0.0383691655152
0.0392791407192
0.0382136637594
0.0437133365264
0.0613637277941
0.0550591005268
0.0475736984465
0.0745924751335
0.0707041628106
0.0850463309032
0.0899203180662
0.091796412605
0.0918354910924
0.109915229275
0.0973620254866
0.141495495274
0.133915843951
0.137901805695
0.143761892394
0.15351942231
0.186917633206
0.169303419985
0.184250670581
0.214238639387
0.21842439692
0.207434934146
0.239758408566
0.0298079758176
0.0337475013103
0.0306683198952
0.0370224383961
0.0518230023737
0.0566421487534
0.0593068695958
0.0532036535128
0.053940484158
0.075391273729
0.0891351886954
0.0827320170089
0.0872642023823
0.0982070084586
0.118674880058
0.109687313195
0.118837567819
0.11633353527
0.138727296132
0.165758994339
0.150563746355
0.160012549489
0.182675847444
0.165405243946
0.191383387546
0.21224530967
0.23121322043
0.234578319892
0.263391904705
0.255502611124
0.270476257445
0.0362824054651
0.0449446891187
0.0410095975848
0.0483851005544
0.0573703970132
0.0649584905009
0.065836804867
0.0699532827084
0.0791850702456
0.0869414536456
0.10786173914
0.118508951782
0.119248204898
0.121627773379
0.115572280372
0.151110498018
0.156457885107
0.172232966634
0.165407155885
0.187852071382
0.173322258376
0.192264430578
0.204809377686
0.230287272233
0.218741256103
0.21970407199
0.245890653264
0.284230947143
0.273668296022
0.308414758637
0.29283448971