-1013.32584822	1.95575561731	60.6761686174	0.935180388414	0.779171403174	-2.37403971695	501
-1938.91759579	2.31247459419	96.4697982508	2.1705250266	0.619407171016	-2.04580046019	501
-2824.90710541	2.4602435587	157.903633512	3.61167400194	0.675905100004	-1.16140477912	501
-3762.52846293	2.19867916077	279.773627907	4.83926648692	0.898176399197	-0.27366617854	501
-4778.3009635	2.51958327146	689.104552857	7.47398681247	1.76982355252	1.65521288033	501
-5289.71435385	2.59115940888	1128.4523101	7.92098315495	2.63472551242	3.19532339716	501
-5769.19971851	2.91922277292	1869.7689036	9.40148225126	4.00176460736	5.37846133615	501
-6201.58955603	3.1026224616	2991.15719781	10.5785181265	5.9093639001	8.11978507689	501
-6529.43677949	3.47563417822	4747.41710183	12.0765348012	8.70911861007	11.8396633846	501
-7821.23819229	1.56551971201	335.770811283	6.25203188987	1.64753495439	0.994484100901	501
-7423.92595153	2.09066333297	1706.96286114	8.14115048802	5.74524418208	7.28774541361	501
-7045.34149551	1.80114019072	234.231036028	6.9279199706	0.978384608285	-0.0357505246399	501
-6751.09845327	2.32860961263	1200.76664639	8.37545297443	3.69571287809	4.45854282642	501
-6322.0978646	1.86617249219	163.331515078	6.34909919062	0.620835522766	-0.679374217367	501
-6112.02389341	2.18203651638	802.30849172	7.52012945543	2.38252785504	2.47716712904	501
-5651.05256123	1.88588065041	114.168773095	6.22357266506	0.415276744155	-1.14293187821	501
-5498.53685144	2.25359697856	530.479678339	7.45072233773	1.58479982199	1.14308153855	501
-5028.34738141	2.0205957686	83.2959185237	5.40032336898	0.302497573103	-1.49971379452	501
-4914.60249326	1.95223673844	345.947190199	5.95768252818	1.07198771925	0.154782222168	501
