-1005.8731618	1.98896066543	58.8313213789	0.952457134456	0.755480846499	-2.6287273945	501
-1929.13831622	2.39020831645	96.1620641925	2.07381374666	0.617431291664	-2.05642140357	501
-2811.86692658	2.46411555601	147.017047195	3.45009009779	0.629305164021	-1.32839718893	501
-3737.39516574	2.32531594351	258.240358714	5.26496680064	0.829046673385	-0.459462671076	501
-4736.6619667	2.36433155851	639.070257861	7.17469374969	1.6413207392	1.37891643412	501
-5247.04230227	2.60516344119	1030.28327628	8.79013402587	2.40551914223	2.74730415974	501
-5740.68162339	2.90889614979	1677.15109953	9.67295226712	3.58951520607	4.63980665942	501
-6184.90778925	3.09738156378	2695.76328836	10.6603016767	5.32578036057	7.15457389845	501
-6551.46095699	3.2546181147	4238.37382169	11.3259834135	7.77528064949	10.4054751631	501
-7768.3458922	1.52266686295	53.189399902	5.97908804512	0.260985745624	-1.13497799824	501
-7391.22741529	2.21359564266	1366.31605234	8.23958324342	4.59870541375	5.52689131848	501
-6984.03933963	1.65998466793	66.2554874382	6.40856644458	0.276749615351	-1.19621152549	501
-6707.27013487	2.18876908351	980.72122436	7.67462600999	3.01845830709	3.33840553964	501
-6267.34353492	1.77238674144	52.9688280224	6.43773213479	0.201338547676	-1.43101485422	501
-6062.10294091	2.23708456813	671.36498096	7.97504136256	1.99367922008	1.78044116205	501
-5604.49553935	1.81231829649	39.9700446595	6.07833617662	0.145386777487	-1.67047348602	501
-5452.15361675	1.97627103929	442.282889284	6.63031097535	1.32131328084	0.628056414541	501
-4990.8814038	2.02484423382	36.4163239302	5.50750193104	0.132249572434	-1.86576739555	501
-4873.21244485	2.07906572895	293.686703543	6.03954077318	0.91004797387	-0.193407634483	501
