-1050.71664568	2.10386266654	58.7518487291	0.993757211593	0.754460300583	-2.63969887452	501
-2006.22277089	2.58885706703	98.2875538615	2.15185359282	0.631078501119	-1.9830635648	501
-2918.44324171	2.4478739864	144.66679222	3.55876994723	0.619244918489	-1.36444841109	501
-3881.56297636	2.21319488088	278.125000365	5.3413235424	0.892883697521	-0.287891107047	501
-4924.8718393	2.61870149452	678.642407507	7.67251109862	1.74295368035	1.59743943553	501
-5455.46204052	2.56560544059	1120.36304789	8.30658898315	2.61583859506	3.15840600126	501
-5962.04047889	2.70486072136	1859.22356654	9.03560014944	3.97919499646	5.33802186289	501
-6404.83091568	3.15129029428	3015.01763027	10.4912425935	5.9565028396	8.19774997526	501
-6732.31101898	3.73315801254	4831.77886805	12.7536028651	8.86387994921	12.0773458296	501
-8055.70007681	1.63432665858	345.924412847	6.73185298222	1.69735588261	1.07099907616	501
-7652.82295995	2.36595905775	1730.31273074	8.59059465055	5.82383446985	7.4084443676	501
-7257.76625886	1.79046652756	224.867418506	6.91573755414	0.939272715102	-0.10043918351	501
-6961.06931194	2.32524243522	1204.05502338	8.20586851586	3.7058338264	4.47528225065	501
-6517.85269722	1.85355638031	129.181376726	6.71973183763	0.491028247138	-0.9119585484	501
-6303.39043425	2.20885106511	790.110011301	7.4014550363	2.34630336073	2.4122612928	501
-5828.10709221	1.84470267832	78.3920792601	6.23371182543	0.285142833369	-1.39729869804	501
-5673.23266236	2.16753236837	509.410227138	6.98696657843	1.52185516289	1.0200464844	501
-5187.40187396	1.97044602532	57.2946417194	5.55607629223	0.20807130024	-1.70274159559	501
-5072.25926172	2.21959855519	312.13509873	6.80440579897	0.967214077946	-0.0704936609161	501
