-1028.10693053	2.16309807791	54.2863576607	1.00298432254	0.697116815968	-3.25617568929	501
-1963.57877907	2.53558315185	88.8169274235	2.23678250975	0.570270102677	-2.30992692124	501
-2849.11560261	2.29158954175	141.913942748	3.432015658	0.607461370786	-1.4066751435	501
-3781.93851709	2.18062807236	245.767620056	5.19779506131	0.789004588003	-0.567081773137	501
-4782.84739962	2.48466695605	608.013948041	7.51552177989	1.56155898411	1.2074191034	501
-5306.29946665	2.56521232559	975.168618269	8.3351624194	2.27683670321	2.49577446558	501
-5817.28692459	2.79171791758	1585.48209148	9.37816610807	3.39332101795	4.28827248095	501
-6270.47740411	3.27614340174	2592.08560443	11.1229383307	5.1209535587	6.81580300205	501
-6654.18279971	3.50011040901	4083.88891553	12.1223552435	7.49187867693	9.97022644949	501
-7852.40897529	1.55325682375	-60.9602013015	6.20707420493	-0.299114929278	-1.99518054379	501
-7484.01221315	2.07094367748	1233.83555838	7.89658028832	4.15280655764	4.84207991176	501
-7061.65374771	1.64846518835	-23.9338618143	6.35328213955	-0.0999719013032	-1.81928567752	501
-6783.29179778	2.11927767467	893.933248006	7.82462209129	2.75134275817	2.89661289765	501
-6331.58071787	1.81272215577	2.39733165657	6.66955789111	0.00911244012854	-1.77543915875	501
-6131.4269619	2.09313728906	602.96682922	7.19803703091	1.79056470311	1.41650737003	501
-5663.09797608	1.87787823089	14.3250948207	6.26179558732	0.052106005658	-1.85280515606	501
-5517.9480786	2.06818037784	377.281860763	7.01905323803	1.12712371499	0.24848292741	501
-5047.53290556	2.10562554361	22.0090253072	6.12080019671	0.0799280067955	-1.97826503098	501
-4932.19668835	2.0437638879	252.790573318	6.36200753214	0.783322997896	-0.465881517367	501
