-953.383163749	1.89577468664	61.1001227373	0.924288570109	0.784615598713	-2.31551135322	501
-1826.19963689	2.40854122399	106.549817575	2.17551270585	0.684128320711	-1.69790489373	501
-2669.17224113	2.28770697245	151.665780743	3.35080522478	0.649204026662	-1.25708895739	501
-3551.70773891	2.13999530922	290.537276171	4.64713349206	0.932731674874	-0.180793699386	501
-4505.33011243	2.37670760758	642.790972483	6.85425020206	1.65087663074	1.39946274595	501
-4986.01236151	2.38913619945	1046.67197295	7.92709618626	2.44378368991	2.8220981258	501
-5463.93482932	2.73837519313	1638.21285566	9.22786413116	3.50617780223	4.49048548903	501
-5889.34169929	3.00404337072	2597.87206495	10.3572903583	5.13238535539	6.83471048865	501
-6243.94763985	3.31350455094	4051.11759196	11.421626154	7.43175980854	9.87789589904	501
-7409.0492043	1.52720634497	11.1894669447	6.45471434909	0.0549036345414	-1.45147887833	501
-7050.79650559	2.24127470977	1258.51906465	8.17803032356	4.23588555957	4.9696726324	501
-6658.31737977	1.69858284966	52.6492101171	6.4840622269	0.219916103734	-1.29021064816	501
-6394.60972282	2.02157206206	926.879114269	7.51368994712	2.85274336135	3.06432324084	501
-5970.57400019	1.80720656455	74.3049946935	6.59692529166	0.282438941454	-1.28570188357	501
-5772.61633057	2.04236143915	665.389724884	7.37071464431	1.97593515506	1.74864794035	501
-5337.45411375	1.83796683272	70.3864407872	6.04399550285	0.256023176656	-1.45421756283	501
-5193.18284671	2.00512760477	444.822549847	6.82177837816	1.32890047743	0.642886761656	501
-4755.58043406	1.90660723875	63.639425548	5.73352883169	0.231113025982	-1.65319912432	501
-4643.64580527	2.10829928978	312.691856597	6.17464629619	0.96893930542	-0.0667842151258	501
