-1000.61321233	1.97781954019	58.528521652	0.962526633289	0.751592451871	-2.67052996633	501
-1907.91618299	2.44160067104	98.6945645785	2.18135430065	0.633691809755	-1.96901624808	501
-2782.90660631	2.31825333649	146.892627743	3.5708163317	0.628772587661	-1.33030569391	501
-3695.94904477	2.17937260528	267.67075619	5.15682030046	0.859321722934	-0.378093940744	501
-4684.79513603	2.47650836021	642.463144786	7.3148375419	1.65003467261	1.39765243509	501
-5192.30469499	2.45590867975	1027.98679314	7.59522760476	2.40015728274	2.73682357756	501
-5676.32788582	2.83618336343	1677.21762591	9.46352532553	3.58965758884	4.6400617761	501
-6122.973832	3.29610877248	2673.2563903	11.121087779	5.28131547887	7.08103172675	501
-6479.43630978	3.60901124794	4211.33636243	12.8435278582	7.72568053335	10.329299311	501
-7688.987169	1.51115958767	46.7017239173	6.17364508966	0.229152505216	-1.18386748482	501
-7320.78168641	2.03766221689	1332.5432085	8.03708175517	4.48503379324	5.3523144581	501
-6914.27508301	1.61036914783	57.8865103274	6.37561573175	0.241792341835	-1.25402869969	501
-6641.93443521	2.05352598978	951.578967797	7.84378892187	2.92876443259	3.19005740362	501
-6204.09062987	1.77708314871	58.6953492917	6.4699480207	0.223105490964	-1.39201357391	501
-6000.83811244	2.13295975022	662.500203207	7.48124676347	1.96735445829	1.73327333513	501
-5543.64557281	1.83077006456	58.3194131223	6.21099973618	0.212130649615	-1.54001228345	501
-5398.64984941	2.0891687315	433.237777938	6.78907400392	1.2942911508	0.57523748947	501
-4933.82723687	1.95055939862	54.6810561921	6.2295088521	0.198579799418	-1.72314945966	501
-4822.47593069	2.12622745819	298.789484447	6.31457376474	0.925859978181	-0.159409930576	501
