-1069.05206164	2.1766283203	55.0089197644	0.976890567366	0.706395577977	-3.15642343868	501
-2027.1870838	2.55300312264	93.750515757	2.12496134839	0.601947374196	-2.13965209808	501
-2952.74684633	2.49229300982	128.561577053	3.50677680244	0.550306688085	-1.6114908368	501
-3911.45331158	2.26760971933	255.799527768	5.25704063459	0.821210706975	-0.480523004491	501
-4962.44278685	2.53084922323	631.291467861	7.29487817132	1.62134251428	1.33596085669	501
-5499.8761526	2.63319976747	1048.84190128	8.39662750765	2.44885006753	2.83200114306	501
-6012.83336562	2.89002689626	1746.77647854	9.52980519995	3.73853061484	4.90680748039	501
-6478.02414004	3.33411937263	2833.1802864	10.6303227618	5.59726293194	7.60358932622	501
-6832.76778133	3.53720936036	4565.24996345	12.1088687016	8.37493368784	11.3264222234	501
-8120.14811052	1.60211982908	170.093859126	6.30370357221	0.834603750595	-0.254015538881	501
-7727.92749023	2.20303033669	1518.28158064	8.29416471799	5.11018641149	6.31242376999	501
-7313.5098756	1.78834934716	93.9307016536	6.87348242175	0.392349170723	-1.00501699119	501
-7022.14531956	2.14806838942	1058.12411505	7.37896973872	3.25668849177	3.73242357085	501
-6561.13627835	1.98605060968	57.2865013305	6.58290712169	0.217750352613	-1.40160873154	501
-6351.20043714	2.29226760762	693.742367834	7.60256583965	2.06013090057	1.89950705862	501
-5869.44601873	1.88694191302	32.6193903925	5.93706877702	0.118649556015	-1.72273551331	501
-5718.41284972	2.25720706237	427.051771198	7.26067277094	1.27581055149	0.539114304911	501
-5227.34170094	1.97112284773	14.4014656006	5.60859994084	0.0523003824259	-2.0376677338	501
-5109.28131292	2.08767022471	279.008395974	6.48236793357	0.864564252944	-0.291203084459	501
