-1013.60853252	1.97355557958	59.7698310649	1.01847653863	0.767532693635	-2.49916281738	501
-1929.80828713	2.28330701687	97.997886356	2.16935287784	0.629218622345	-1.99306097033	501
-2821.84185316	2.42382701129	143.598910467	3.58119789498	0.614673860132	-1.38082894969	501
-3754.8275324	2.36052771416	271.437471538	5.28092544933	0.871414266659	-0.345593418233	501
-4766.62551627	2.36465962715	655.980684383	7.34520229908	1.68475169756	1.47229819861	501
-5274.03548625	2.7003730904	1078.52760361	8.69959285299	2.51816064147	2.96747936058	501
-5766.26845455	2.98254533254	1771.99365551	9.86873219251	3.79250156607	5.00351082408	501
-6211.64915363	3.02131949149	2826.86933652	10.6432629665	5.58479494818	7.58296805011	501
-6548.11638305	3.63649016684	4500.0049257	12.8892895587	8.25524191432	11.1425996128	501
-7808.42608298	1.51621592207	188.578084508	5.98624536476	0.925300756998	-0.114723087938	501
-7421.96168171	2.2019828752	1529.91805232	8.44710032646	5.14935209738	6.37257442542	501
-7025.05956328	1.72265558467	148.677637667	6.58333125774	0.621027489596	-0.626797156851	501
-6742.42194983	2.28105843978	1084.89213553	8.40614323864	3.33907495569	3.86868570052	501
-6306.2335936	1.88902407245	104.901025174	6.6822232212	0.398736782499	-1.07732330518	501
-6098.08797176	2.02626094023	733.008026093	7.26011266911	2.17673383512	2.10843229333	501
-5635.63897653	1.92239162671	72.7764229308	6.23456180373	0.264716481982	-1.43722515543	501
-5485.17765796	2.11587979429	479.421186923	7.12544884789	1.43226336977	0.844925492792	501
-5020.56196661	1.89319306258	64.2646271407	5.68652684111	0.233383508952	-1.64831731388	501
-4904.91408952	2.20449320434	305.88358278	6.75651876416	0.947842484492	-0.112144908001	501
