-1133.68385058	2.28520342488	53.0750221614	0.984036883603	0.681561483417	-3.4234048336	501
-2151.53985114	2.81580090231	82.7506859593	2.24206481752	0.531320363669	-2.51929343558	501
-3098.31910384	2.48812536244	118.288448589	3.5030313389	0.50633265299	-1.76907324404	501
-4091.80778747	2.27532836317	226.678518272	5.58257988273	0.727721539875	-0.731789144103	501
-5192.31125262	2.51147363165	578.498287011	7.72941000527	1.48575406911	1.04442945298	501
-5756.28511264	2.74931638657	994.115746595	8.49434197309	2.32107471127	2.58224448218	501
-6296.27051314	2.83747098786	1677.1451377	9.20340664286	3.58950244629	4.63978379687	501
-6779.88776865	3.28203553333	2803.07796175	11.1467165157	5.53779243982	7.50522880043	501
-7165.37248772	3.65369765084	4544.82729024	13.1462490885	8.33746837154	11.2688829953	501
-8477.22295768	1.57611819245	63.4404442153	6.29660233579	0.311284798602	-1.05772871905	501
-8074.07565268	2.22747644172	1458.82803046	8.10277236221	4.91007944313	6.00509951334	501
-7631.39033676	1.81268065861	17.5790458116	6.92484450902	0.0734277922432	-1.53249327984	501
-7337.05284962	2.31703087728	981.210103231	8.46115948526	3.01996297574	3.34089416879	501
-6853.47931624	1.77911463583	-24.342391313	6.23342897708	-0.0925272824962	-1.95755381125	501
-6641.31776239	2.3512755886	614.770141739	7.94644303381	1.82561571048	1.47931059166	501
-6130.61514398	1.84323246221	-41.0530179113	6.18792729393	-0.149325977268	-2.24653506551	501
-5975.23205664	2.19586153336	373.339906057	6.92290988175	1.11534718637	0.225463884052	501
-5463.7992717	1.97818839383	-23.2672385713	5.99363125819	-0.0844973358282	-2.33179921953	501
-5337.05684152	2.15697213006	232.516378262	6.00869552124	0.720499281636	-0.600960035039	501
