-1091.4445046	2.24248886342	55.4052144434	0.956703432221	0.711484585542	-3.10171355847	501
-2075.74103746	2.7464512353	88.9558058546	2.30126950498	0.571161804512	-2.30513375677	501
-3002.45589494	2.61582869619	122.623386438	3.70744797876	0.524888315931	-1.70257841299	501
-3956.15713905	2.40141468799	218.441604553	5.35229636247	0.701278012799	-0.802860083895	501
-5009.60449155	2.37723043993	540.348692949	7.1503430253	1.38777466988	0.833762004495	501
-5553.10518587	2.73763901834	908.292686874	8.32059784299	2.12069388616	2.19056922295	501
-6081.06379681	2.81833983573	1526.64074451	9.51813892981	3.26738608594	4.06262648558	501
-6570.7231075	3.21752605964	2508.99414111	10.8594920258	4.95679712651	6.54429838853	501
-6976.90662035	3.58336899008	4024.42245636	12.6044564861	7.38278768384	9.80268451613	501
-8193.78395065	1.58129452322	-178.834197465	6.64414215768	-0.877490185158	-2.88344918848	501
-7821.16578951	2.10874918169	1119.27484496	8.06184009023	3.76722155916	4.24989851994	501
-7372.5932393	1.72046528787	-137.438371921	6.84524343262	-0.5740810012	-2.60343288529	501
-7093.95304508	2.16373946497	779.709975252	8.18816456599	2.39978700721	2.31516136984	501
-6612.83738928	1.79418224745	-100.472231722	7.08162941938	-0.381902601436	-2.47604682057	501
-6409.82540251	2.14386818356	505.90162112	7.73562316942	1.50232076148	0.900041524698	501
-5920.35511375	1.82383379049	-72.8817788693	6.38048362278	-0.26509970298	-2.47283268656	501
-5762.18301751	2.11278051686	327.773511441	6.88882971667	0.979218288268	-0.0406210640417	501
-5282.51545478	2.09813980446	-35.6100460517	5.429814035	-0.129321492573	-2.42817652748	501
-5153.15629614	2.13682229033	208.76562066	6.60277841207	0.646902729348	-0.759201441002	501
