-1104.4790712	2.33807001637	56.9209058737	0.947945765801	0.730948296673	-2.89246700287	501
-2085.65933391	2.58500317517	88.9744902571	2.2406317891	0.57128177214	-2.30448889483	501
-3003.32439068	2.5834697818	122.152298234	3.7107040214	0.522871827061	-1.70980456746	501
-3967.89186309	2.19512740927	207.3286141	5.07312975009	0.665601220013	-0.898746808263	501
-5018.43309359	2.41996311145	521.91225013	7.19498472352	1.340424452	0.731953362401	501
-5562.18503907	2.75159651825	875.555205568	8.98774106677	2.04425797793	2.04116343949	501
-6093.72070431	2.84893926295	1474.26762028	9.61277570883	3.15529473896	3.86178496245	501
-6579.96273862	3.31292831526	2449.29105461	11.1524093537	4.83884703537	6.34921621304	501
-6993.54239644	3.46677456814	3939.40880446	12.1617007894	7.2268304629	9.56316543597	501
-8202.09567367	1.5944302981	-246.150310021	6.4889825976	-1.20779182158	-3.39072639985	501
-7836.17904502	2.04859924751	1038.8086917	8.18172175421	3.49639100425	3.83395698802	501
-7374.63097733	1.67275090519	-166.897206442	6.4885222999	-0.697130750549	-2.80694958089	501
-7105.64410732	2.16495568275	711.770702126	7.73387923195	2.19068389182	1.96931771464	501
-6618.46877458	1.6060591189	-125.889646176	6.16310137976	-0.478516128729	-2.64915570453	501
-6414.4504577	2.04002657549	481.669282041	7.68256912659	1.43036063213	0.771105773862	501
-5925.59286892	1.76882576391	-84.6618490619	5.99159019292	-0.307948452798	-2.55658718345	501
-5771.73884162	2.1196585331	294.511790491	7.35280545395	0.879849412147	-0.23485287385	501
-5282.81667311	1.98148061688	-60.6673562741	5.66100327	-0.220319655089	-2.62383348055	501
-5160.86383075	2.23946867615	186.17115904	6.54638380896	0.5768891953	-0.909738928422	501
