-1002.36404648	2.03649026173	61.1506827553	0.899954551328	0.785264863837	-2.30853136415	501
-1919.13997612	2.41015744235	99.2503838815	2.14905566374	0.637260579134	-1.94983304366	501
-2803.06535691	2.25536066529	146.235138794	3.65178080764	0.62595821206	-1.34039110184	501
-3724.69649353	2.26084598804	272.132602642	5.42313256062	0.873645893551	-0.339595586701	501
-4722.16993532	2.32190255765	667.127079337	7.0514972458	1.71337892435	1.5338501664	501
-5228.85139109	2.53074736759	1092.39742293	8.65941423258	2.55054408071	3.03077779221	501
-5719.74583197	2.81979684967	1759.99080331	9.43469875297	3.76681251484	4.95748204206	501
-6157.28768884	3.13156693345	2834.88055919	10.706924392	5.60062201005	7.60914503422	501
-6503.59113706	3.44267792782	4454.97008181	11.9259017294	8.17262566456	11.0157175868	501
-7747.1908361	1.56101635606	192.607787187	6.33217696977	0.945073398923	-0.0843562669744	501
-7367.24422737	2.24073539428	1511.11397128	8.36241533035	5.0860618878	6.27537332956	501
-6968.51101465	1.72820800149	160.489704833	6.84374483716	0.670366573358	-0.545193355586	501
-6684.78123495	2.11962373683	1088.33784506	7.87310860643	3.34968014125	3.88622602329	501
-6251.17107621	1.85523444648	126.146350655	6.74167407157	0.479491881996	-0.932629021269	501
-6048.04001704	2.2424503187	743.516873205	7.61658502851	2.20794081003	2.16434790629	501
-5591.80764362	1.82511006816	73.7463921872	5.99291150617	0.268244641774	-1.43032882241	501
-5439.87039702	2.17036968502	487.208956294	7.11403910464	1.45552921013	0.890402169767	501
-4976.27470235	1.97613470532	75.2909732902	5.39863529614	0.273426802904	-1.56221943378	501
-4863.12407684	2.22852911747	323.85725648	6.17325778033	1.00353756751	0.00760619402127	501
