-992.43730245	1.96402318221	59.1171028576	0.946938397977	0.759150701746	-2.58927425194	501
-1896.54625134	2.18621993962	104.50184433	2.19207372791	0.670978823798	-1.76858737849	501
-2769.0028778	2.29809566257	145.77783608	3.71440079865	0.624000731856	-1.3474057968	501
-3683.60289046	2.23316864622	282.692401962	5.04609106714	0.907546739033	-0.24848198672	501
-4676.4157395	2.240000804	666.855748586	6.93272079704	1.71268206703	1.53235183966	501
-5175.74158723	2.61941419111	1089.45351643	8.39252287858	2.54367060853	3.01734252966	501
-5657.91396205	2.76367097728	1756.57843395	9.329977922	3.75950920646	4.94439621859	501
-6095.39503123	3.11614350982	2790.71654104	10.7582492727	5.51337107762	7.46483737369	501
-6428.91926176	3.53994823563	4429.7055781	12.0206929151	8.12627802864	10.9445368935	501
-7667.92940943	1.53484417867	176.933758642	6.18947193226	0.868165254926	-0.20247178478	501
-7289.40339798	2.16796602586	1494.61225035	8.41841154468	5.03052089257	6.19007347613	501
-6901.08006448	1.67909898584	137.457549957	6.59830210129	0.574161107987	-0.704311261272	501
-6620.08792084	2.24349491042	1069.91382457	8.1680520521	3.29297479389	3.79243887639	501
-6186.87697451	1.70193223144	120.102916641	6.40701955857	0.456520329241	-0.973788680498	501
-5987.18372331	2.05918434513	725.625087685	6.95797569529	2.15480952971	2.06914905683	501
-5530.60250797	1.90630806084	96.0499756027	6.25534379949	0.349371549357	-1.27175375646	501
-5382.79134708	2.09219911628	481.288799781	6.5969965134	1.43784283425	0.855831417532	501
-4925.73886376	1.86069181452	74.1329437911	5.5504736175	0.26922130137	-1.571261766	501
-4815.62504258	2.13192460499	309.009623202	6.31993339145	0.95752915644	-0.0913174026285	501
