-969.557704827	1.92551480964	57.5862169837	1.02508180855	0.739491871571	-2.80061845416	501
-1856.16957296	2.40210169125	102.513229709	2.09365979128	0.658210452982	-1.83722119632	501
-2712.20179566	2.3180410644	152.710349719	3.46172248366	0.653675294879	-1.24106602005	501
-3612.16314004	2.28306972973	276.668265116	5.17496319892	0.888207040788	-0.300460322499	501
-4572.39423466	2.38194872152	653.281040945	7.18230965518	1.6778182177	1.45739038612	501
-5070.37340328	2.47560916575	1035.8795445	8.57739950914	2.41858538394	2.77284414646	501
-5545.65880492	2.66864181172	1654.92419738	9.10162027783	3.54194417727	4.5545704825	501
-5973.77560711	3.2073121614	2657.5840448	10.8596775368	5.25035301632	7.02982172349	501
-6337.07393002	3.55572831484	4119.60250398	11.8023303017	7.55739511905	10.070846593	501
-7513.75584744	1.46438059687	54.5541069884	5.91313495581	0.267681987679	-1.12469391054	501
-7151.16713521	2.0818011001	1321.67387284	8.08462885101	4.44845011065	5.29612924301	501
-6755.81020491	1.67775584861	73.0186904024	6.61589062264	0.304999559487	-1.14948786037	501
-6486.66895518	2.12539185905	962.309987691	8.27189989204	2.96179230569	3.24468346854	501
-6056.75739387	1.78757707888	80.9656773337	6.52095605754	0.307756703228	-1.24033836556	501
-5856.8692288	2.16777978837	688.670030301	7.65805151195	2.04506813408	1.87251809786	501
-5417.13905459	1.840095447	65.1155618451	5.99325948722	0.236850916268	-1.49169270574	501
-5270.47716743	2.08344046397	461.036562358	6.88456458457	1.37733958866	0.737568482997	501
-4825.5469936	1.91156172442	75.6028897253	5.42696095195	0.274559559061	-1.55978387232	501
-4708.91577849	2.04057699101	313.501393453	6.11103150319	0.971447819992	-0.0613906082188	501
