-1170.32947782	2.30184074769	51.7790029751	0.998114342958	0.664918687557	-3.60232486	501
-2228.30474576	2.81004809127	79.9456665368	2.0862500326	0.513310072608	-2.61610414491	501
-3198.50522294	2.72117413566	106.772625752	3.60388253769	0.457039275674	-1.94571768983	501
-4223.58231101	2.31352331304	205.857441744	5.49159732406	0.66087821485	-0.91144059206	501
-5347.16744295	2.44826305372	585.79942337	7.3153861125	1.50450553873	1.08474735952	501
-5923.49152954	2.68407018136	1023.88722275	8.65542160612	2.39058555108	2.71811415027	501
-6480.69600454	3.00310085362	1756.51812098	9.57339353153	3.7593801219	4.94416492919	501
-6969.62267957	3.23327834567	2948.43793687	10.907307823	5.82496724631	7.98019821719	501
-7351.02361659	3.76612548091	4795.16625733	13.1703193287	8.79671425415	11.9741927637	501
-8712.54282134	1.5603539445	182.609849134	5.90565488297	0.896016268699	-0.159698201357	501
-8289.83693039	2.26045124824	1629.6389511	8.39598218688	5.48498969477	6.88804660496	501
-7856.54670164	1.6390182997	60.045351451	6.52998886694	0.250809835686	-1.23911432107	501
-7549.91519512	2.28325122249	1062.09122222	8.05496056223	3.26889843205	3.75261805896	501
-7052.91881575	1.87131936862	0.776741324785	6.89197576096	0.00295245290657	-1.78647641764	501
-6834.16260746	2.21972398468	659.638111031	7.93801232428	1.95885521591	1.71804467715	501
-6312.10939148	1.84825751657	-34.2427978363	6.40461298515	-0.124554527571	-2.19811544264	501
-6150.33667422	2.18528286069	375.602378997	7.03601482629	1.12210628923	0.238675594131	501
-5627.50612886	2.16750269719	-44.5233259144	5.82899444731	-0.16169097207	-2.497774787	501
-5498.7664851	2.13345345812	218.698624974	6.32562276814	0.677682163152	-0.693021970245	501
