-1130.96517743	2.23616114059	55.5140168724	0.970748217293	0.712881769036	-3.08669299885	501
-2150.68968887	2.82881529641	82.7477604367	2.12353936343	0.531301579659	-2.51939440526	501
-3105.87696916	2.49645746153	118.192067613	3.78462867187	0.505920095078	-1.77055165895	501
-4108.16922596	2.32933772332	229.808716646	5.31640093164	0.737770629653	-0.704780710148	501
-5210.58404709	2.50956725563	616.310133167	7.85038480331	1.58286603218	1.25323180982	501
-5768.79950755	2.77713229402	1074.69422702	8.6252863754	2.50921042267	2.94998477613	501
-6305.26626304	2.99326712728	1807.80194823	9.91462928575	3.86914010582	5.14082919404	501
-6780.58374212	3.33919397253	2991.1144157	11.0397517621	5.90927937928	8.11964528466	501
-7135.20827172	3.9010962569	4869.12340846	13.5421272464	8.9323883665	12.1825610482	501
-8495.61175479	1.64834204935	257.634395485	6.62476501433	1.26414106811	0.40566781893	501
-8079.32643676	2.37738937818	1684.28707453	8.85553180965	5.66892270254	7.17053089499	501
-7660.68714762	1.71422880699	126.526128209	6.73323046622	0.528500486037	-0.779831113591	501
-7356.89143046	2.25961674923	1115.09980552	8.10475669251	3.43204795367	4.02245730452	501
-6878.58739714	1.84517029109	46.1190430266	6.61609117914	0.175301993453	-1.47766628047	501
-6660.64433209	2.2809760204	710.379284034	7.98939495841	2.1095357326	1.98802898277	501
-6151.09041694	1.88256665735	3.81472098375	6.39735915138	0.0138756410097	-1.9275323061	501
-5994.06112982	2.11845543447	428.97434495	7.09828063359	1.28155421079	0.550341173777	501
-5478.43089246	1.932617936	-1.24035052911	5.87575524785	-0.00450445869979	-2.15980494873	501
-5360.75844828	2.24306911244	240.679426319	6.47911577264	0.745794146045	-0.546573045658	501
