-1124.54490052	2.07963168255	54.2753652451	0.99232006682	0.696975657156	-3.2576932311	501
-2124.90467243	2.54164078581	86.8727046563	2.12328740192	0.557786760264	-2.37702862602	501
-3074.95576364	2.54246961676	117.935392075	3.62585985617	0.504821397721	-1.77448887722	501
-4085.22828595	2.32156261765	235.154329445	5.47287408976	0.754932015773	-0.658656914479	501
-5180.0181155	2.44913395319	639.665874489	7.21958825227	1.64285045821	1.38220551329	501
-5738.36092372	2.72938072972	1084.95361371	8.50315990187	2.5331641756	2.99680608443	501
-6269.74354367	3.07469417101	1835.3683429	9.47743496221	3.92813895982	5.2465413656	501
-6733.8889144	3.39455046714	3059.80953864	10.8971836338	6.04499423903	8.34410929168	501
-7081.94087518	3.77441661018	4950.73450706	13.3210521367	9.08210361637	12.41249371	501
-8447.84286514	1.58808898811	330.928127236	6.33066014589	1.62377323665	0.957990857817	501
-8025.5892542	2.29952044323	1778.63910996	8.44486375639	5.98648994138	7.65825062018	501
-7617.93154886	1.7766834048	186.829293622	6.8578493322	0.780387212371	-0.363226004829	501
-7309.04950923	2.25037299141	1186.01275964	8.19006073984	3.65030344782	4.38343842966	501
-6840.3567606	1.90932873387	90.1368405005	6.66598674858	0.342616992599	-1.17787686606	501
-6624.1966599	2.26173763193	747.811533945	7.5931560658	2.22069419473	2.18719899405	501
-6118.16580225	1.99108750015	33.9967977786	6.27083686937	0.12365972858	-1.71294235752	501
-5957.9834599	2.27781237329	465.026412629	7.28293347397	1.38925920454	0.760867212492	501
-5448.11442874	1.99935680492	8.12304162123	6.00887906758	0.0294996492047	-2.08669204227	501
-5326.99379013	2.2182279826	285.346842631	6.74345383347	0.884205218872	-0.248972654278	501
