-1055.09763996	2.09383548778	55.4824549433	0.921044704076	0.712476467364	-3.09105023464	501
-2013.17915631	2.40835973994	92.5286507121	2.24359543585	0.594102100499	-2.18182279421	501
-2925.59358899	2.41946288966	134.198239564	3.31185295461	0.574434371875	-1.52502848499	501
-3879.81963528	2.24863360378	236.812788364	4.95848609276	0.76025627979	-0.644347157451	501
-4913.29885803	2.29187158018	616.26853416	6.89965137331	1.58275919367	1.25300209423	501
-5446.26452317	2.58199314051	1008.14623536	8.75171988672	2.35383328367	2.64627616949	501
-5956.4507005	2.97971375209	1678.40535092	9.53672388262	3.59219961204	4.64461648817	501
-6421.18781815	3.21141688605	2728.35194406	10.8951641138	5.39016287636	7.2610586084	501
-6795.10359244	3.44463060412	4337.36639319	11.9039687461	7.95688214525	10.6843787172	501
-8044.8123663	1.50422836696	49.2458607717	6.09641406805	0.24163588452	-1.16469551247	501
-7664.90094012	2.08456753853	1367.7118261	7.73477880654	4.60340326703	5.53410628095	501
-7243.42911875	1.75017487444	15.9018330603	6.5632176761	0.0664220633332	-1.54408032334	501
-6958.20472769	2.13122311011	957.778985912	7.81768043504	2.94784681372	3.22161848499	501
-6493.12486194	1.76161086585	25.5868527837	6.5824819522	0.0972575752837	-1.61750365633	501
-6291.26790885	2.1980986421	632.362696208	7.59539378253	1.87785839705	1.57291728858	501
-5811.26228058	1.96860668452	8.03924945062	6.24192419583	0.0292419130625	-1.89749655499	501
-5657.43412342	2.11021540782	412.339260185	7.32506338787	1.23185715273	0.453200601133	501
-5180.86809554	2.02741358172	4.88492653517	5.95667762191	0.0177401059724	-2.11197646928	501
-5058.55977175	1.97386586766	263.64600938	6.15550225075	0.816960774053	-0.393556268057	501
