-1096.70675666	2.28889750628	56.861583713	0.999362905896	0.730186512727	-2.90065663668	501
-2081.3738857	2.53357229406	90.4674484763	2.31501338717	0.580867663723	-2.25296185618	501
-3023.64349499	2.4374406746	128.324273667	3.52078773716	0.549290913052	-1.61513090018	501
-4001.83614235	2.34730613967	263.683546984	5.18378290593	0.846521312709	-0.4124969605	501
-5080.57174664	2.59101353189	653.985158041	6.96108479345	1.67962659788	1.46127862021	501
-5624.89493377	2.70005926386	1112.07767059	8.84908946492	2.59649378557	3.12059358448	501
-6148.75613543	2.9962955188	1856.38826546	9.58236496492	3.9731267559	5.32714899259	501
-6599.62121695	3.43435843753	3067.43833622	11.1744804591	6.06006577758	8.36903668682	501
-6939.52226681	3.42158431868	4932.70365714	12.3928121032	9.0490260908	12.3616932504	501
-8293.19093046	1.68612773986	356.030875459	6.76042538078	1.74694551298	1.14715882419	501
-7871.78980595	2.18504826174	1792.35185537	8.20424645622	6.03264388683	7.72913384375	501
-7475.71244757	1.76275963558	213.233932952	6.68692429607	0.890679567925	-0.180809251671	501
-7171.81911607	2.34537015369	1206.76021054	8.1305600179	3.71415983633	4.48905295752	501
-6714.86769357	1.84434301231	113.675310306	6.36922357337	0.432088508246	-1.01756479948	501
-6496.79511802	2.37990217011	777.370620514	7.91119185322	2.30847258402	2.34447737352	501
-6004.95438225	1.92213523361	56.2321536508	6.31937173295	0.204538465745	-1.55485237897	501
-5847.22599333	2.20166419359	480.527095155	7.08316257927	1.43556725348	0.851383443592	501
-5349.08552768	2.02587185247	24.9504699631	5.7712097868	0.0906101612826	-1.95529711887	501
-5228.36238704	2.07177136337	288.628927912	6.69169592039	0.894375427549	-0.227105487	501
