-1065.77067803	2.18277856539	59.093173915	0.950424940262	0.758843418867	-2.59257772698	501
-2021.68842779	2.58365703012	92.8454618435	2.16895738576	0.596136261347	-2.17088857032	501
-2927.42921078	2.45930860071	135.626526282	3.54562293342	0.580548140479	-1.50311959326	501
-3881.74262294	2.17332838576	232.708936581	4.98476307762	0.747081403928	-0.679756609694	501
-4916.09107377	2.44478781674	587.485572891	7.35757468232	1.50883606756	1.09405851541	501
-5451.3260163	2.54921925238	963.041341207	8.32579419021	2.24852177489	2.44042856667	501
-5964.57662812	2.78999213162	1607.81460419	9.33574813569	3.44111807927	4.37391365538	501
-6435.89670375	3.09951427194	2619.19721056	10.2821021603	5.17451555359	6.90439123786	501
-6814.33278496	3.51569487246	4211.19027326	12.5086482649	7.72541253333	10.3288877166	501
-8047.85291267	1.51997847213	-41.2862682381	6.50175881489	-0.202580354732	-1.84692275643	501
-7675.09856103	2.14703752688	1256.44634608	8.33014842566	4.22890926582	4.95895844134	501
-7239.75184406	1.72256095992	-31.577817639	6.29860793589	-0.131900756044	-1.87209403387	501
-6962.98800163	2.12521034878	884.635310068	8.01662997068	2.72272561671	2.84928191081	501
-6498.39538416	1.81317790094	-26.897031666	6.4181667313	-0.102237664956	-1.97495254947	501
-6290.7712925	2.23474790524	580.701609476	7.60987035453	1.72444611309	1.29803829381	501
-5813.13203805	1.89848890122	-21.3648648976	6.41463121477	-0.0777124190218	-2.10655530959	501
-5653.08254426	2.12065649513	394.7340295	7.13654229307	1.17926179876	0.350394861669	501
-5178.30033591	1.96702297623	-11.3242175317	5.78806267207	-0.041125044076	-2.23854359527	501
-5058.07310483	2.12113410734	246.331512999	6.46411147629	0.76330828601	-0.50891554614	501
