-1084.24294538	2.17117432544	57.4394922723	0.993243075512	0.737607710098	-2.82087431882	501
-2059.88116505	2.51235127025	90.0229199052	2.13612469099	0.578013462826	-2.26830404096	501
-2985.4374291	2.41525465402	129.691633055	3.51647640655	0.555143882761	-1.5941565899	501
-3960.40209308	2.20826349379	241.185890719	4.91022829924	0.774295549168	-0.606614518161	501
-5022.89209298	2.39219564737	610.033208211	7.37074794878	1.56674503925	1.21856974336	501
-5560.91557333	2.79286905067	1040.07242741	8.12828768635	2.42837498292	2.79197942905	501
-6083.93478302	2.8822182174	1728.6442681	9.16146933701	3.69972323184	4.83727371065	501
-6547.81285854	3.40937117672	2832.79978617	11.0617109581	5.5965112114	7.6023460268	501
-6916.6308887	3.58711040662	4545.65782156	12.5540685221	8.33899197809	11.2712229501	501
-8206.17978213	1.62991300316	132.653581813	6.3254038817	0.650894614773	-0.536156006399	501
-7805.98124268	2.38166538658	1516.66454993	8.68407167847	5.10474385823	6.30406509739	501
-7386.78251103	1.73742483217	80.4323818489	6.90953718756	0.335966598377	-1.09827028812	501
-7097.5281126	2.16765766282	1039.44018262	8.08338592497	3.19918318889	3.63731334687	501
-6632.54182967	1.79907103657	36.1162173791	6.72824648905	0.137280491681	-1.54579193454	501
-6420.8216236	2.18403699723	674.838972735	7.3656180791	2.00399555383	1.79892562351	501
-5927.21351359	1.8949755788	20.5581461741	6.38237227272	0.0747780656442	-1.8084891145	501
-5779.70165059	2.14087603021	411.332277507	7.48026454384	1.22884880758	0.447320326079	501
-5283.25703107	1.94456416187	16.9180389678	5.57923792894	0.0614395737527	-2.01801737736	501
-5165.52850473	2.09831921155	264.742150708	6.2498144707	0.820357390864	-0.386253134921	501
