-1081.83259317	2.27783668396	58.5865678725	1.00992859575	0.752337850866	-2.66251648056	501
-2054.29933225	2.81124032966	86.5681150526	2.04252046366	0.555831070627	-2.38754104363	501
-2963.3215964	2.59668642754	122.36001807	3.7100040281	0.52376096997	-1.70661829448	501
-3920.45220224	2.34607319958	225.159172462	5.13845776687	0.722843880177	-0.74489858513	501
-4965.62762457	2.36415265688	551.215598223	6.79201795065	1.41568408481	0.893770590778	501
-5498.00654255	2.57849440149	924.008582932	8.50605619358	2.15738756999	2.26229269311	501
-6021.81329669	2.74659185729	1554.64830568	9.34753917687	3.32732914458	4.1700304514	501
-6500.2334931	3.29679398346	2534.5096304	11.4149717232	5.00720581495	6.62767124996	501
-6906.09798089	3.66286122565	4041.75999515	12.3336103897	7.41459333278	9.85153162774	501
-8122.23021447	1.46737136762	-165.469079313	5.98038264243	-0.81191122896	-2.78273303586	501
-7746.38351626	2.16159871787	1147.83078143	7.9958896509	3.86333426998	4.39750840904	501
-7303.59223362	1.70867099686	-105.397052917	6.36927357241	-0.440244196847	-2.38207506606	501
-7023.25979693	2.16440093357	807.060216664	7.5942262613	2.48396542748	2.45438728476	501
-6554.66210103	1.85336627152	-84.0146519781	6.47319242964	-0.319346087961	-2.36396015387	501
-6349.09333914	2.13667925422	529.575086948	7.53020281676	1.57262126602	1.02600361534	501
-5861.05673708	1.86467409712	-46.9171100929	6.28461552142	-0.17065598759	-2.28822786379	501
-5709.3588633	2.08230374776	338.493290526	6.55804381304	1.01124346224	0.0219770828049	501
-5229.75888841	2.09302875357	-25.6534006343	5.62147409137	-0.0931629252821	-2.35043127519	501
-5105.36032031	2.21497274534	213.848707919	6.36140672725	0.662653708895	-0.725334947649	501
