-981.395913895	1.92128431253	61.1691146991	0.925911590189	0.785501557153	-2.3059867692	501
-1881.77794368	2.24189560908	97.4320288076	2.06924751209	0.625585400035	-2.01259062856	501
-2752.28174859	2.47857597716	152.980351075	3.50743681322	0.654831033285	-1.23692439329	501
-3664.51693729	2.0365813517	281.350519839	5.41252148416	0.90323880314	-0.260060209685	501
-4648.89180092	2.42877305087	667.073820803	7.17871389359	1.71324214074	1.53355606525	501
-5153.92367243	2.6621517155	1074.53363585	8.49817556825	2.50883547226	2.94925187767	501
-5634.59890171	2.8036565357	1733.13902127	9.07592765948	3.70934310738	4.85451028162	501
-6067.10249042	3.35316199348	2769.60602428	11.3654858514	5.47166490258	7.39585793266	501
-6411.99598971	3.51225588462	4350.18700343	12.5039038911	7.98040150597	10.7204997484	501
-7632.63204767	1.54870893978	149.554472217	6.76281390099	0.733822632232	-0.408795167692	501
-7262.60457137	2.12158272271	1438.00472334	7.71130195552	4.83999298324	5.89746073713	501
-6867.74320411	1.65533019388	126.619473143	6.50413377287	0.528890388452	-0.779186239045	501
-6588.34873719	2.17584063208	1050.37248422	8.4994055823	3.23283056568	3.69296403269	501
-6158.7517123	1.80293406646	105.174910243	6.39732791094	0.399777840493	-1.07545797232	501
-5956.29407484	2.3267183655	731.346822773	7.93113791086	2.17180074115	2.0995933407	501
-5506.24603649	1.93332913766	91.8007652146	6.48976606787	0.333915499446	-1.30196499225	501
-5361.85806341	2.08958239349	469.228679406	6.66524388607	1.40181341144	0.785406348112	501
-4903.79117892	2.01526181418	70.0022058849	5.84586619363	0.254220107868	-1.60351612951	501
-4791.53293174	2.14611794673	324.989662368	6.12776737904	1.00704655743	0.0151509428199	501
