-1019.94996974	1.89439727246	57.1240964526	0.964177191451	0.73355756308	-2.86441582575	501
-1947.11927757	2.46423301465	94.8033061418	2.14106926225	0.608707064024	-2.10331674042	501
-2839.09740526	2.29066313787	142.578304652	3.37822676435	0.610305166014	-1.39648430937	501
-3775.63710214	2.23459590464	273.292131218	5.23195377525	0.877368407389	-0.329590773195	501
-4792.11872672	2.36469131975	656.861236938	6.92290866902	1.687013216	1.47716073423	501
-5303.1868965	2.65120948	1081.91352738	8.37730232567	2.52606614147	2.98293188086	501
-5796.51417155	2.8446393292	1771.98713291	9.27432442235	3.7924876061	5.00348581108	501
-6245.57025871	3.19816000449	2825.10249667	10.1653181647	5.58130435943	7.57719483162	501
-6590.83373509	3.73455852288	4486.17751411	12.4366235495	8.22987558038	11.1036420003	501
-7849.80593717	1.59429892941	187.291330014	6.38249678376	0.918987006859	-0.124419744602	501
-7463.81196807	2.17145796454	1522.59768841	8.3448611912	5.12471343703	6.33473437398	501
-7064.82623992	1.67110047816	139.89115988	6.76075431496	0.584326312954	-0.687498639257	501
-6781.61441552	2.25118009861	1070.83520678	8.20072920698	3.29581061891	3.79712915606	501
-6343.26876003	1.73274091725	81.0203235192	6.74937827733	0.307964417539	-1.23996619002	501
-6137.44835396	2.23062680613	709.249975756	7.45790234256	2.10618214921	1.98202014432	501
-5664.25532312	1.85593696105	81.40174651	6.69618446132	0.296090177224	-1.37590042433	501
-5519.50839705	2.08020386472	470.122645844	7.01380516521	1.40448412233	0.790626664871	501
-5044.33269624	1.95464517093	55.4143288055	5.64989288863	0.201242753257	-1.71742378982	501
-4930.7454742	2.22599189519	316.280465863	6.64520349354	0.980059340994	-0.0428748062093	501
