-973.150504925	1.86628460808	61.28003106	1.00758580185	0.786925886647	-2.29067437381	501
-1872.35302153	2.38712312581	105.775653213	2.09815005032	0.679157615201	-1.72462392479	501
-2739.08676801	2.44561247813	153.750880285	3.61422310679	0.658129276722	-1.225105029	501
-3641.29404532	2.23693636604	280.843418091	4.95462663118	0.901610819739	-0.264435658917	501
-4617.23353205	2.39547768776	664.282965319	7.01048509426	1.70607440147	1.51814456696	501
-5109.88810075	2.46023063929	1069.42648395	8.0759640947	2.49691122583	2.92594409706	501
-5601.81483423	2.57024827536	1688.76517741	9.28333728184	3.61437218476	4.68434456171	501
-6029.02536586	3.26813503945	2703.58774005	10.9009683746	5.34123843557	7.18014060104	501
-6369.99611531	3.45766005188	4278.92707261	11.7550985558	7.84967543401	10.5197306637	501
-7582.86264592	1.46029310028	102.692695602	6.03348791666	0.503884792483	-0.761933672846	501
-7213.63000476	2.18750697498	1388.33176421	8.16530411054	4.6728052336	5.64069381241	501
-6817.81245282	1.65206378005	100.637499225	6.57053812713	0.420363509155	-0.958683003369	501
-6542.4173524	2.15795346819	1017.35217821	7.79056740178	3.13120085227	3.52487475531	501
-6116.26195756	1.87296299029	97.7961494689	6.9001932686	0.371730609069	-1.12571206267	501
-5916.37209958	2.27596558464	700.6547014	7.56197361963	2.08065770221	1.93628629464	501
-5464.80011267	1.80519085922	90.3090273768	6.31459652413	0.328489462049	-1.31257102006	501
-5318.73723939	1.97893553161	473.367799237	7.23468122319	1.41417896783	0.809576737164	501
-4867.96472299	2.00526839877	75.5917291089	5.63464037997	0.274519028151	-1.55987101863	501
-4757.42330193	2.06665050267	316.329095943	6.38744627218	0.980210031187	-0.0425508042366	501
