-964.628204342	2.01397070595	61.9784039009	0.96423948337	0.795894022882	-2.19426153636	501
-1846.88867944	2.23424084986	103.305703879	2.09743388914	0.663298720943	-1.80987023187	501
-2698.29334615	2.38626596675	160.050107156	3.56759974945	0.685093061365	-1.1284794161	501
-3583.24192068	2.23157179327	272.414105372	5.25271239707	0.874549621003	-0.337166683811	501
-4543.16416167	2.29969789577	639.339741964	7.44744428749	1.64201285378	1.38040456341	501
-5033.92911175	2.61405669158	1024.43950259	8.42215001761	2.39187502142	2.72063461913	501
-5508.33321431	2.92950655352	1633.2719355	9.80920658249	3.49560301976	4.47153794779	501
-5944.64086609	3.17075450244	2588.12480605	10.5142808205	5.11312856075	6.80286093811	501
-6293.33776182	3.53498214591	4062.7255528	12.1715639548	7.45305456853	9.91060038873	501
-7463.69239728	1.49971426354	18.5369655586	6.05908008235	0.0909557879358	-1.39610998571	501
-7108.17099672	2.16097912071	1256.91102926	8.12637891795	4.23047328248	4.96136045793	501
-6708.61776873	1.5718352714	61.8647573932	6.28549889263	0.258409506507	-1.22654493428	501
-6439.60739105	2.27028596275	940.389707645	8.59610181528	2.89432619019	3.13309867487	501
-6015.80644363	1.90243328564	67.1658211592	6.42355668099	0.255302399365	-1.33432423126	501
-5819.44064983	2.2182559067	662.748785845	7.70546400593	1.96809264698	1.73459599692	501
-5376.64634915	1.82180384543	68.2284409376	6.20340467532	0.248173682201	-1.46956061162	501
-5234.11606791	2.09690540904	452.468798898	7.1728880065	1.35174352803	0.687537030767	501
-4791.13857904	1.95247055919	65.1193112432	5.55078332886	0.236487380923	-1.64164361723	501
-4678.54224144	2.17344807465	303.346089049	6.67023330142	0.939979544154	-0.129051171888	501
