-1015.3967908	1.93269508261	61.2279796029	0.955067812028	0.786257469247	-2.29786026131	501
-1944.77663476	2.45424968108	96.3450316859	2.11233841374	0.618606077758	-2.05010657641	501
-2835.23362149	2.36881323325	143.208213957	3.65454473684	0.613001487192	-1.38682195337	501
-3763.19170785	2.24453473398	265.013066042	5.14341765076	0.85078955861	-0.401025410331	501
-4770.95199241	2.45417398674	639.030289884	7.13831653603	1.64121808966	1.3786957253	501
-5284.5214114	2.62606829868	1037.21789807	8.30796650078	2.42171018971	2.77895206176	501
-5788.73439397	2.77739244876	1686.53141885	9.35828324555	3.60959139291	4.67577849892	501
-6231.35073539	3.14015065521	2743.66794828	10.8855979617	5.42042134706	7.31110425257	501
-6579.95687842	3.49509654241	4365.71237457	12.154773331	8.00888274024	10.7642412244	501
-7821.08699221	1.54845565811	102.999870437	6.34482063791	0.505392014852	-0.759618880922	501
-7442.9182925	1.9686352099	1416.21894115	7.93997895791	4.76666705375	5.7848467839	501
-7037.59471423	1.72242391994	83.045642	6.81332142908	0.346882203553	-1.08021655044	501
-6757.30264017	2.17638405011	1003.51704367	7.870279135	3.08861915245	3.45444725029	501
-6311.70865541	1.86286111559	65.7219202875	6.71066912793	0.249814022232	-1.34415812168	501
-6107.81778968	2.14405804348	684.73482716	7.82173004096	2.03338219134	1.85157961685	501
-5643.69727549	1.86628358106	45.319475726	6.07847971771	0.164844762855	-1.63243984953	501
-5492.90399877	2.15101681893	443.103922221	6.69687336819	1.32376610402	0.632850836139	501
-5026.97959346	1.9845330377	48.4689684124	5.6190071425	0.176019972832	-1.77165579	501
-4911.80268068	2.20536805081	294.542075601	6.38820600234	0.912698518135	-0.187708646716	501
