-1106.495141	2.18370392357	55.6304802531	0.949679671739	0.714377330437	-3.07061481778	501
-2108.13847112	2.76628093124	86.6014677484	2.06769018425	0.556045219504	-2.38638992928	501
-3035.66461712	2.60170124667	123.663346371	3.75974584332	0.529339855179	-1.68662617506	501
-4015.89601953	2.25584464649	222.816858105	5.16156073562	0.715324188309	-0.765108883342	501
-5081.5077359	2.41296283405	571.572476461	7.2339417224	1.46796654676	1.0061841486	501
-5634.56909579	2.59692594221	955.121836771	8.10277667187	2.23003121025	2.40428590335	501
-6168.96761738	2.97626623119	1618.63543592	9.41798017286	3.46427731641	4.41540960119	501
-6651.8009642	3.15721972121	2680.76476417	10.6756902481	5.29614910699	7.10556563271	501
-7036.96363246	3.57772475511	4338.5684661	12.2715393802	7.95908734342	10.6877654603	501
-8306.23680486	1.56469328815	-23.6066979505	6.49871751679	-0.115831569405	-1.71369398291	501
-7920.22508124	2.06145846146	1320.64744559	7.77377463805	4.44499539273	5.29082348767	501
-7480.81738156	1.7161957019	-42.1019447083	6.72735660751	-0.17586010539	-1.94480008623	501
-7196.33157973	2.25848386049	890.984747241	8.12111246607	2.74226787898	2.88160360722	501
-6713.40950801	1.8749422166	-42.868190674	6.67274384531	-0.162945256183	-2.08372637918	501
-6503.60171247	2.08148260104	580.457427963	7.34489607595	1.72372099393	1.29673904958	501
-6003.62719346	1.86204112563	-38.3439654276	6.18529558639	-0.139472087586	-2.22727411679	501
-5849.2987215	2.16710791197	353.326967304	7.28275661736	1.05555884184	0.108598334032	501
-5355.08395553	2.0318609433	-32.1636135155	5.88672912185	-0.1168054234	-2.40126547905	501
-5234.54024608	2.09206551872	219.621667592	6.2217666718	0.680542398408	-0.686872121724	501
