U (kJ/mol)	 dU (kJ/mol)	 P (bar)	 dP (bar)	 Z	 Z-1/rho (ml/gm)	 Neff
-1037.64852785	1.02391634636	58.7787161318	0.483955647883	0.754805317619	-2.63601245068	1892.77722946
-1980.72701626	1.47381603851	96.5280140487	1.27230618681	0.619780959324	-2.04380884871	1341.79469729
-2884.08501607	1.75901990678	144.58306334	2.38903030168	0.61888651776	-1.36574452133	1051.95732149
-3842.47398253	1.47979264846	265.104833352	3.75840166377	0.851084165476	-0.400237059321	872.465593637
-4876.40282716	1.9476061583	668.760316367	5.75389207916	1.71757355831	1.54288242792	750.284620473
-5396.04155912	2.41555622054	1123.86529496	7.34296839697	2.62401568825	3.17441674808	670.47538686
-5897.18555444	2.93508644351	1834.09131506	10.5122819376	3.92540580663	5.24168936379	566.778331284
-6335.50000614	2.90052728652	2990.91190022	10.1093380479	5.9088792874	8.11905352382	551.152914683
-6675.88867441	4.53609675931	4728.9687353	15.1233862651	8.67527515186	11.7877881877	460.627182581
-7977.32763135	2.08523039126	308.4669269	8.91798642642	1.51356230876	0.788735725705	255.396748
-7572.9574652	2.6669584199	1702.11070265	9.52043870019	5.72891293317	7.2627264706	365.754587843
-7185.65389873	2.053739843	200.405979612	8.00472894294	0.837097120796	-0.269433636072	335.743613915
-6890.32840122	2.66826398281	1173.12024269	9.03797100442	3.61062293117	4.31784651195	423.265637001
-6446.30898534	1.70777883097	140.264284924	6.55813876703	0.533155224908	-0.83648404833	462.229350527
-6234.44606057	2.30974566201	792.220572552	7.38762481172	2.35257086385	2.42351207984	513.237201247
-5764.37385545	1.59152088782	89.0464007854	6.67854279988	0.323896792392	-1.32155949058	525.161960348
-5611.15908837	1.88256200831	508.502552157	6.2950052484	1.51914349794	1.01475486132	618.799152646
-5130.82035683	1.74325283487	62.14720301	5.23697317104	0.225693868546	-1.66486530923	631.280728243
-5020.56129076	1.92507539174	311.166466523	5.74403868615	0.964212574077	-0.0769479169863	651.744388662