U (kJ/mol)	 dU (kJ/mol)	 P (bar)	 dP (bar)	 Z	 Z-1/rho (ml/gm)	 Neff
-1053.59231722	0.828446473101	57.4846973022	0.381640823137	0.738188209286	-2.81465786026	3210.22151834
-2007.13533819	1.10294626434	94.0266770695	0.942036190552	0.603720533262	-2.13013919356	2726.85997991
-2916.92345822	1.14725031123	134.738730027	1.67046175932	0.576747936496	-1.51675082045	2412.20056305
-3876.32984712	1.14081087455	248.325760788	2.63485726871	0.797217162035	-0.54501394702	2133.98999337
-4914.68289044	1.34641139582	626.196507541	3.90548787465	1.60825715483	1.30783703631	1849.10255074
-5439.54286451	1.50509868022	1056.36174931	4.76083238009	2.46640750906	2.86634457409	1727.81001923
-5951.19998355	1.71344973777	1730.91317688	5.58541073956	3.70457925379	4.84601632908	1574.63627628
-6407.96864747	2.03149230178	2816.77098201	6.65326299584	5.5648445251	7.5500363438	1426.63225431
-6769.97890795	2.37333682304	4491.08665068	8.2643900191	8.23888137274	11.1175689014	1285.44505861
-8036.75346524	1.2958838452	148.36343398	5.14010341391	0.72797853542	-0.417774131031	810.00277522
-7649.63072544	1.54951334868	1492.24589031	5.81216336788	5.0225562692	6.17789464696	990.007587574
-7238.1026358	1.20650659399	90.9196925538	4.68495166986	0.379772165521	-1.02582742216	1050.69022358
-6950.87137263	1.41595452926	1034.22228751	5.00676953714	3.18312358046	3.61078286125	1204.04553257
-6495.49132128	1.22196429479	57.9517446429	4.48692514725	0.220278993086	-1.3970900377	1268.24707475
-6283.80253895	1.37011561101	692.160552985	4.65361092006	2.05543355787	1.89110681394	1385.14402447
-5807.62184312	1.13020326688	33.847561896	3.74947174782	0.123116898962	-1.71401817247	1460.27000252
-5654.63857459	1.27982590574	439.25528766	4.1329367697	1.31226836789	0.610381995741	1562.4677974
-5172.16858696	1.13524163842	26.9549849176	3.19292280772	0.0978897605681	-1.9396618233	1617.76482677
-5056.10276652	1.17660095921	274.946491478	3.63906802884	0.851977615853	-0.31826860507	1697.40201044