U (kJ/mol)	 dU (kJ/mol)	 P (bar)	 dP (bar)	 Z	 Z-1/rho (ml/gm)	 Neff
-1091.50689077	0.961363008916	56.0421759298	0.395426680526	0.719664109504	-3.01380474708	3074.1528015
-2073.69214797	1.42740541826	89.4889603455	0.980077506943	0.574585049101	-2.28675249792	2389.76511771
-2999.86404075	1.31452085036	123.332550487	1.75703835195	0.527923886339	-1.69171492463	2172.02119732
-3973.96846624	1.2627249182	223.709560539	2.77337158213	0.718190091945	-0.757412865111	1964.8342552
-5033.01531044	1.41584942573	579.889801048	4.22331953061	1.4893278872	1.05212265684	1722.83135098
-5574.21396781	1.59699635738	991.377883927	5.04110715162	2.31468231298	2.56977169796	1578.26604505
-6104.12766428	1.81781630405	1641.79122448	5.98903680183	3.51383639022	4.50424670624	1444.2443595
-6580.58220633	2.17561485528	2700.79686405	7.1692967714	5.33572474947	7.17108310156	1318.9067554
-6966.2373292	2.59965812783	4342.99590353	9.11137745659	7.96720946056	10.7003316175	1146.20181583
-8226.0207608	1.44097834132	6.75049203336	5.96759749204	0.033122806422	-1.48494266798	582.559764491
-7842.83192288	1.68527677791	1339.9664965	6.35154638314	4.5100188724	5.39073299447	796.538551062
-7406.89801709	1.40465368944	-15.6725495282	5.2598913669	-0.0654643444822	-1.7622274931	794.766130587
-7121.44051514	1.59743807223	920.401211286	5.70712714237	2.83280570773	3.03137371457	1005.1151978
-6645.56926817	1.38155403046	-19.8616313077	5.1137567264	-0.0754955726089	-1.92705357013	959.55505752
-6434.78640991	1.48267516926	609.3151652	5.26755635237	1.80941666275	1.45029817826	1161.70259718
-5943.89023712	1.30166285331	-23.1760206293	4.3743907535	-0.084300304965	-2.11945061426	1143.43607806
-5789.48478484	1.45523851764	375.115084761	4.77647421686	1.12065050525	0.235832071879	1345.82039468
-5298.50666266	1.38368106618	-17.5140824782	3.55472896093	-0.0636041661908	-2.2868961088	1248.55758444
-5176.74467775	1.28281561932	232.287835183	3.93408966766	0.719791094429	-0.602487914367	1465.8513228