U (kJ/mol)	 dU (kJ/mol)	 P (bar)	 dP (bar)	 Z	 Z-1/rho (ml/gm)	 Neff
-1138.12955005	1.50479994346	54.7313675583	0.504897776871	0.702831398716	-3.1947680322	1937.7644774
-2157.01477767	2.69235647474	84.8037466267	1.31540005017	0.544502525578	-2.4484564664	1123.88061014
-3102.73816054	2.11445244104	112.061234712	2.38306208451	0.479677119331	-1.86461029775	1163.04693034
-4098.09061889	1.74893541165	199.266782789	3.17530246493	0.639719771958	-0.968315421013	1271.91056182
-5185.85795611	1.53859325969	538.363995639	4.4785671001	1.38267738235	0.822809316144	1370.00970799
-5743.63639574	1.6641205981	947.087648416	5.27076536773	2.21127288007	2.36764025422	1288.04864542
-6292.73043788	1.76149574734	1588.63851693	5.84537248155	3.40007654352	4.3004138646	1286.2852326
-6790.17209773	2.08834146888	2642.84470852	6.86313593108	5.22123381731	6.98172052983	1234.22464273
-7195.05474795	2.39793544029	4287.2903254	8.5664122928	7.86501778943	10.5433843095	1149.54129412
-8463.91984316	1.53735160946	-78.9009394476	6.69561750437	-0.387145193405	-2.13039577109	512.943508002
-8076.27676059	1.63787801673	1269.02556107	6.56732405179	4.27124800874	5.02402557221	794.875925642
-7620.5692502	1.38346065954	-87.0886554531	5.41465758148	-0.36376989786	-2.2556107304	606.5890558
-7333.03666705	1.51046572249	855.020421277	5.60120897985	2.63157707739	2.69855110382	856.718250984
-6840.28565564	1.50772130279	-85.0852203625	5.56318648068	-0.323415399889	-2.37127184534	748.77962715
-6626.51533824	1.53791933395	549.180107429	5.82445737404	1.63084015299	1.13032800874	941.262596678
-6118.88183892	1.43400392865	-77.8614165463	4.83258345606	-0.283212604305	-2.50825876371	793.137058307
-5962.90772228	1.65975750436	325.4029253	5.01027008517	0.972136198892	-0.0544645704729	1032.54435816
-5458.37500353	2.14055916823	-58.9705595091	4.02995053059	-0.214157565607	-2.61060674687	648.307491334
-5330.7789362	1.48515677791	192.538759572	4.28636062545	0.596620500438	-0.867321732313	1018.76061797