U (kJ/mol)	 dU (kJ/mol)	 P (bar)	 dP (bar)	 Z	 Z-1/rho (ml/gm)	 Neff
-1052.98170181	1.62364785975	58.8144680696	0.849298557658	0.755264425176	-2.63107672685	604.805579023
-2008.47637808	3.17653219936	96.5957649274	2.58201538323	0.620215969876	-2.04147051654	246.379017032
-2923.06208852	4.61273674478	153.232935393	6.11388301284	0.655912218214	-1.23306055736	95.6414487205
-3883.1575414	3.41829946942	291.618308402	9.5716902245	0.936202186529	-0.171467657124	74.8645567233
-4945.10766443	12.5408755425	705.496552265	23.6253158907	1.81192303729	1.74574686114	30.746996399
-5481.76889879	10.7087660915	1216.84461154	49.9491755301	2.84110503737	3.59875505384	12.4830646093
-5969.21398916	15.2688998554	1883.92708252	76.6040143555	4.03206658704	5.43280222646	11.943878774
-6355.49731682	8.4975345539	3307.49493692	28.6738285505	6.53432430575	9.15350992066	23.9704411033
-6737.55841733	19.9849396801	5026.40941047	77.5309499606	9.22092893875	12.6258104262	4.22718201339
-8039.55963611	4.02421838329	613.997466708	30.7330496558	3.01271657426	3.09115649797	3.22770068322
-7630.61764953	9.24845204945	2034.21927921	45.1628117566	6.84671397661	8.97945996554	8.71266842928
-7241.45747177	8.29644241498	392.175656943	24.1753119107	1.63812034905	1.05542079266	15.4902781896
-6953.05840491	10.9159720884	1388.51337369	20.3955570087	4.2735587068	5.41431084323	3.88859196154
-6504.18637422	5.64983525298	278.027455987	18.1856704619	1.05680352563	0.10177953276	10.1942837248
-6309.00078823	12.2767027452	951.346592713	25.1945387262	2.82511001731	3.27019921263	16.1677340021
-5821.64594287	3.05646074552	147.285593328	21.7130653984	0.535735648198	-0.907484173063	15.346324559
-5678.92017117	7.34473925859	615.176522362	21.233533353	1.83783033156	1.6376828474	18.7639367523
-5195.15410578	5.43710637636	89.4780446729	19.755184975	0.324948590991	-1.45145392391	26.4456077978
-5096.88050228	9.93013918977	338.129211582	45.5205214075	1.04776212268	0.102695171726	29.3151360023