U (kJ/mol)	 dU (kJ/mol)	 P (bar)	 dP (bar)	 Z	 Z-1/rho (ml/gm)	 Neff
-991.29593466	0.804902822674	59.1097299952	0.392205411478	0.759056023329	-2.59031442383	2903.39428233
-1896.91079613	1.10387905306	101.826275002	0.957068073534	0.653799697708	-1.86094636395	2311.21881958
-2772.47664217	1.17526475526	151.443613305	1.77743246256	0.648253040917	-1.26050770872	2062.82578283
-3698.20735867	1.19280383255	283.067088974	2.77280735886	0.908749622357	-0.245251171083	1951.77948791
-4691.80564672	1.41068206428	684.7706535	4.1436939132	1.75869282189	1.63129453354	1663.08664608
-5191.53900817	1.70458392453	1119.69272497	5.18168893087	2.61427351616	3.15537400454	1541.24612749
-5674.97537946	1.92826432141	1802.52273104	6.24994854854	3.85784128464	5.12062847182	1350.77021453
-6102.95568474	2.35928116426	2891.91749859	7.87811096466	5.71330483089	7.79558264843	1233.09321634
-6437.35727852	2.82400446167	4552.69108346	9.68931341655	8.35189447028	11.291135898	1051.72056008
-7691.22209944	1.57512177995	258.906721509	6.19013809764	1.27038402171	0.415259324814	499.676272828
-7309.68667896	1.98236117801	1578.4313411	7.20191410427	5.31263666346	6.62340391891	701.829276304
-6925.62883791	1.5983441486	190.406455468	5.734128036	0.795329041389	-0.338516058441	698.419581898
-6642.32361573	1.77974322706	1119.33345693	6.31995517936	3.44507826236	4.04404348117	933.96117131
-6211.99503888	1.46591892856	148.08703164	5.25824641812	0.562890080699	-0.783205670001	890.467972531
-6003.86267432	1.59121968746	777.120609167	5.43411887299	2.30773015264	2.34316730221	1061.54701398
-5551.68639095	1.38696434596	111.051619963	4.53494003221	0.403938431861	-1.16510440045	1078.94748735
-5403.21947162	1.42594578001	509.608436409	4.67195268471	1.52244731001	1.02121272774	1296.48148176
-4942.36768082	1.28279716975	83.258909245	3.77495859852	0.302363170155	-1.50001570344	1258.03691626
-4830.612667	1.38765755993	334.884087878	4.1185372664	1.03770644696	0.0810740777263	1438.78828383