U (kJ/mol)	 dU (kJ/mol)	 P (bar)	 dP (bar)	 Z	 Z-1/rho (ml/gm)	 Neff
-997.416577695	1.52688166838	57.2452881521	0.593909989203	0.735113843061	-2.84770942389	1056.9950259
-1904.80992658	3.49658559682	98.3291558018	3.95268973799	0.631345616223	-1.98164481805	328.389444586
-2782.11776697	2.17719188692	144.183590766	4.05391988338	0.617176578957	-1.37187219631	486.05597482
-3693.98570842	4.84699922603	273.108387737	11.999528425	0.876778523133	-0.331179029444	281.851105036
-4677.16650318	5.02428097653	606.348020125	10.6922623912	1.55728039032	1.1982299399	96.0821727945
-5173.87897427	9.29416203332	1008.69229773	14.146344917	2.35510823738	2.64879108947	79.918500814
-5677.63390941	7.53215811539	1592.00241251	18.8641250152	3.40727610613	4.31331391104	105.816064848
-6128.2691473	11.5899192867	2540.01979371	32.5950853628	5.01809175575	6.6457331946	85.5192631391
-6502.97227441	12.0290158989	4022.78954519	49.4964876115	7.37979211452	9.79816835747	25.9494686682
-7689.97209929	3.50949004295	-78.162122444	14.8314187919	-0.383520021718	-2.1248281849	29.1985421416
-7333.13444058	5.07380848156	1165.76477313	20.8778428977	3.92369595906	4.49025057849	70.2215885176
-6903.6517969	10.0978415448	-13.3003699145	31.3049750089	-0.0555557343274	-1.74583912185	17.4767974067
-6637.8275773	3.9469415068	860.551838922	15.8640630732	2.64860164372	2.7267089291	77.8177372843
-6197.21989992	4.12802116391	-7.16697877293	9.8050524067	-0.0272422319172	-1.84059410454	82.9936686191
-5996.61220481	5.3053067931	615.109396039	23.1329726431	1.82662315691	1.48112846416	64.269219078
-5539.85642315	3.37126476952	20.0056379728	16.3923327381	0.0727683759478	-1.81243298204	114.138544483
-5383.53506205	10.2151787209	457.592460866	53.8639163899	1.3670503888	0.717462836114	16.2093810435
-4927.20666509	5.56212745258	38.7926534743	17.1707124511	0.140879454098	-1.84722803451	60.5711199012
-4817.09166076	4.08591182118	269.444270317	13.4521450462	0.834927864677	-0.354927928961	132.325744462