U (kJ/mol)	 dU (kJ/mol)	 P (bar)	 dP (bar)	 Z	 Z-1/rho (ml/gm)	 Neff
-1058.30873161	0.850345451856	56.0704758036	0.385176438029	0.72002752158	-3.00989781587	3201.32965653
-2013.62645203	1.16831259896	91.7810985342	0.929342271777	0.589302264818	-2.20764237325	2706.37764912
-2920.70352047	1.15862333966	130.096458852	1.68527809006	0.556876735988	-1.58796053748	2381.96758522
-3871.59882751	1.13223262299	236.470209646	2.66994660434	0.759156475919	-0.647308623308	2105.27334505
-4902.16503442	1.30321129034	585.706547241	3.91236799514	1.50426700546	1.08424382795	1814.00722843
-5432.16494785	1.45144269902	973.564143144	4.64158683896	2.27309055328	2.48847348174	1676.06002902
-5948.95527878	1.69190003422	1601.77787735	5.79325434768	3.42819800142	4.3508013857	1534.66891627
-6418.87224022	1.996832547	2615.23030201	6.76777370938	5.16667848432	6.8914885965	1372.78064395
-6805.2381562	2.46894222722	4158.18229649	8.38899987747	7.62816960162	10.179629758	1233.89016261
-8030.02330177	1.35363952452	-66.275242164	5.38742579243	-0.325194371894	-2.03525088735	738.219190736
-7653.52289759	1.64800767946	1244.82341392	6.3118483619	4.18978915088	4.89891999052	933.629717881
-7219.79721543	1.21336018824	-32.1184779983	4.92749371025	-0.134159097991	-1.87584535736	993.076203321
-6943.7086257	1.47949997371	881.272050938	5.62693094408	2.71237419654	2.83218570687	1148.83868331
-6477.34345516	1.156850494	-23.0743464536	4.43101448631	-0.0877073474533	-1.94893440805	1203.93523728
-6272.69344152	1.37109251564	595.714999021	4.70358500576	1.76902973542	1.37793361025	1350.60980171
-5793.65173114	1.16993050167	-11.7085368603	3.86157854619	-0.0425885549467	-2.03791785641	1407.65462691
-5639.75232325	1.2192947368	381.822841462	4.27974850149	1.14068982449	0.275002352732	1546.98516705
-5165.53218933	1.1842390606	-6.98457835461	3.42950818159	-0.0253652044285	-2.20467705058	1572.35170836
-5045.33884059	1.17975515926	245.066544782	3.60844347972	0.759388524749	-0.517347960805	1695.32374594