
-1078.26067898	0.0	0.0	0.0	0.513191140868	0.0	0.0
-2065.15616905	0.0	0.0	0.0	0.121343201081	0.0	0.0
-3009.02415983	0.0	0.0	0.0	-0.108722347265	0.0	0.0
-3976.50583077	0.0	0.0	0.0	-0.177917536548	0.0	0.0
-4980.35715538	0.0	0.0	0.0	0.348507623477	0.0	0.0
-5483.48293418	0.0	0.0	0.0	0.958425928254	0.0	0.0
-5958.78787223	0.0	0.0	0.0	2.01649796585	0.0	0.0
-6391.76158728	0.0	0.0	0.0	3.61619923572	0.0	0.0
-6742.91341845	0.0	0.0	0.0	5.86684471118	0.0	0.0
-8257.9246277	0.0	0.0	0.0	-4.02990492007	0.0	0.0
-7678.64930419	0.0	0.0	0.0	-1.70061746457	0.0	0.0
-7349.21251574	0.0	0.0	0.0	-2.59745370435	0.0	0.0
-6963.45965482	0.0	0.0	0.0	-0.754533652205	0.0	0.0
-6580.4077204	0.0	0.0	0.0	-1.87967412116	0.0	0.0
-6327.1536202	0.0	0.0	0.0	0.146527089594	0.0	0.0
-5898.47207669	0.0	0.0	0.0	-1.57795426877	0.0	0.0
-5714.29745347	0.0	0.0	0.0	1.23654527581	0.0	0.0
-5272.65310455	0.0	0.0	0.0	-1.49844787239	0.0	0.0
-5133.73074885	0.0	0.0	0.0	2.73955070457	0.0	0.0