
-1107.21384509	0.0	0.0	0.0	0.473976483827	0.0	0.0
-2123.0625014	0.0	0.0	0.0	0.042913886827	0.0	0.0
-3095.88365835	0.0	0.0	0.0	-0.226366318617	0.0	0.0
-4092.31849504	0.0	0.0	0.0	-0.334776164458	0.0	0.0
-5125.12298593	0.0	0.0	0.0	0.152434338304	0.0	0.0
-5642.72534743	0.0	0.0	0.0	0.742745315044	0.0	0.0
-6132.50686842	0.0	0.0	0.0	1.78121002429	0.0	0.0
-6579.95716769	0.0	0.0	0.0	3.36130396406	0.0	0.0
-6945.58558124	0.0	0.0	0.0	5.59234211192	0.0	0.0
-8521.03375162	0.0	0.0	0.0	-4.98305908454	0.0	0.0
-7906.91311522	0.0	0.0	0.0	-2.26784463698	0.0	0.0
-7571.10367788	0.0	0.0	0.0	-3.23286662151	0.0	0.0
-7166.4637767	0.0	0.0	0.0	-1.18288025347	0.0	0.0
-6774.23938116	0.0	0.0	0.0	-2.34592540149	0.0	0.0
-6509.89578046	0.0	0.0	0.0	-0.196891741349	0.0	0.0
-6070.24479419	0.0	0.0	0.0	-1.94040139077	0.0	0.0
-5879.29174453	0.0	0.0	0.0	0.950605368583	0.0	0.0
-5425.52071513	0.0	0.0	0.0	-1.79121422251	0.0	0.0
-5282.2555643	0.0	0.0	0.0	2.49684134072	0.0	0.0