
-1066.08751015	0.0	0.0	0.0	0.529678686272	0.0	0.0
-2040.80983133	0.0	0.0	0.0	0.15431829196	0.0	0.0
-2972.50465326	0.0	0.0	0.0	-0.0592597109594	0.0	0.0
-3927.81315551	0.0	0.0	0.0	-0.111967355042	0.0	0.0
-4919.49131123	0.0	0.0	0.0	0.430945350479	0.0	0.0
-5416.53050576	0.0	0.0	0.0	1.04910742776	0.0	0.0
-5885.74885945	0.0	0.0	0.0	2.11542323798	0.0	0.0
-6312.63598959	0.0	0.0	0.0	3.72336828122	0.0	0.0
-6657.70123663	0.0	0.0	0.0	5.982257529	0.0	0.0
-8145.81531616	0.0	0.0	0.0	-3.62377131446	0.0	0.0
-7579.83214328	0.0	0.0	0.0	-1.45506045525	0.0	0.0
-7253.44169522	0.0	0.0	0.0	-2.32320205837	0.0	0.0
-6875.66784228	0.0	0.0	0.0	-0.569289509509	0.0	0.0
-6496.48134844	0.0	0.0	0.0	-1.67779390083	0.0	0.0
-6248.415523	0.0	0.0	0.0	0.294495928578	0.0	0.0
-5824.18669729	0.0	0.0	0.0	-1.42120922588	0.0	0.0
-5643.49595286	0.0	0.0	0.0	1.35924633649	0.0	0.0
-5206.73604041	0.0	0.0	0.0	-1.37220596798	0.0	0.0
-5070.23534183	0.0	0.0	0.0	2.84331067086	0.0	0.0