
-1102.42986057	0.0	0.0	0.0	0.480455993238	0.0	0.0
-2113.49453234	0.0	0.0	0.0	0.0558729056781	0.0	0.0
-3081.53170475	0.0	0.0	0.0	-0.206927790346	0.0	0.0
-4073.18255698	0.0	0.0	0.0	-0.308858126855	0.0	0.0
-5101.20306333	0.0	0.0	0.0	0.184831885356	0.0	0.0
-5616.41343262	0.0	0.0	0.0	0.778382616721	0.0	0.0
-6103.80296137	0.0	0.0	0.0	1.82008708064	0.0	0.0
-6548.86126819	0.0	0.0	0.0	3.40342077538	0.0	0.0
-6912.09768958	0.0	0.0	0.0	5.63769867779	0.0	0.0
-8473.14941024	0.0	0.0	0.0	-4.80959053002	0.0	0.0
-7862.48426816	0.0	0.0	0.0	-2.1574405866	0.0	0.0
-7528.37770558	0.0	0.0	0.0	-3.11051549029	0.0	0.0
-7127.29809419	0.0	0.0	0.0	-1.10023913843	0.0	0.0
-6736.50959815	0.0	0.0	0.0	-2.25516850673	0.0	0.0
-6475.35744288	0.0	0.0	0.0	-0.131985452081	0.0	0.0
-6037.1046015	0.0	0.0	0.0	-1.87047429385	0.0	0.0
-5848.7868501	0.0	0.0	0.0	1.00347123823	0.0	0.0
-5396.50659982	0.0	0.0	0.0	-1.73564747029	0.0	0.0
-5255.3453144	0.0	0.0	0.0	2.54081627927	0.0	0.0