
-1058.86857523	0.0	0.0	0.0	0.539456133607	0.0	0.0
-2026.37196147	0.0	0.0	0.0	0.173873186674	0.0	0.0
-2950.84784848	0.0	0.0	0.0	-0.0299273688954	0.0	0.0
-3898.9374159	0.0	0.0	0.0	-0.0728575657631	0.0	0.0
-4883.39663666	0.0	0.0	0.0	0.479832587149	0.0	0.0
-5376.82636382	0.0	0.0	0.0	1.10288338797	0.0	0.0
-5842.43525009	0.0	0.0	0.0	2.17408792182	0.0	0.0
-6265.71291248	0.0	0.0	0.0	3.78692168913	0.0	0.0
-6607.16869223	0.0	0.0	0.0	6.05069966034	0.0	0.0
-8076.18576761	0.0	0.0	0.0	-3.37152732844	0.0	0.0
-7517.75439486	0.0	0.0	0.0	-1.30079953431	0.0	0.0
-7193.30128394	0.0	0.0	0.0	-2.15098251704	0.0	0.0
-6820.82006385	0.0	0.0	0.0	-0.45355856149	0.0	0.0
-6443.78866443	0.0	0.0	0.0	-1.55104457987	0.0	0.0
-6199.61653945	0.0	0.0	0.0	0.38620158565	0.0	0.0
-5777.77703889	0.0	0.0	0.0	-1.32328303967	0.0	0.0
-5599.95589207	0.0	0.0	0.0	1.43470252873	0.0	0.0
-5165.81954952	0.0	0.0	0.0	-1.29384422966	0.0	0.0
-5031.45470558	0.0	0.0	0.0	2.90668340442	0.0	0.0