
-1042.22733407	0.0	0.0	0.0	0.561995311618	0.0	0.0
-1993.08947906	0.0	0.0	0.0	0.218951542795	0.0	0.0
-2900.92412488	0.0	0.0	0.0	0.0376901652685	0.0	0.0
-3832.37245135	0.0	0.0	0.0	0.0172991461339	0.0	0.0
-4800.19043085	0.0	0.0	0.0	0.592528477184	0.0	0.0
-5285.29953763	0.0	0.0	0.0	1.22684886674	0.0	0.0
-5742.58780339	0.0	0.0	0.0	2.30932298949	0.0	0.0
-6157.54484453	0.0	0.0	0.0	3.93342634671	0.0	0.0
-6490.68000408	0.0	0.0	0.0	6.2084739064	0.0	0.0
-7927.24527881	0.0	0.0	0.0	-2.83196699301	0.0	0.0
-7386.62000715	0.0	0.0	0.0	-0.974935405382	0.0	0.0
-7066.36010934	0.0	0.0	0.0	-1.78747068864	0.0	0.0
-6703.86141019	0.0	0.0	0.0	-0.206771248413	0.0	0.0
-6332.35309332	0.0	0.0	0.0	-1.28299251087	0.0	0.0
-6094.24716586	0.0	0.0	0.0	0.584217342076	0.0	0.0
-5678.81202484	0.0	0.0	0.0	-1.11446300676	0.0	0.0
-5504.82371879	0.0	0.0	0.0	1.59956935307	0.0	0.0
-5077.68132884	0.0	0.0	0.0	-1.12504519449	0.0	0.0
-4945.8472944	0.0	0.0	0.0	3.04657733557	0.0	0.0