
14.0034831214
14.1881620705
14.3744805388
14.5623300922
14.7516462158
14.9423469576
15.1343547125
15.3276488302
15.5221188659
15.7177304179
15.9145204717
15.2508725143
14.8426088924
14.6210913753
14.4770968083
14.3785908956
14.3109458778
14.2660365992
14.238792543
14.225841049
14.2246983642
14.8192439658
15.0147686048
15.2117482342
15.4100641122
15.6097899239
15.8106840047
16.0127787894
15.6582800841
15.087298341
14.8259654907
14.6624349071
14.5524509079
14.4774999564
14.4277316612
14.3973141565
14.382335781
14.380086324
14.388627537
14.4063986062
14.4322411147
14.4652776091
15.6694963789
15.8755636831
16.0829413615
16.290900475
15.3980289096
15.0607226444
14.8647072171
14.7363222778
14.6496410928
14.591957869
14.5560906607
14.5373770869
14.5325736771
14.5395178877
14.5564158758
14.5820244702
14.6153332998
14.655373861
14.7016108044
14.753500188
14.8105024192
15.8717816073
15.345905526
15.0932823088
14.9355690136
14.8308006381
14.7611190678
14.7167992445
14.692069899
14.6829833542
14.6869481855
14.7017706765
14.7261785447
14.7588369528
14.7988582023
14.8454379005
14.8981147318
14.9561867572
15.0193263999
15.0871523775
15.1593406277
15.2354988703
15.0267537666
14.9389740663
14.8821483993
14.84845409
14.832854462
14.8319786136
14.8433750734
14.8653175641
14.8962950193
14.9354185836
14.9816396485
15.0343470459
15.0929831189
15.1569432594
15.226022103
15.299708763
15.3776889302
15.4597201878
15.5456453046
15.6352154341
15.7282686041
14.9843526162
14.9763177495
14.9824045338
15.0003301072
15.0284726874
15.0655404981
15.1105156797
15.1625782847
15.2210034827
15.2853270691
15.3550326338
15.4297427913
15.5091140066
15.5927774907
15.6805955424
15.7723508907
15.8678175244
15.9666813779
16.0690148361
16.1744162505
16.2832264849
15.1565068632
15.1902482417
15.232770949
15.2831637704
15.3406280059
15.4044974332
15.4742505189
15.5493854463
15.6296244282
15.7144857379
15.8038413566
15.8973834399
15.9948444591
16.0960098721
16.2009186847
16.309262624
16.4209256886
16.5354431695
14.5947348005
13.123066838
12.1375024895
15.4524768932
15.5150355898
15.5839683191
15.6589529393
15.7393442219
15.8248678654
15.915184361
16.0100876297
16.109095237
16.2123408463
16.3192953449
16.430267727
16.5445870239
16.6612168043
13.8335844474
12.6254133189
11.7197814233
10.9634787817
10.2991764228
9.69842091781
9.14469966656
15.8385536054
15.9241163393
16.0148004446
16.1104801235
16.210725598
16.315444286
16.4243279086
16.5371103458
16.6540072376
15.1798608897
13.3681485031
12.2671674776
11.3999653827
10.6600306859
10.0020524272
9.40208709537
8.84570145662
8.32334916851
7.82841181367
7.35607839233
6.9027030657
16.2995343477
16.405216534
16.5153946348
16.6299823782
16.7485240448
14.6474320367
13.0780631144
12.0211109169
11.1674460633
10.4300706415
9.76934720412
9.16374946044
8.59979079274
8.06857325805
7.56381779449
7.08091444686
6.61636056159
6.16749578552
5.73215142759
5.30862467181
4.89554381796
16.8286316988
14.4335202246
12.9282252282
11.8774598024
11.019265189
10.2734886095
9.60256704923
8.9857410197
8.4099233933
7.86639285021
7.34896337255
6.85307337218
6.37523949749
5.91279898289
5.4635788111
5.02585545487
4.59822799522
4.17955577129
3.7689185673
3.36559681204
2.96907460628
10.9571336635
10.1930514038
9.50500483731
8.87181050146
8.28013774275
7.72108984439
7.18835483172
6.67727451147
6.18428821321
5.70666247108
5.24216462143
4.78901011009
4.34573418672
3.91112450414
3.48417458808
3.06405516253
2.65010123167
2.24182670136
1.83898793834
1.44177143726
1.0515150576
8.21535477599
7.6376272549
7.08703699232
6.55868396719
6.04883602211
5.55461485935
5.07369392753
4.60419469945
4.1445722338
3.69353641583
3.24999776839
2.81302697512
2.38182690917
1.95570678392
1.53407175891
1.11640951373
0.702381834076
0.292295229392
0.123678811109
0.526117920784
0.930004136424
5.97439474106
5.46231146899
4.96402584098
4.47756743979
4.00131685372
3.53394523477
3.07435921801
2.62167494286
2.17522353162
1.73462567892
1.3000544937
0.873339207394
0.465084952741
0.205564875917
0.483238264925
0.885640487827
1.30007767561
1.71682501201
2.13390572911
2.55079019457
2.96736874396
3.92213136046
3.43900719132
2.96468175235
2.49864843649
2.04102739131
1.59319131214
1.15982564808
0.757542417974
0.462475562585
0.506699292747
0.834061421679
1.23502228547
1.65575497909
2.08360665296
2.51455024679
2.94704011557
3.38043379362
3.81447520566
4.24908339017
4.68427502366
5.12011326859
1.98694542185
1.5415255754
1.12848552663
0.791416097597
0.651376614585
0.811718757755
1.1504556178
1.55347954922
1.98105130719
2.41971137904
2.86415234015
3.31200757416
3.76214004843
4.21398883469
4.66728888837
5.12192913362
5.57789475575
6.03522270318
6.49398203235
6.95426129388
7.41616086217
0.888282515421
1.08646370835
1.42798785533
1.83320516664
2.26755736033
2.71680067482
3.17455222335
3.63769587859
4.10461358332
4.57443651477
5.04669783381
5.5211606251
5.99771794328
6.47635080138
6.95709103809
7.44000426223
7.92517822812
8.41271543706
8.90272833864
9.39533621372
9.89066314012
2.5095579341
2.96858790244
3.43914141139
3.91728895679
4.40088596245
4.88872289282
5.38010989765
5.87466065843
6.37217531906
6.87256557038
7.37582309023
7.88198830449
8.3911357547
8.90336370129
9.41878727728
9.93753395161
10.4597405014
10.9855581015
11.5151211251
12.0485934306
12.5861360784
4.64462920073
5.15025509218
5.66070286503
6.1754089754
6.69405452923
7.2164772836
7.74262014989
8.27249071488
8.80615011795
9.34369251487
9.88523736369
10.4309231979
10.9809034465
11.5353505749
12.0944249466
12.6583203937
13.2272298647
13.8013559402
14.3809081151
14.9661049111
15.5571738912
6.95637805669
7.50086062498
8.05001542108
8.60381774369
9.16230485224
9.72556680859
10.2937281244
10.8669408643
11.4453790376
12.0292417744
12.6187215445
13.2140494449
13.8154609427
14.4232046459
15.0375420281
15.6587494406
16.2871164252
16.9229483891
17.5665674065
18.2183137364
18.8785475726
9.45176026021
10.0408667455
10.6358620382
11.236913013
11.8442175344
12.4580065548
13.0785108948
13.7060072216
14.3407826819
14.9831440218
15.6334178225
16.2919508587
16.9591129837
17.6352963063
18.3209188636
19.0164266633
19.722296569
20.4390396911
21.1672053136
21.9073854402
22.6602201213