
4.21724069155
4.24089532142
4.26381406698
4.28598378948
4.30739379393
4.32803336978
4.34789115629
4.36695946695
4.38522556809
4.40268211377
4.41932872039
4.41178655333
4.38493436041
4.35968417777
4.33540230147
4.31177883925
4.28862209635
4.26580517756
4.24322755889
4.2208184867
4.19851489372
4.32336359488
4.34433341253
4.36447703119
4.38378001578
4.40224420642
4.4198467008
4.43658508705
4.44251637232
4.41332675958
4.38617283266
4.36013420058
4.33483704899
4.3100494687
4.28561292606
4.26142557035
4.23740148471
4.21347718377
4.18960491381
4.16573827741
4.14184752248
4.11790714773
4.41565505577
4.43349013727
4.45040811401
4.4664009647
4.44392432952
4.41454019033
4.38654742011
4.3594285714
4.33288664248
4.3067322848
4.28084762204
4.25513357951
4.2295123594
4.20393443284
4.178346723
4.15272039138
4.12702335935
4.10122375328
4.07531034935
4.04926821732
4.02308154487
4.47773195638
4.4455220973
4.41530224203
4.38617092431
4.35773232944
4.32975599315
4.30208013312
4.27459410553
4.24720714643
4.2198613822
4.19249083806
4.16506753618
4.13755011338
4.10991232359
4.08213018884
4.05419448508
4.02608271405
3.99778988904
3.96930805995
3.94063214352
3.91175573534
4.38522524946
4.35529719801
4.32573083319
4.29639251583
4.26717212272
4.23799152377
4.20878666203
4.17951112973
4.15012188377
4.12059519673
4.09089649859
4.06101104871
4.03092437679
4.00061984362
3.97009742322
3.93934510539
3.90835995141
3.87714103167
3.84569534416
3.81402292503
3.78212973759
4.29001361972
4.25893933028
4.22784659834
4.19667277327
4.16537279322
4.13391185936
4.10225803039
4.07038797098
4.03828108876
4.00592744742
3.97331475948
3.94043691028
3.90728987195
3.87387043276
3.84018233675
3.80623153612
3.77202125524
3.73755729879
3.70285348569
3.66791743365
3.63276933941
4.1839324678
4.15050755536
4.11686581432
4.08298041023
4.04882857888
4.01439243631
3.97965997247
3.94462075423
3.90927281389
3.87360955138
3.8376358098
3.8013522544
3.76476581459
3.72788333507
3.69071690954
3.65327922118
3.61558439407
3.57764939145
3.49519153136
3.36883307543
3.24635759469
4.0632305588
4.02669808986
3.98982616749
3.952610217
3.91503611618
3.87710318422
3.8388101864
3.80015962392
3.76115532945
3.72180758567
3.68212486855
3.64212367292
3.6018150972
3.56121887655
3.43357482475
3.30439960966
3.17836897798
3.05456082077
2.93241061644
2.81158214655
2.69185503615
3.92529090287
3.88508198492
3.8444583042
3.80342496786
3.7619802929
3.7201390738
3.67790679662
3.6352962918
3.5923251495
3.52307504596
3.38559651293
3.25280187231
3.12279101015
2.9947967703
2.86832498692
2.74306393214
2.61879952848
2.49536394531
2.37263560824
2.25052540535
2.12895983197
3.76801203649
3.72366947537
3.67887423498
3.6336378621
3.58797516236
3.49325674744
3.35219202126
3.2152874362
3.08097148833
2.94855150403
2.81755496225
2.68769883169
2.55874949239
2.43054674614
2.30296614927
2.17591072098
2.04930510754
1.9231034555
1.7972629598
1.67176629224
1.54661521887
3.58960741151
3.47995495247
3.33457020366
3.19317566102
3.0543045568
2.91727593058
2.78162129308
2.64704901684
2.51332475678
2.38028130321
2.24778694339
2.11573722652
1.98404570632
1.85265608465
1.7215123247
1.59058030014
1.45984111285
1.32929372584
1.19896029432
1.06889619482
0.939209172888
3.044164404
2.9023854388
2.76197434139
2.62262341309
2.48408857354
2.34619226098
2.20879321967
2.07177743687
1.93504815816
1.79853775281
1.66217642911
1.52591307241
1.38970694449
1.25352784898
1.11735749855
0.981193487564
0.845056824116
0.709011008643
0.573207268243
0.438011830519
0.304495548998
2.47249748408
2.32978955402
2.1875581988
2.04568048079
1.90405306875
1.76259554788
1.6212355019
1.47991030285
1.33856795033
1.1971635564
1.05565835893
0.914018854138
0.772217534331
0.63023138061
0.488046339888
0.345663544168
0.203164787203
0.0615011785654
0.0850905393999
0.227823665898
0.371536719724
1.89257719226
1.74644111569
1.60041283829
1.45444280296
1.30849040617
1.162533787
1.01657264401
0.870640107342
0.724830019475
0.579368686315
0.434823816626
0.292934143486
0.161664623676
0.101568206096
0.196581432688
0.333809813556
0.478533348972
0.625840532147
0.774482463753
0.92400813855
1.07421956252
1.30102038025
1.15135502162
1.00207008573
0.853422501522
0.705923198895
0.560657145624
0.420234222299
0.292200782407
0.20247253247
0.209202399193
0.306665719476
0.438405751372
0.581909675881
0.730548823216
0.88196344791
1.03513987742
1.18957852509
1.34500848908
1.50126758813
1.65825723917
1.81591229785
0.716229248037
0.574567351196
0.443615116604
0.336621063288
0.28292773942
0.312069148137
0.407119173115
0.534378911819
0.676229042683
0.82546372687
0.978957431401
1.13520118041
1.29339327885
1.45307347586
1.61396175394
1.77587527295
1.9386938922
2.1023334681
2.26673367478
2.43185001963
2.59764881487
0.372128091994
0.406639286596
0.496889942576
0.619370287011
0.758975460669
0.908139984531
1.06311057344
1.22191457875
1.38344367448
1.54703632118
1.71227668602
1.87889277789
2.04669643982
2.2155575183
2.38538108516
2.55609661365
2.72765046908
2.90000097021
3.07311504883
3.2469659494
3.42153160692
0.828972162335
0.977156792333
1.13286247057
1.29363140016
1.45802055526
1.62514224225
1.79442633619
1.9654924265
2.13807907999
2.31199796363
2.48711392936
2.66332544959
2.84055508765
3.01874260027
3.19784023862
3.37780948317
3.55861872808
3.74024441082
3.92265800033
4.10584344108
4.2897846838
1.51582991596
1.68598852119
1.85892182173
2.03411985721
2.21122781641
2.38999207812
2.57022802969
2.75179455401
2.9345864044
3.11852095725
3.30353280819
3.48956932999
3.67658751272
3.86455445961
4.05343396419
4.2432039334
4.43384183195
4.62532893627
4.81764765355
5.01078252792
5.20471956152
2.26475767621
2.44808121359
2.6331980972
2.81992375346
3.00811451915
3.19766111453
3.38847651718
3.58049091189
3.77364746478
3.96790208321
4.16320923192
4.35953925082
4.55686355467
4.7551573291
4.95439846995
5.15456828572
5.35564908645
5.5576251616
5.76048214941
5.96420682
6.16878689358
3.05967115508
3.25463563581
3.45109027953
3.64894388722
3.84812253572
4.04856843272
4.25022454666
4.45305211118
4.65701484242
4.86208150833
5.0682249123
5.27542080022
5.48364856874
5.69288883346
5.90312436383
6.1143394575
6.32651969649
6.53965175982
6.7537232676
6.96872264931
7.18463905535