
33492475.6748
32135864.315
30800099.086
29485625.0105
28192891.3561
26922351.6591
25674463.7468
24449689.7619
23248496.1847
22071353.8575
20918738.0076
19791128.2703
18689008.7139
17612867.8619
16563198.7174
15540498.7871
14545270.1043
13578019.2538
12639257.3951
11729500.2866
10849268.3102
31049367.1888
29724353.3577
28421213.3101
27140406.5969
25882397.143
24647653.2699
23436647.7206
22249857.6832
21087764.8148
19950855.2656
18839619.7037
17754553.3384
16696155.9453
15664931.8902
14661390.1536
13686044.3553
12739412.779
11822018.3967
10934388.8935
10077056.6925
9250558.9791
28689507.3209
27397763.3305
26128946.2136
24883530.3429
23661994.5949
22464822.3746
21292501.64
20145524.9275
19024389.3755
17929596.7502
16861653.4701
15821070.631
14808364.031
13824054.1958
12868666.4033
11942730.7096
11046781.9738
10181359.8832
9347008.97926
8544278.68261
7773723.31873
26413985.3427
25157203.2868
23924426.9193
22716145.7301
21532853.8457
20375050.0553
19243237.8356
18137925.3766
17059625.6066
16008856.2186
14986139.695
13992003.3339
13026979.2746
12091604.5235
11186420.9801
10311975.4627
9468819.735
8657510.53129
7878609.58345
7132683.64675
6420304.52628
24223904.7794
23003796.7792
21808799.297
20639417.2388
19496160.2831
18379542.9072
17290084.4131
16228308.9537
15194745.559
14189928.1628
13214395.6284
12268691.7756
11353365.407
10468970.3346
9616065.40637
8795214.53324
8006986.71556
7251956.07019
6530701.85737
5843808.50763
5191865.649
22120383.5845
20938682.0361
19783222.1436
18654524.5315
17553114.7353
16479523.2277
15434285.4462
14417941.8191
13431037.7935
12474123.8614
11547755.5876
10652493.6366
9788903.79972
8957557.02274
8159029.43336
7393902.36829
6662762.40128
5966201.3704
5304816.40602
4679209.95836
4089989.82549
20104554.3162
18963012.1415
17848869.3659
16762662.6383
15704933.6594
14676229.2085
13677101.1717
12708106.569
11769807.5828
10862771.5851
9987571.16577
9144784.16063
8334993.67901
7558788.13243
6816761.26259
6109512.16949
5437645.34013
4801770.67661
4202503.52476
3640464.70283
3116280.52987
18177564.3164
17077955.2167
16006930.1652
14965042.1448
13952849.3328
12970915.1294
12019808.1863
11100102.4348
10212377.1147
9357216.80298
8535211.44203
7746956.36889
6993052.3439
6274105.5799
5590727.77072
4943536.12084
4333153.37407
3760207.8431
3225333.43865
2729169.69886
2272361.81881
16340575.8908
15284694.6034
14258609.2241
13262889.3817
12298110.0456
11364851.5547
10463699.6466
9595245.48716
8760085.69935
7958822.39305
7192063.19467
6460421.27638
5764515.386
5104969.87665
4482414.73677
3897485.61969
3350823.87377
2843076.57258
2374896.54481
1946942.40453
1559878.58157
14594766.4922
13584429.0508
12605126.8955
11657446.6174
10741980.2965
9859325.53181
9010085.47098
8194868.84061
7414289.97644
6668968.85362
5959531.11696
5286608.11131
4650836.91224
4052860.35637
3493327.07215
2972891.51066
2492213.97616
2051960.65722
1652803.6576
1295421.02724
980496.793427
12941328.9056
11978372.9027
11047719.394
10149972.2524
9285740.9907
8455640.79274
7660292.54387
6900322.86184
6176364.1281
5489054.51868
4839038.03534
4226964.53694
3653489.77069
3119275.40359
2624989.05382
2171304.32247
1758900.82507
1388464.22339
1060686.25721
776264.776211
535903.771956
11381471.4353
10467756.2889
9587638.99
8741741.01655
7930689.64001
7155117.95757
6415664.92329
5712975.38023
5047700.09206
4420495.77521
3832025.1307
3282956.87635
2773965.77889
2305732.68628
1878944.56002
1494294.50758
1152481.81494
854211.979161
600196.741078
391154.118031
227808.436755
9916418.09563
9053825.31794
8226154.20584
7434044.16873
6678140.56619
5959094.74086
5277564.05053
4634211.90095
4029707.77872
3464727.28376
2939952.16238
2456070.34021
2013775.95526
1613769.39096
1256757.30956
943452.685224
674574.837598
450849.465161
273008.678854
141791.035696
57941.5725285
8547408.80217
7737842.27278
6964550.01468
6228189.69895
5529425.10643
4868926.16088
4247368.96253
3665435.82136
3123815.29086
2623202.20161
2164297.69508
1747809.25748
1374450.75359
1044942.46094
760011.103807
520389.887448
326818.532354
180043.308647
80817.0705409
29899.2908633
28056.0956775
7275699.56759
6521085.80921
5804128.0421
5125502.53326
4485891.82143
3885984.7512
3326476.50744
2808068.64956
2331469.14606
1897392.40904
1506559.32888
1159697.30899
857540.300598
600828.837714
390310.072088
226737.808403
110872.539355
43481.4810077
25338.6081393
57224.6896873
139927.324317
6102562.69859
5404851.15612
4746206.77025
4127324.74149
3548906.70696
3011660.77543
2516301.56262
2063550.22642
1654134.50222
1288788.73845
968253.932108
693277.764421
464614.636593
283025.705632
149278.920288
64149.057063
28417.7563508
42873.5586127
108311.940688
225535.352184
395353.251953
5029286.99599
4390450.31936
3792121.74467
3235015.74737
2719853.4073
2247362.4446
1818277.25586
1433338.9503
1093295.3861
798901.206722
550917.877507
350113.72213
197263.959353
93150.7397992
38563.1827604
34297.4132181
81156.5988561
179950.987224
331497.942973
536621.985189
796154.824813
4057177.95767
3479212.28777
2943225.78395
2449952.54189
2000133.43227
1594516.1376
1233855.18929
918912.004783
650454.924768
429259.250574
256107.281505
131788.352433
57098.871383
32842.3572772
59829.4777315
138878.086979
270813.263854
456467.349939
696679.987748
992298.15899
1344176.22298
3187557.98391
2672483.24218
2200889.1923
1773529.89934
1391166.3768
1054566.62454
764505.666637
521765.589602
327135.580465
181411.965143
85398.2467529
39905.1441418
45750.6304466
103759.971785
214765.766053
379607.981757
599133.997064
874198.638825
1205664.22176
1594400.58777
2041285.14528
2421766.58574
1971626.7672
1566499.97491
1207160.59631
894390.143723
628977.293179
411717.923376
243415.154691
124879.388388
56928.3458519
40387.1079185
76088.1543839
164871.403522
307584.251781
505081.613523
758225.960902
1067887.36386
1434943.53012
1860279.84542
2344789.41384
2889373.09799
1761160.59606
1378024.06594
1041464.05623
752275.633691
511261.169373
319230.378416
177000.359989
85395.6373384
45248.1978962
57397.5335294
122690.680903
241982.261914
416134.524273
646017.382129
932508.45685
1276493.11794
1678864.5239
2140523.66342
2662379.39649
3245348.49574
3890355.68771