-748.210345943	-0.0	88.2424293602	0.0	1.03423444318	0.451691700283	1001.0
-1427.57549008	-0.0	204.930080877	0.0	1.200917316	0.909648727778	1001.0
-2053.39313153	-0.0	386.790131501	0.0	1.51103639696	1.3168647583	1001.0
-2683.01783146	-0.0	718.1237383	0.0	2.10412919028	1.95849633191	1001.0
-3305.79058747	-0.0	1451.17547211	0.0	3.40153081413	3.28502684121	1001.0
-3587.97496765	-0.0	2115.38084796	0.0	4.50777098656	4.40185548401	1001.0
-3822.90073725	-0.0	3105.77378187	0.0	6.0665019177	5.96941632751	1001.0
-3986.30193758	-0.0	4542.69798172	0.0	8.19111465757	8.10149249969	1001.0
-4037.76196064	-0.0	6619.79720287	0.0	11.083339045	11.0001220194	1001.0
-5699.21857371	-0.0	814.873153484	0.0	3.58507195928	3.50185493367	1001.0
-5207.74698238	-0.0	2577.76870114	0.0	7.82729801888	7.74408099327	1001.0
-5096.52433248	-0.0	849.697797664	0.0	3.16990966661	3.08028750873	1001.0
-4723.23020024	-0.0	2115.83248477	0.0	5.85443400599	5.76481184811	1001.0
-4557.97519097	-0.0	805.313728138	0.0	2.73568303773	2.63859744754	1001.0
-4288.03413103	-0.0	1661.25001707	0.0	4.44340022683	4.34631463664	1001.0
-4074.6488436	-0.0	710.256326893	0.0	2.30876050637	2.20284500383	1001.0
-3877.33038485	-0.0	1276.47438126	0.0	3.43471464893	3.32879914638	1001.0
-3632.66700046	-0.0	606.137183001	0.0	1.96722737551	1.8507234026	1001.0
-3490.48057834	-0.0	966.745015604	0.0	2.70212732711	2.5856233542	1001.0
