-831.633563856	-0.0	53.4278747614	0.0	0.626194776196	0.0436520332991	1001.0
-1577.90416	-0.0	61.6375013526	0.0	0.361203891456	0.0699353032378	1001.0
-2287.11751077	-0.0	50.6645955302	0.0	0.197926579942	0.00375494128148	1001.0
-3014.44575133	-0.0	68.7552486565	0.0	0.201455428873	0.0558225705051	1001.0
-3797.03260679	-0.0	275.45843269	0.0	0.645669917123	0.52916594421	1001.0
-4196.20601337	-0.0	538.207958182	0.0	1.14689429138	1.04097878883	1001.0
-4576.83516017	-0.0	1017.43577656	0.0	1.98735533338	1.89026974318	1001.0
-4924.5449062	-0.0	1782.33709811	0.0	3.21380104683	3.12417888895	1001.0
-5194.84010606	-0.0	3027.49483338	0.0	5.06884888873	4.98563186312	1001.0
-6134.34760669	-0.0	-565.253344069	-0.0	-2.48685811411	-2.57007513972	1001.0
-5843.75699807	-0.0	560.020276289	0.0	1.70048057345	1.61726354783	1001.0
-5531.81857054	-0.0	-459.998782016	-0.0	-1.71608610702	-1.8057082649	1001.0
-5320.35973185	-0.0	323.380922319	0.0	0.894783628733	0.805161470854	1001.0
-4977.56167042	-0.0	-381.688879367	-0.0	-1.29661243375	-1.39369802395	1001.0
-4823.68769761	-0.0	149.008695048	0.0	0.39855847258	0.301472882388	1001.0
-4462.77273385	-0.0	-306.763378994	-0.0	-0.997165596991	-1.10308109954	1001.0
-4350.3925928	-0.0	35.79262199	0.0	0.0963101530889	-0.00960534945957	1001.0
-3987.00782679	-0.0	-236.797409054	-0.0	-0.768529564935	-0.885033537848	1001.0
-3900.52910869	-0.0	-21.5951292752	-0.0	-0.0603600618623	-0.176864034775	1001.0
