-688.464929294	-0.0	59.7147988199	0.0	0.699879889469	0.117337146572	1001.0
-1321.3635453	-0.0	86.0267093651	0.0	0.504127868748	0.21285928053	1001.0
-1913.36239195	-0.0	105.572734548	0.0	0.412431009577	0.218259370916	1001.0
-2525.09318076	-0.0	163.574962739	0.0	0.479280708243	0.333647849875	1001.0
-3170.95498786	-0.0	404.319368359	0.0	0.947717775456	0.831213802543	1001.0
-3493.34897513	-0.0	682.037584679	0.0	1.45338804543	1.34747254288	1001.0
-3798.3489637	-0.0	1144.40437245	0.0	2.235362846	2.13827725581	1001.0
-4070.19749229	-0.0	1867.95783828	0.0	3.36818711928	3.27856496141	1001.0
-4283.38796059	-0.0	2976.40163594	0.0	4.98330499475	4.90008796913	1001.0
-5285.6198991	-0.0	-893.678761668	-0.0	-3.93178086106	-4.01499788668	1001.0
-4994.25991151	-0.0	273.804359426	0.0	0.831396672303	0.748179646689	1001.0
-4736.36559044	-0.0	-609.668111421	-0.0	-2.27444727423	-2.36406943211	1001.0
-4515.21388811	-0.0	235.921136917	0.0	0.652785481195	0.563163323317	1001.0
-4239.32064688	-0.0	-412.849881717	-0.0	-1.40246760869	-1.49955319888	1001.0
-4078.67707088	-0.0	165.14856613	0.0	0.44172831823	0.344642728039	1001.0
-3787.82039352	-0.0	-280.977674906	-0.0	-0.913346540443	-1.01926204299	1001.0
-3668.19082054	-0.0	106.835751872	0.0	0.287471748256	0.181556245708	1001.0
-3373.14370142	-0.0	-184.976474541	-0.0	-0.600343939867	-0.71684791278	1001.0
-3284.51166712	-0.0	66.5904210053	0.0	0.186125393375	0.0696214204616	1001.0
