-747.740449986	-0.0	36.6130152702	0.0	0.42911830211	-0.153424440786	1001.0
-1422.79618089	-0.0	-7.322184491	-0.0	-0.0429089673344	-0.334177555553	1001.0
-2069.44354765	-0.0	-112.857993169	-0.0	-0.44089163988	-0.635063278541	1001.0
-2742.47881374	-0.0	-256.42473828	-0.0	-0.751333994614	-0.896966852982	1001.0
-3492.07465607	-0.0	-355.669258185	-0.0	-0.83368273831	-0.950186711223	1001.0
-3890.27654813	-0.0	-337.285739577	-0.0	-0.718739073634	-0.824654576183	1001.0
-4290.90898119	-0.0	-205.790340152	-0.0	-0.401969873166	-0.499055463357	1001.0
-4683.37283138	-0.0	82.919212298	0.0	0.149514842937	0.059892685059	1001.0
-5040.51401457	-0.0	653.10511382	0.0	1.09347540214	1.01025837653	1001.0
-5598.10867261	-0.0	-1799.61209805	-0.0	-7.91747628785	-8.00069331347	1001.0
-5428.19917403	-0.0	-1038.27902024	-0.0	-3.15269531923	-3.23591234484	1001.0
-5041.54346675	-0.0	-1465.95478211	-0.0	-5.4689376004	-5.55855975827	1001.0
-4917.76123279	-0.0	-927.900336478	-0.0	-2.56746756804	-2.65708972592	1001.0
-4528.36650875	-0.0	-1186.70557822	-0.0	-4.0312864511	-4.1283720413	1001.0
-4436.90434186	-0.0	-815.525673405	-0.0	-2.1813134236	-2.27839901379	1001.0
-4052.80163291	-0.0	-943.159006028	-0.0	-3.06583437824	-3.17174988078	1001.0
-3983.11134491	-0.0	-697.319011023	-0.0	-1.87633363999	-1.98224914254	1001.0
-3614.53089714	-0.0	-734.004518999	-0.0	-2.38222274432	-2.49872671724	1001.0
-3556.93480454	-0.0	-573.897200911	-0.0	-1.60408720449	-1.7205911774	1001.0
