-731.235051018	-0.0	128.504611488	0.0	1.50612235262	0.923579609722	1001.0
-1384.09571955	-0.0	369.72497881	0.0	2.16663716381	1.87536857559	1001.0
-1972.69115039	-0.0	769.757674684	0.0	3.00713944995	2.81296781129	1001.0
-2541.87597899	-0.0	1457.09326294	0.0	4.26933730777	4.1237044494	1001.0
-3046.73048271	-0.0	2803.42418656	0.0	6.57117897798	6.45467500506	1001.0
-3233.08503294	-0.0	3933.65307033	0.0	8.38241832374	8.27650282119	1001.0
-3336.06530309	-0.0	5547.28655758	0.0	10.8355040976	10.7384185074	1001.0
-3322.5903615	-0.0	7810.66766389	0.0	14.0837173514	13.9940951935	1001.0
-3136.50902979	-0.0	10990.7078342	0.0	18.4014309712	18.3182139456	1001.0
-5510.77885388	-0.0	3169.8949786	0.0	13.946098915	13.8628818893	1001.0
-4801.17128868	-0.0	5554.73239388	0.0	16.8667366637	16.7835196381	1001.0
-4914.18413345	-0.0	2850.3602755	0.0	10.633644827	10.5440226691	1001.0
-4374.99393304	-0.0	4555.81975658	0.0	12.6057928972	12.5161707393	1001.0
-4389.99084272	-0.0	2471.83822938	0.0	8.39693361714	8.29984802695	1001.0
-4001.11351809	-0.0	3617.93888255	0.0	9.67702048829	9.5799348981	1001.0
-3927.27674161	-0.0	2068.12001443	0.0	6.72263467562	6.61671917308	1001.0
-3646.16121137	-0.0	2820.06835488	0.0	7.58818996426	7.48227446171	1001.0
-3506.7073548	-0.0	1693.04428788	0.0	5.49480078845	5.37829681554	1001.0
-3307.59757689	-0.0	2166.62448723	0.0	6.0558835474	5.93937957448	1001.0
