-825.09291033	-0.0	31.5742069735	0.0	0.370061574742	-0.212481168154	1001.0
-1569.9819927	-0.0	-25.7325437345	-0.0	-0.150796101886	-0.442064690105	1001.0
-2283.52391465	-0.0	-151.013307695	-0.0	-0.589949395729	-0.78412103439	1001.0
-3026.18351861	-0.0	-318.257567175	-0.0	-0.932506476815	-1.07813933518	1001.0
-3853.32375842	-0.0	-436.59617099	-0.0	-1.02337405607	-1.13987802898	1001.0
-4292.71894966	-0.0	-420.722979857	-0.0	-0.896539667458	-1.00245517001	1001.0
-4734.79611718	-0.0	-280.039820458	-0.0	-0.547001239356	-0.644086829547	1001.0
-5167.85967601	-0.0	34.1258378288	0.0	0.0615336197929	-0.0280885380854	1001.0
-5561.94649883	-0.0	658.88068134	0.0	1.10314527133	1.01992824572	1001.0
-6177.22336288	-0.0	-2009.29226452	-0.0	-8.83997383487	-8.92319086049	1001.0
-5989.73701962	-0.0	-1179.75587682	-0.0	-3.58228449018	-3.6655015158	1001.0
-5563.08244607	-0.0	-1645.33470175	-0.0	-6.13813804182	-6.22776019969	1001.0
-5426.49515343	-0.0	-1061.27694078	-0.0	-2.93651593715	-3.02613809503	1001.0
-4996.81821655	-0.0	-1339.92069829	-0.0	-4.55176435984	-4.64884995003	1001.0
-4895.89444619	-0.0	-938.566511412	-0.0	-2.51041481225	-2.60750040244	1001.0
-4472.05697425	-0.0	-1072.55152474	-0.0	-3.4864379346	-3.59235343715	1001.0
-4395.15734611	-0.0	-807.900888202	-0.0	-2.17388539585	-2.2798008984	1001.0
-3988.4478865	-0.0	-841.810245215	-0.0	-2.73210785581	-2.84861182872	1001.0
-3924.89357743	-0.0	-670.276754948	-0.0	-1.87347553599	-1.9899795089	1001.0
