-842.457342949	-0.0	37.9822134955	0.0	0.445165820003	-0.137376922893	1001.0
-1601.49229741	-0.0	0.226153219568	0.0	0.00132528770928	-0.289943300509	1001.0
-2326.67225327	-0.0	-90.2419546453	-0.0	-0.352539702791	-0.546711341452	1001.0
-3077.7813919	-0.0	-199.409300823	-0.0	-0.584276648017	-0.729909506385	1001.0
-3905.03417104	-0.0	-211.498426849	-0.0	-0.495748742928	-0.612252715841	1001.0
-4338.88749587	-0.0	-112.57753339	-0.0	-0.23989710375	-0.345812606299	1001.0
-4768.28939274	-0.0	144.463898457	0.0	0.282181053283	0.185095463092	1001.0
-5180.42278755	-0.0	616.138164238	0.0	1.11098258535	1.02136042747	1001.0
-5539.85691436	-0.0	1461.51695289	0.0	2.44697645752	2.36375943191	1001.0
-6276.14708812	-0.0	-1561.72068146	-0.0	-6.87086204693	-6.95407907255	1001.0
-6050.32893364	-0.0	-618.751954507	-0.0	-1.87881711247	-1.96203413809	1001.0
-5654.65800395	-0.0	-1279.36953212	-0.0	-4.77285672409	-4.86247888197	1001.0
-5490.22710524	-0.0	-618.853334625	-0.0	-1.71234539267	-1.80196755055	1001.0
-5082.05858016	-0.0	-1045.67934602	-0.0	-3.55221468339	-3.64930027358	1001.0
-4961.36396023	-0.0	-594.646922587	-0.0	-1.59052174179	-1.68760733198	1001.0
-4551.03563959	-0.0	-838.764169767	-0.0	-2.72648833385	-2.8324038364	1001.0
-4460.71780882	-0.0	-544.067001985	-0.0	-1.46396584934	-1.56988135189	1001.0
-4061.20040306	-0.0	-658.198700273	-0.0	-2.13619381555	-2.25269778847	1001.0
-3988.72175643	-0.0	-469.650253529	-0.0	-1.31270889817	-1.42921287109	1001.0
