-657.801549276	-0.0	66.5993563529	0.0	0.780569491719	0.198026748823	1001.0
-1260.93190711	-0.0	113.378366038	0.0	0.66441218611	0.373143597891	1001.0
-1823.28453353	-0.0	167.241141725	0.0	0.653345138966	0.459173500306	1001.0
-2401.19562755	-0.0	277.961004504	0.0	0.814436053486	0.668803195118	1001.0
-3003.50867691	-0.0	601.227264924	0.0	1.40926656165	1.29276258874	1001.0
-3298.80626079	-0.0	936.861092355	0.0	1.99640421942	1.89048871687	1001.0
-3572.18780668	-0.0	1472.3675512	0.0	2.87597268837	2.77888709818	1001.0
-3807.26372098	-0.0	2287.81332601	0.0	4.12524480912	4.03562265124	1001.0
-3977.29172227	-0.0	3512.45797114	0.0	5.8808089406	5.79759191498	1001.0
-5041.78194452	-0.0	-506.422429287	-0.0	-2.22802879568	-2.31124582129	1001.0
-4730.74102234	-0.0	707.558456446	0.0	2.1484747262	2.06525770058	1001.0
-4515.91191922	-0.0	-283.737405058	-0.0	-1.05851980027	-1.14814195815	1001.0
-4279.7748203	-0.0	594.712062031	0.0	1.6455473412	1.55592518332	1001.0
-4041.30916841	-0.0	-142.333298937	-0.0	-0.483511925852	-0.580597516043	1001.0
-3870.00780609	-0.0	457.300206481	0.0	1.22315594903	1.12607035884	1001.0
-3611.29216642	-0.0	-60.0571137421	-0.0	-0.195221763023	-0.301137265572	1001.0
-3484.41772218	-0.0	341.41108437	0.0	0.918662896813	0.812747394264	1001.0
-3216.70622922	-0.0	-7.24115074605	-0.0	-0.0235012640329	-0.140005236946	1001.0
-3123.4545698	-0.0	252.428541049	0.0	0.705557357836	0.589053384923	1001.0
