-794.219558708	-0.0	51.7624422417	0.0	0.606675281014	0.0241325381171	1001.0
-1507.54594319	-0.0	54.1671926248	0.0	0.317426896548	0.0261583083301	1001.0
-2186.24222891	-0.0	31.3883598882	0.0	0.12262193466	-0.071549704001	1001.0
-2883.80162704	-0.0	26.4349639784	0.0	0.0774554249977	-0.0681774333701	1001.0
-3638.29314138	-0.0	182.222763988	0.0	0.427127083288	0.310623110375	1001.0
-4025.58996061	-0.0	400.687325	0.0	0.853844687143	0.747929184594	1001.0
-4398.13344258	-0.0	813.274260084	0.0	1.58856703834	1.49148144815	1001.0
-4742.55512908	-0.0	1483.26031878	0.0	2.67452412356	2.58490196568	1001.0
-5018.3507628	-0.0	2588.63201887	0.0	4.33407330297	4.25085627735	1001.0
-5871.15235583	-0.0	-733.006484546	-0.0	-3.22489577977	-3.30811280538	1001.0
-5607.77540851	-0.0	305.882981582	0.0	0.928802205834	0.84558518022	1001.0
-5293.43696689	-0.0	-594.297972826	-0.0	-2.21710694565	-2.30672910353	1001.0
-5101.75925616	-0.0	130.843674352	0.0	0.362039841107	0.272417683228	1001.0
-4761.819804	-0.0	-486.416924736	-0.0	-1.65237780479	-1.74946339498	1001.0
-4622.12522798	-0.0	6.33827819536	0.0	0.0169532017948	-0.0801323883966	1001.0
-4268.22395746	-0.0	-387.206277308	-0.0	-1.25865342837	-1.36456893092	1001.0
-4165.75201432	-0.0	-67.80133932	-0.0	-0.18243864256	-0.288354145109	1001.0
-3812.23803345	-0.0	-297.73999887	-0.0	-0.966319659954	-1.08282363287	1001.0
-3732.76975276	-0.0	-95.9276642081	-0.0	-0.268125264365	-0.384629237279	1001.0
