-739.983193909	-0.0	59.9714867105	0.0	0.702888368038	0.120345625142	1001.0
-1403.3959491	-0.0	85.7396049933	0.0	0.502445399244	0.211176811025	1001.0
-2033.09289758	-0.0	101.146303949	0.0	0.395138692118	0.200967053457	1001.0
-2677.38125192	-0.0	152.112637895	0.0	0.445695671282	0.300062812914	1001.0
-3366.77487086	-0.0	389.846600021	0.0	0.91379385074	0.797289877827	1001.0
-3716.01590884	-0.0	661.929912503	0.0	1.4105395998	1.30462409726	1001.0
-4045.86791832	-0.0	1138.96500088	0.0	2.22473813204	2.12765254185	1001.0
-4343.18831148	-0.0	1885.25030243	0.0	3.3993678311	3.30974567322	1001.0
-4566.44230773	-0.0	3081.60139078	0.0	5.159437966	5.07622094039	1001.0
-5445.82492355	-0.0	-279.193373062	-0.0	-1.22832410014	-1.31154112575	1001.0
-5173.44468582	-0.0	772.733280383	0.0	2.34637563564	2.26315861002	1001.0
-4911.93811452	-0.0	-216.564102654	-0.0	-0.807920938867	-0.897543096745	1001.0
-4713.75209429	-0.0	517.338922271	0.0	1.43145858709	1.34183642921	1001.0
-4421.00576403	-0.0	-175.157366794	-0.0	-0.59501660102	-0.692102191211	1001.0
-4277.00007147	-0.0	323.051790335	0.0	0.864077281385	0.766991691193	1001.0
-3964.87042896	-0.0	-133.462729879	-0.0	-0.433834192179	-0.539749694727	1001.0
-3860.13471907	-0.0	188.769804749	0.0	0.507938446058	0.40202294351	1001.0
-3543.1248207	-0.0	-93.2586143926	-0.0	-0.30267224051	-0.419176213423	1001.0
-3463.1285913	-0.0	109.504527493	0.0	0.306073650657	0.189569677744	1001.0
