-683.024498919	-0.0	156.565126164	0.0	1.8350021328	1.2524593899	1001.0
-1284.34165655	-0.0	483.493961121	0.0	2.83333841282	2.5420698246	1001.0
-1816.4854883	-0.0	1031.66355468	0.0	4.03030236189	3.83613072323	1001.0
-2312.77072391	-0.0	1956.4242608	0.0	5.73239565297	5.5867627946	1001.0
-2704.79657267	-0.0	3700.89472964	0.0	8.67483478371	8.5583308108	1001.0
-2810.32764322	-0.0	5127.38560827	0.0	10.9262027706	10.8202872681	1001.0
-2809.48066903	-0.0	7131.57388644	0.0	13.9300894711	13.8330038809	1001.0
-2664.17805445	-0.0	9906.17804151	0.0	17.8622132668	17.772591109	1001.0
-2309.20900331	-0.0	13760.0359317	0.0	23.0380386029	22.9548215773	1001.0
-5102.12939802	-0.0	4790.98612558	0.0	21.0781640587	20.994947033	1001.0
-4263.58213574	-0.0	7530.85069917	0.0	22.8671458118	22.7839287862	1001.0
-4539.06341424	-0.0	4223.52249362	0.0	15.7564075327	15.6667853748	1001.0
-3901.78919492	-0.0	6179.7847	0.0	17.0992467305	17.0096245726	1001.0
-4051.06838415	-0.0	3614.3803199	0.0	12.278194929	12.1811093388	1001.0
-3591.98379621	-0.0	4926.04102829	0.0	13.175844453	13.0787588628	1001.0
-3626.25429101	-0.0	2999.71364714	0.0	9.75087463034	9.64495912779	1001.0
-3296.02004423	-0.0	3857.38111574	0.0	10.3793727624	10.2734572599	1001.0
-3242.13847073	-0.0	2439.91955041	0.0	7.91879572518	7.80229175226	1001.0
-3010.05786827	-0.0	2977.53866021	0.0	8.32245157866	8.20594760575	1001.0
