-703.556230419	-0.0	113.988603972	0.0	1.33598928783	0.753446544933	1001.0
-1335.24736944	-0.0	309.30325872	0.0	1.81255791098	1.52128932277	1001.0
-1908.91728076	-0.0	627.037151569	0.0	2.44958669082	2.25541505216	1001.0
-2471.29975764	-0.0	1176.09048043	0.0	3.44598873189	3.30035587352	1001.0
-2990.19595027	-0.0	2274.10659473	0.0	5.33046747639	5.21396350348	1001.0
-3198.06094374	-0.0	3209.81000235	0.0	6.83994488034	6.73402937779	1001.0
-3337.58584277	-0.0	4558.04048711	0.0	8.90321166257	8.80612607238	1001.0
-3379.93336805	-0.0	6463.27626993	0.0	11.654183748	11.5645615901	1001.0
-3276.3965023	-0.0	9157.524125	0.0	15.3321833857	15.2489663601	1001.0
-5321.07302108	-0.0	2302.02853461	0.0	10.1278805341	10.0446635084	1001.0
-4711.56270157	-0.0	4389.76466863	0.0	13.3293558413	13.2461388157	1001.0
-4749.48003298	-0.0	2109.36154346	0.0	7.86925135661	7.77962919873	1001.0
-4286.39389843	-0.0	3604.97446295	0.0	9.97483744038	9.8852152825	1001.0
-4244.44589842	-0.0	1853.40417371	0.0	6.29608832302	6.19900273283	1001.0
-3910.2344209	-0.0	2860.82251731	0.0	7.65193636822	7.55485077803	1001.0
-3796.16527096	-0.0	1564.84479101	0.0	5.08668732018	4.98077181763	1001.0
-3553.88637379	-0.0	2227.78882709	0.0	5.99449470469	5.88857920214	1001.0
-3387.87887677	-0.0	1291.28983073	0.0	4.19090063433	4.07439666142	1001.0
-3215.51829148	-0.0	1710.48525752	0.0	4.78093900912	4.66443503621	1001.0
