-743.382510834	-0.0	144.823505762	0.0	1.69738592792	1.11484318502	1001.0
-1402.79793258	-0.0	437.085879157	0.0	2.56138092862	2.2701123404	1001.0
-1992.26425763	-0.0	927.59628969	0.0	3.62375262773	3.42958098907	1001.0
-2553.04892227	-0.0	1764.81555432	0.0	5.1709750357	5.02534217733	1001.0
-3026.13827777	-0.0	3375.0337028	0.0	7.91102203659	7.79451806368	1001.0
-3180.99247397	-0.0	4709.07170363	0.0	10.0347967222	9.92888121962	1001.0
-3236.70080174	-0.0	6598.22816605	0.0	12.8883063076	12.7912207174	1001.0
-3156.00962318	-0.0	9230.46301518	0.0	16.6438053342	16.5541831763	1001.0
-2875.39312387	-0.0	12907.1632593	0.0	21.6100980329	21.5268810073	1001.0
-5579.44761025	-0.0	4135.00265047	0.0	18.1921345554	18.1089175298	1001.0
-4769.34977926	-0.0	6812.94540712	0.0	20.6872533072	20.6040362816	1001.0
-4970.01189433	-0.0	3672.34268534	0.0	13.700158585	13.6105364272	1001.0
-4354.40930338	-0.0	5584.83424097	0.0	15.4530397532	15.3634175953	1001.0
-4437.93742052	-0.0	3157.20953646	0.0	10.7251674393	10.6280818491	1001.0
-3994.21881694	-0.0	4440.09720045	0.0	11.8760744649	11.7789888747	1001.0
-3971.26849645	-0.0	2626.20464377	0.0	8.53674558551	8.43083008297	1001.0
-3651.33326731	-0.0	3465.84115447	0.0	9.32582397181	9.21990846927	1001.0
-3548.11685895	-0.0	2139.14929249	0.0	6.94264131375	6.82613734084	1001.0
-3322.42998557	-0.0	2666.20577245	0.0	7.45225200148	7.33574802857	1001.0
