-649.962717741	-0.0	130.286064075	0.0	1.5270016466	0.944458903701	1001.0
-1228.45198451	-0.0	374.617377843	0.0	2.19530726773	1.90403867951	1001.0
-1747.87148223	-0.0	775.632867546	0.0	3.03009150981	2.83591987115	1001.0
-2246.26307197	-0.0	1455.06260032	0.0	4.26338739097	4.1177545326	1001.0
-2678.06929085	-0.0	2763.71706876	0.0	6.47810616401	6.36160219109	1001.0
-2829.11842162	-0.0	3851.4173539	0.0	8.20717811725	8.1012626147	1001.0
-2899.99131947	-0.0	5395.66111487	0.0	10.5393344138	10.4422488236	1001.0
-2859.75548677	-0.0	7552.24703223	0.0	13.6177491024	13.5281269446	1001.0
-2655.7833284	-0.0	10571.1046892	0.0	17.6989013047	17.6156842791	1001.0
-4888.63906278	-0.0	3229.32234903	0.0	14.2075523675	14.1243353419	1001.0
-4220.48399117	-0.0	5468.08062251	0.0	16.6036218086	16.520404783	1001.0
-4357.11620566	-0.0	2891.98360642	0.0	10.788926151	10.6993039931	1001.0
-3849.39993721	-0.0	4494.30071253	0.0	12.4355718678	12.3459497099	1001.0
-3891.53259288	-0.0	2503.66956142	0.0	8.50506592892	8.40798033873	1001.0
-3525.46861297	-0.0	3581.44856382	0.0	9.57941862895	9.48233303876	1001.0
-3481.82053272	-0.0	2095.52629181	0.0	6.81172157066	6.70580606812	1001.0
-3217.54433534	-0.0	2803.18150601	0.0	7.54275113053	7.43683562798	1001.0
-3109.85271055	-0.0	1717.58825809	0.0	5.57445861422	5.45795464131	1001.0
-2923.05732465	-0.0	2163.63830195	0.0	6.04753692787	5.93103295495	1001.0
