-860.400281456	-0.0	86.1108686621	0.0	1.00925175053	0.426709007629	1001.0
-1625.62537985	-0.0	192.720321593	0.0	1.12936651542	0.838097927205	1001.0
-2344.22914271	-0.0	354.290725527	0.0	1.38407404372	1.18990240506	1001.0
-3064.53913019	-0.0	654.144174184	0.0	1.91666669425	1.77103383588	1001.0
-3796.68971941	-0.0	1360.4053274	0.0	3.18876712692	3.072263154	1001.0
-4143.39419003	-0.0	2005.46700746	0.0	4.27355007938	4.16763457683	1001.0
-4438.69206803	-0.0	3012.00494935	0.0	5.8833434386	5.78625784841	1001.0
-4663.78813591	-0.0	4482.14622462	0.0	8.08193143933	7.99230928145	1001.0
-4750.97117296	-0.0	6702.71418586	0.0	11.2221646022	11.1389475766	1001.0
-6207.26166719	-0.0	1624.03860842	0.0	7.14503263601	7.06181561039	1001.0
-5752.52016769	-0.0	3224.43350409	0.0	9.79087144919	9.70765442357	1001.0
-5608.88238782	-0.0	1335.32747236	0.0	4.9816151982	4.89199304032	1001.0
-5278.21165967	-0.0	2438.93948999	0.0	6.74845971576	6.65883755788	1001.0
-5060.46915241	-0.0	1067.68744729	0.0	3.62697708618	3.52989149599	1001.0
-4822.18920204	-0.0	1806.26670433	0.0	4.83128114447	4.73419555428	1001.0
-4549.3041639	-0.0	849.859067481	0.0	2.76255342852	2.65663792597	1001.0
-4380.15654404	-0.0	1317.7783357	0.0	3.54585459774	3.4399390952	1001.0
-4074.79116561	-0.0	675.651988758	0.0	2.19283872674	2.07633475383	1001.0
-3951.32125647	-0.0	961.337301018	0.0	2.68701234527	2.57050837235	1001.0
