-674.6376888	-0.0	76.1616403069	0.0	0.892643054203	0.310100311307	1001.0
-1290.44329634	-0.0	153.138983121	0.0	0.897414648925	0.606146060706	1001.0
-1861.45635713	-0.0	261.064892492	0.0	1.01987750565	0.825705866988	1001.0
-2442.66658831	-0.0	462.466443962	0.0	1.35504383488	1.20941097651	1001.0
-3034.55295785	-0.0	948.183289556	0.0	2.22252562758	2.10602165466	1001.0
-3315.14176318	-0.0	1410.86334205	0.0	3.00647935119	2.90056384864	1001.0
-3563.99411159	-0.0	2119.5192086	0.0	4.14005276838	4.04296717819	1001.0
-3761.96898499	-0.0	3168.40254875	0.0	5.71306933954	5.62344718166	1001.0
-3877.49354276	-0.0	4709.4151656	0.0	7.88484048448	7.80162345886	1001.0
-5156.09956625	-0.0	64.4996480169	0.0	0.283769171313	0.200552145698	1001.0
-4780.00716696	-0.0	1471.18133958	0.0	4.46718698213	4.38396995652	1001.0
-4614.88418289	-0.0	203.574888235	0.0	0.759462961855	0.669840803976	1001.0
-4329.287661	-0.0	1218.13206298	0.0	3.37052853884	3.28090638096	1001.0
-4128.66636088	-0.0	264.327278513	0.0	0.897930367969	0.800844777778	1001.0
-3921.84149294	-0.0	953.908343421	0.0	2.55145011646	2.45436452627	1001.0
-3690.04519283	-0.0	270.903835623	0.0	0.88060050017	0.774684997622	1001.0
-3537.94396668	-0.0	730.091732022	0.0	1.964517897	1.85860239445	1001.0
-3288.19473729	-0.0	257.002287887	0.0	0.834104804127	0.717600831214	1001.0
-3177.57964752	-0.0	551.933072802	0.0	1.54269576226	1.42619178934	1001.0
