-737.740650068	-0.0	67.7963889486	0.0	0.794599163715	0.212056420819	1001.0
-1413.21127766	-0.0	120.674731448	0.0	0.707169850222	0.415901262004	1001.0
-2041.92128996	-0.0	189.686184335	0.0	0.741029062502	0.546857423841	1001.0
-2686.08892961	-0.0	334.625192866	0.0	0.980464227207	0.83483136884	1001.0
-3352.66175565	-0.0	740.874274064	0.0	1.73659679416	1.62009282125	1001.0
-3676.14565324	-0.0	1153.45109641	0.0	2.45794670582	2.35203120327	1001.0
-3971.84834098	-0.0	1804.35963492	0.0	3.52445218302	3.42736659283	1001.0
-4220.58212542	-0.0	2787.60171174	0.0	5.02643260291	4.93681044503	1001.0
-4390.92120041	-0.0	4254.819433	0.0	7.12372371935	7.04050669374	1001.0
-5649.39111746	-0.0	-391.674844943	-0.0	-1.72319151485	-1.80640854046	1001.0
-5280.80975707	-0.0	1014.22775661	0.0	3.07966455892	2.9964475333	1001.0
-5058.96278246	-0.0	-177.402352137	-0.0	-0.661822865099	-0.751445022977	1001.0
-4779.11655034	-0.0	836.57162563	0.0	2.31476423998	2.22514208211	1001.0
-4526.86812099	-0.0	-50.9200512528	-0.0	-0.172977456643	-0.270063046834	1001.0
-4323.98184106	-0.0	638.422602564	0.0	1.70760999723	1.61052440704	1001.0
-4045.42401644	-0.0	12.9561925233	0.0	0.042115422951	-0.0638000795974	1001.0
-3895.5309257	-0.0	472.406824995	0.0	1.27114391475	1.1652284122	1001.0
-3603.8663838	-0.0	48.5986201273	0.0	0.157727555094	0.0412235821811	1001.0
-3494.10356623	-0.0	344.124564665	0.0	0.961854858419	0.845350885506	1001.0
