-668.19524929	-0.0	96.8969117123	0.0	1.13566822964	0.553125486744	1001.0
-1272.44167508	-0.0	238.077896801	0.0	1.39516789142	1.1038993032	1001.0
-1826.2139104	-0.0	458.611718279	0.0	1.7916149921	1.59744335344	1001.0
-2378.2429306	-0.0	844.032216356	0.0	2.47304570125	2.32741284289	1001.0
-2911.33813873	-0.0	1647.44284645	0.0	3.86157822704	3.74507425413	1001.0
-3143.46131582	-0.0	2351.93159037	0.0	5.01184880996	4.90593330741	1001.0
-3325.11125423	-0.0	3384.32982574	0.0	6.61060489912	6.51351930893	1001.0
-3432.53466398	-0.0	4862.93845266	0.0	8.7685526528	8.67893049492	1001.0
-3425.93477366	-0.0	6977.97023756	0.0	11.6830180168	11.5998009912	1001.0
-5076.58408285	-0.0	1278.62924797	0.0	5.62538825044	5.54217122483	1001.0
-4586.69061749	-0.0	3010.57332866	0.0	9.14149304425	9.05827601864	1001.0
-4536.65904023	-0.0	1235.26794035	0.0	4.60832992121	4.51870776333	1001.0
-4164.51636589	-0.0	2479.58138398	0.0	6.86091440579	6.77129224791	1001.0
-4056.17863465	-0.0	1123.79461984	0.0	3.81757540197	3.72048981177	1001.0
-3787.29892415	-0.0	1965.13031363	0.0	5.25619888133	5.15911329114	1001.0
-3626.68504399	-0.0	971.145263211	0.0	3.15680655667	3.05089105412	1001.0
-3430.84092201	-0.0	1527.48527986	0.0	4.11013032757	4.00421482502	1001.0
-3234.50098181	-0.0	817.438726735	0.0	2.65300972475	2.53650575184	1001.0
-3094.14633511	-0.0	1171.4800999	0.0	3.27437777286	3.15787379994	1001.0
