-662.075048711	-0.0	138.315473387	0.0	1.62110934205	1.03856659915	1001.0
-1249.3669087	-0.0	407.943866604	0.0	2.39060488955	2.09933630133	1001.0
-1774.36035445	-0.0	854.137898589	0.0	3.33677968407	3.14260804541	1001.0
-2273.8091964	-0.0	1609.11773203	0.0	4.71477464117	4.5691417828	1001.0
-2695.15440364	-0.0	3052.55141696	0.0	7.15512900134	7.03862502843	1001.0
-2833.07142213	-0.0	4245.34385712	0.0	9.04661583068	8.94070032813	1001.0
-2882.68665155	-0.0	5932.54199871	0.0	11.5880228052	11.490937215	1001.0
-2810.82107064	-0.0	8281.53923995	0.0	14.9327641258	14.8431419679	1001.0
-2560.89700094	-0.0	11560.7691902	0.0	19.3558685606	19.2726515349	1001.0
-4969.19552788	-0.0	3707.59725502	0.0	16.3117448384	16.2285278128	1001.0
-4247.70214716	-0.0	6103.80003687	0.0	18.5339599768	18.4507429511	1001.0
-4426.41684339	-0.0	3299.99829404	0.0	12.3110787398	12.2214565819	1001.0
-3878.14578582	-0.0	5013.52186881	0.0	13.8722385302	13.7826163723	1001.0
-3952.53801515	-0.0	2844.08689045	0.0	9.66147725064	9.56439166045	1001.0
-3557.35113384	-0.0	3995.3535013	0.0	10.6865038203	10.5894182301	1001.0
-3536.91100465	-0.0	2372.61112634	0.0	7.7124140371	7.60649853455	1001.0
-3251.9686912	-0.0	3127.4128086	0.0	8.4151869749	8.30927147235	1001.0
-3160.0415775	-0.0	1938.88019031	0.0	6.29266492006	6.17616094715	1001.0
-2959.0392059	-0.0	2413.72080906	0.0	6.74653693882	6.6300329659	1001.0
