-651.343732323	-0.0	80.0665124002	0.0	0.938409623012	0.355866880116	1001.0
-1244.89980654	-0.0	168.476798512	0.0	0.987296271056	0.696027682837	1001.0
-1794.14812002	-0.0	295.231406826	0.0	1.15335259333	0.959180954665	1001.0
-2351.18319325	-0.0	524.800010498	0.0	1.53768349694	1.39205063858	1001.0
-2913.39727053	-0.0	1052.57220401	0.0	2.46721148122	2.3507075083	1001.0
-3176.34021801	-0.0	1543.47303713	0.0	3.28906399148	3.18314848893	1001.0
-3405.33337122	-0.0	2286.50597409	0.0	4.46622769424	4.36914210405	1001.0
-3581.063231	-0.0	3377.00201869	0.0	6.0892031223	5.99958096442	1001.0
-3671.56538125	-0.0	4968.53192092	0.0	8.3186723321	8.23545530648	1001.0
-4972.80702146	-0.0	280.866947378	0.0	1.2356870674	1.15247004179	1001.0
-4589.2974827	-0.0	1701.19777419	0.0	5.16562326237	5.08240623676	1001.0
-4449.60478001	-0.0	385.002977612	0.0	1.43630437052	1.34668221264	1001.0
-4158.35358462	-0.0	1409.213516	0.0	3.89924419309	3.80962203521	1001.0
-3980.36532282	-0.0	414.690792952	0.0	1.40872125799	1.3116356678	1001.0
-3769.55328777	-0.0	1110.59435898	0.0	2.97054337149	2.87345778129	1001.0
-3557.74730603	-0.0	393.813513432	0.0	1.28013092212	1.17421541957	1001.0
-3403.04286172	-0.0	856.897439101	0.0	2.30572444691	2.19980894436	1001.0
-3170.78505405	-0.0	356.086545716	0.0	1.15568425833	1.03918028542	1001.0
-3058.63695203	-0.0	653.228942424	0.0	1.82582557727	1.70932160435	1001.0
