-747.815354233	-0.0	57.5073249706	0.0	0.674007466147	0.0914647232506	1001.0
-1435.27419576	-0.0	78.7320617647	0.0	0.461380271226	0.170111683008	1001.0
-2078.30742574	-0.0	92.6068742581	0.0	0.361778510402	0.167606871742	1001.0
-2742.77362737	-0.0	148.254476104	0.0	0.434391114126	0.288758255758	1001.0
-3444.31317647	-0.0	402.396535263	0.0	0.943210687134	0.826706714221	1001.0
-3794.49974885	-0.0	700.379251479	0.0	1.49247322176	1.38655771921	1001.0
-4125.79283988	-0.0	1198.92590144	0.0	2.34185964307	2.24477405288	1001.0
-4421.07658645	-0.0	1981.17933306	0.0	3.57234118129	3.48271902341	1001.0
-4652.6455434	-0.0	3181.49879181	0.0	5.32669335636	5.24347633075	1001.0
-5741.27678695	-0.0	-990.314532312	-0.0	-4.35693438357	-4.44015140918	1001.0
-5424.79955906	-0.0	269.017615119	0.0	0.816861902674	0.73364487706	1001.0
-5144.67296893	-0.0	-685.333561351	-0.0	-2.55672721166	-2.64634936954	1001.0
-4904.45646467	-0.0	225.103404029	0.0	0.622853195091	0.533231037213	1001.0
-4604.77932334	-0.0	-473.817450466	-0.0	-1.6095768853	-1.70666247549	1001.0
-4430.2871632	-0.0	147.155417175	0.0	0.393601449112	0.296515858921	1001.0
-4114.35663434	-0.0	-331.720176323	-0.0	-1.07829020772	-1.18420571027	1001.0
-3984.41416714	-0.0	84.0078740122	0.0	0.226046898968	0.12013139642	1001.0
-3663.93195155	-0.0	-227.484575888	-0.0	-0.738304624338	-0.854808597251	1001.0
-3567.65922464	-0.0	41.4885761396	0.0	0.115963789355	-0.000540183557768	1001.0
