-737.132107881	-0.0	128.852862424	0.0	1.51020398449	0.927661241598	1001.0
-1395.2577818	-0.0	371.330465562	0.0	2.17604552803	1.88477693981	1001.0
-1988.59994999	-0.0	773.901069529	0.0	3.02332605842	2.82915441976	1001.0
-2562.37497882	-0.0	1466.09165533	0.0	4.29570293122	4.15007007285	1001.0
-3071.30088983	-0.0	2822.59192813	0.0	6.6161078407	6.49960386779	1001.0
-3259.15829934	-0.0	3961.59160921	0.0	8.44195395538	8.33603845284	1001.0
-3362.96905553	-0.0	5587.89407308	0.0	10.914822679	10.8177370888	1001.0
-3349.38544506	-0.0	7869.18443135	0.0	14.189231201	14.0996090431	1001.0
-3161.80345745	-0.0	11074.525844	0.0	18.5417650919	18.4585480663	1001.0
-5555.22061883	-0.0	3193.62561409	0.0	14.0505029385	13.9672859128	1001.0
-4839.89041197	-0.0	5596.87273098	0.0	16.9946942174	16.9114771918	1001.0
-4953.81465065	-0.0	2871.18534943	0.0	10.711335511	10.6217133532	1001.0
-4410.27614218	-0.0	4589.64566721	0.0	12.6993880012	12.6097658433	1001.0
-4425.39399467	-0.0	2489.39842546	0.0	8.4565863076	8.35950071741	1001.0
-4033.38056259	-0.0	3644.10073568	0.0	9.74699645997	9.64991086978	1001.0
-3958.94832824	-0.0	2082.31747147	0.0	6.76878495527	6.66286945272	1001.0
-3675.56573727	-0.0	2839.81375181	0.0	7.64132052848	7.53540502594	1001.0
-3534.98725283	-0.0	1704.21305228	0.0	5.53104918191	5.41454520899	1001.0
-3334.2717509	-0.0	2181.21200872	0.0	6.09665680181	5.9801528289	1001.0
