-742.221679137	-0.0	95.4363103155	0.0	1.11854943222	0.53600668932	1001.0
-1400.42546326	-0.0	227.342246049	0.0	1.33225556136	1.04098697314	1001.0
-2016.09890351	-0.0	427.549184889	0.0	1.67026593298	1.47609429432	1001.0
-2628.48758579	-0.0	777.258996041	0.0	2.27739768894	2.13176483057	1001.0
-3238.43353566	-0.0	1536.54904814	0.0	3.60164503543	3.48514106252	1001.0
-3519.01118785	-0.0	2203.49190495	0.0	4.69553125048	4.58961574793	1001.0
-3746.24631262	-0.0	3220.66143877	0.0	6.29091175559	6.1938261654	1001.0
-3902.82993083	-0.0	4684.67294255	0.0	8.44711520776	8.35749304988	1001.0
-3924.2984735	-0.0	6866.8444452	0.0	11.4969632488	11.4137462232	1001.0
-5315.78615894	-0.0	2051.14573524	0.0	9.02411010642	8.9408930808	1001.0
-4880.47686233	-0.0	3568.51778004	0.0	10.8356704532	10.7524534275	1001.0
-4806.57431248	-0.0	1697.06079045	0.0	6.33110903578	6.2414868779	1001.0
-4490.07796799	-0.0	2744.66245363	0.0	7.59438439441	7.50476223653	1001.0
-4340.4722633	-0.0	1372.69840534	0.0	4.66311154549	4.5660259553	1001.0
-4112.83894664	-0.0	2074.43773111	0.0	5.54856703702	5.45148144683	1001.0
-3905.50130612	-0.0	1104.27192154	0.0	3.58954831406	3.48363281151	1001.0
-3744.82130186	-0.0	1549.02599929	0.0	4.16809171375	4.0621762112	1001.0
-3501.10883779	-0.0	885.2092739	0.0	2.8729600584	2.75645608549	1001.0
-3385.10438385	-0.0	1156.5565041	0.0	3.23266516468	3.11616119177	1001.0
