-723.986779097	-0.0	44.6393000233	0.0	0.523189376565	-0.0593533663314	1001.0
-1376.28244309	-0.0	24.1912503257	0.0	0.141763919125	-0.149504669093	1001.0
-1999.48396765	-0.0	-41.5549543789	-0.0	-0.162338807086	-0.356510445747	1001.0
-2644.96838367	-0.0	-123.373094936	-0.0	-0.36148774439	-0.507120602758	1001.0
-3355.88874074	-0.0	-121.762427911	-0.0	-0.285409075954	-0.401913048867	1001.0
-3728.73144176	-0.0	-30.7546263798	-0.0	-0.0655365735353	-0.171452076084	1001.0
-4097.74869688	-0.0	196.142283442	0.0	0.383124342665	0.286038752474	1001.0
-4451.92583305	-0.0	607.48274254	0.0	1.09537565928	1.0057535014	1001.0
-4760.81453577	-0.0	1339.98287593	0.0	2.24349539318	2.16027836757	1001.0
-5393.56390385	-0.0	-1310.14018563	-0.0	-5.76402207158	-5.8472390972	1001.0
-5199.50142735	-0.0	-485.42784621	-0.0	-1.47398345603	-1.55720048164	1001.0
-4859.47172214	-0.0	-1061.76350464	-0.0	-3.96104874727	-4.05067090515	1001.0
-4718.16391856	-0.0	-481.004247792	-0.0	-1.33092182182	-1.4205439797	1001.0
-4367.39409233	-0.0	-857.234356083	-0.0	-2.91205949353	-3.00914508373	1001.0
-4263.67215332	-0.0	-458.449357755	-0.0	-1.22622962185	-1.32331521205	1001.0
-3911.04625277	-0.0	-677.55173849	-0.0	-2.2024509119	-2.30836641445	1001.0
-3833.42936696	-0.0	-415.295826465	-0.0	-1.11747065178	-1.22338615433	1001.0
-3490.09409638	-0.0	-522.310484457	-0.0	-1.69516656024	-1.81167053315	1001.0
-3427.80775944	-0.0	-353.294024236	-0.0	-0.987484209367	-1.10398818228	1001.0
