-808.530218034	-0.0	68.576865816	0.0	0.803746645989	0.221203903092	1001.0
-1531.17316636	-0.0	121.5946311	0.0	0.712560583566	0.421291995348	1001.0
-2214.29196186	-0.0	187.543184143	0.0	0.732657206485	0.538485567824	1001.0
-2907.83090612	-0.0	327.430177907	0.0	0.959382566498	0.81374970813	1001.0
-3635.95736569	-0.0	739.879331768	0.0	1.73426466621	1.6177606933	1001.0
-3996.06257672	-0.0	1154.69470057	0.0	2.46059676421	2.35468126166	1001.0
-4324.53654845	-0.0	1838.02598454	0.0	3.59021259858	3.49312700838	1001.0
-4605.74745447	-0.0	2870.03471553	0.0	5.17507074445	5.08544858658	1001.0
-4787.28525238	-0.0	4476.00055459	0.0	7.49404100942	7.4108239838	1001.0
-5905.13508495	-0.0	392.554471177	0.0	1.72706147097	1.64384444535	1001.0
-5557.56378934	-0.0	1675.03396833	0.0	5.08617784679	5.00296082118	1001.0
-5329.89500682	-0.0	328.761377467	0.0	1.22648766574	1.13686550786	1001.0
-5077.07277307	-0.0	1218.08279523	0.0	3.37039221671	3.28077005883	1001.0
-4801.59622484	-0.0	258.823966087	0.0	0.879235394908	0.782149804716	1001.0
-4618.61165815	-0.0	858.15608364	0.0	2.29533838827	2.19825279808	1001.0
-4310.15556591	-0.0	207.548902382	0.0	0.674658839092	0.568743336544	1001.0
-4178.57387437	-0.0	591.221489985	0.0	1.59084831018	1.48493280764	1001.0
-3855.08360782	-0.0	171.491445119	0.0	0.556578073356	0.440074100443	1001.0
-3756.65418021	-0.0	409.431919161	0.0	1.14439398135	1.02789000844	1001.0
