-719.153556991	-0.0	151.28260809	0.0	1.77308903523	1.19054629234	1001.0
-1354.76701183	-0.0	462.88250063	0.0	2.71255253451	2.42128394629	1001.0
-1920.22623105	-0.0	986.077749979	0.0	3.85221661336	3.6580449747	1001.0
-2453.1214922	-0.0	1874.09050479	0.0	5.49115469388	5.34552183551	1001.0
-2889.17737723	-0.0	3565.38462061	0.0	8.35720137525	8.24069740234	1001.0
-3020.36102825	-0.0	4957.31919892	0.0	10.563799742	10.4578842395	1001.0
-3047.88584499	-0.0	6920.56196912	0.0	13.5179203013	13.4208347111	1001.0
-2933.76201329	-0.0	9647.09256461	0.0	17.3950462097	17.3054240519	1001.0
-2613.06650598	-0.0	13444.6506811	0.0	22.5099980067	22.4267809811	1001.0
-5385.28225407	-0.0	4500.85129342	0.0	19.8017025054	19.7184854798	1001.0
-4553.83868317	-0.0	7232.20509376	0.0	21.9603196274	21.8771026018	1001.0
-4794.13242335	-0.0	3980.77532931	0.0	14.8508072301	14.7611850722	1001.0
-4162.28231511	-0.0	5931.00702717	0.0	16.410887667	16.3212655091	1001.0
-4279.84487176	-0.0	3413.37111505	0.0	11.5953585971	11.4982730069	1001.0
-3824.54431	-0.0	4721.13232933	0.0	12.6277683958	12.5306828056	1001.0
-3830.39493272	-0.0	2835.31469266	0.0	9.2164790903	9.11056358775	1001.0
-3502.50419159	-0.0	3690.72249775	0.0	9.93093070593	9.82501520338	1001.0
-3423.40591582	-0.0	2307.22836831	0.0	7.48814449104	7.37164051813	1001.0
-3192.54867376	-0.0	2843.72074987	0.0	7.94842013653	7.83191616361	1001.0
