-831.137874375	-0.0	33.553877495	0.0	0.393264057429	-0.189278685468	1001.0
-1581.00244568	-0.0	-17.6979740675	-0.0	-0.103712463416	-0.394981051634	1001.0
-2298.70837502	-0.0	-132.166775938	-0.0	-0.516323433943	-0.710495072604	1001.0
-3044.54860501	-0.0	-281.304508236	-0.0	-0.824232643441	-0.969865501809	1001.0
-3872.30406595	-0.0	-366.336804262	-0.0	-0.858687286271	-0.975191259184	1001.0
-4310.26258533	-0.0	-324.337608387	-0.0	-0.691147252442	-0.797062754991	1001.0
-4748.6592487	-0.0	-146.954266806	-0.0	-0.28704548496	-0.384131075152	1001.0
-5175.43720984	-0.0	216.988008629	0.0	0.391259481733	0.301637323854	1001.0
-5558.89103646	-0.0	911.606883124	0.0	1.5262775961	1.44306057048	1001.0
-6212.69615276	-0.0	-1869.95717221	-0.0	-8.22696268063	-8.31017970624	1001.0
-6013.01090839	-0.0	-1004.20048041	-0.0	-3.04921711066	-3.13243413628	1001.0
-5595.81142477	-0.0	-1531.46409036	-0.0	-5.71332871221	-5.80295087009	1001.0
-5450.36276762	-0.0	-922.992001446	-0.0	-2.55388637779	-2.64350853566	1001.0
-5027.15584418	-0.0	-1248.43428537	-0.0	-4.24098134537	-4.33806693557	1001.0
-4919.9371437	-0.0	-831.214967395	-0.0	-2.22327809584	-2.32036368603	1001.0
-4500.05548046	-0.0	-999.918899095	-0.0	-3.25033818974	-3.35625369229	1001.0
-4418.87767926	-0.0	-725.668478036	-0.0	-1.95261588354	-2.05853138609	1001.0
-4014.14730886	-0.0	-784.812382411	-0.0	-2.54712043184	-2.66362440475	1001.0
-3947.73892344	-0.0	-607.836873337	-0.0	-1.69895122226	-1.81545519517	1001.0
