-772.698492583	-0.0	37.193788134	0.0	0.435925178391	-0.146617564506	1001.0
-1469.83821122	-0.0	-4.45513531455	-0.0	-0.0261076808317	-0.31737626905	1001.0
-2137.0804424	-0.0	-104.875436808	-0.0	-0.409706942494	-0.603878581155	1001.0
-2830.47878122	-0.0	-237.528148522	-0.0	-0.695966285699	-0.841599144067	1001.0
-3600.03268631	-0.0	-310.581731381	-0.0	-0.727998336455	-0.844502309368	1001.0
-4007.1972473	-0.0	-268.536774609	-0.0	-0.572238461255	-0.678153963804	1001.0
-4414.76914528	-0.0	-100.624734568	-0.0	-0.196550099299	-0.29363568949	1001.0
-4811.53928102	-0.0	240.725543096	0.0	0.434061549423	0.344439391545	1001.0
-5168.03151046	-0.0	889.505396421	0.0	1.48927370262	1.40605667701	1001.0
-5775.86595452	-0.0	-1722.49404604	-0.0	-7.57819186715	-7.66140889276	1001.0
-5590.22107889	-0.0	-910.436576781	-0.0	-2.76450653257	-2.84772355818	1001.0
-5202.35593397	-0.0	-1404.93567799	-0.0	-5.24129778713	-5.33091994501	1001.0
-5067.13413552	-0.0	-832.682708019	-0.0	-2.30400374185	-2.39362589973	1001.0
-4673.68394889	-0.0	-1139.95558373	-0.0	-3.87247484453	-3.96956043472	1001.0
-4574.00406328	-0.0	-746.482494329	-0.0	-1.99664135473	-2.09372694492	1001.0
-4183.64532949	-0.0	-907.981491551	-0.0	-2.95148628578	-3.05740178832	1001.0
-4108.17534244	-0.0	-648.514036491	-0.0	-1.74501007923	-1.85092558178	1001.0
-3731.90257621	-0.0	-707.965749978	-0.0	-2.29771352648	-2.41421749939	1001.0
-3670.16353039	-0.0	-539.942511985	-0.0	-1.50918121444	-1.62568518736	1001.0
