-776.583793912	-0.0	95.9045887805	0.0	1.12403783186	0.54149508896	1001.0
-1465.25997544	-0.0	229.967136073	0.0	1.34763776327	1.05636917505	1001.0
-2109.43681571	-0.0	435.492354842	0.0	1.70129676321	1.50712512455	1001.0
-2750.17682588	-0.0	797.44262513	0.0	2.33653647083	2.19090361247	1001.0
-3388.36101416	-0.0	1587.93445628	0.0	3.72209156485	3.60558759194	1001.0
-3681.92837247	-0.0	2283.77975936	0.0	4.86662066023	4.76070515768	1001.0
-3919.6836419	-0.0	3346.06453148	0.0	6.53586137391	6.43877578371	1001.0
-4083.5165017	-0.0	4875.88055568	0.0	8.79188905997	8.70226690209	1001.0
-4105.97895839	-0.0	7157.10230712	0.0	11.9829337695	11.8997167439	1001.0
-5561.88737	-0.0	2135.58321475	0.0	9.39559668542	9.3123796598	1001.0
-5106.42486522	-0.0	3718.48014979	0.0	11.2910255667	11.2078085411	1001.0
-5029.10090102	-0.0	1763.21864613	0.0	6.57791963929	6.48829748141	1001.0
-4697.95194799	-0.0	2854.99836174	0.0	7.89967996823	7.81005781035	1001.0
-4541.42005327	-0.0	1422.62083542	0.0	4.83270004296	4.73561445277	1001.0
-4303.24815713	-0.0	2153.16776061	0.0	5.75914884429	5.66206325409	1001.0
-4086.31155177	-0.0	1141.15324469	0.0	3.70943481008	3.60351930753	1001.0
-3918.19265842	-0.0	1603.53465041	0.0	4.31476262642	4.20884712388	1001.0
-3663.19720991	-0.0	911.926485605	0.0	2.95967117222	2.8431671993	1001.0
-3541.8221794	-0.0	1193.53727644	0.0	3.33602929268	3.21952531977	1001.0
