-838.435600507	-0.0	96.7474900175	0.0	1.13391695121	0.551374208311	1001.0
-1581.96209738	-0.0	234.691938116	0.0	1.37532572672	1.0840571385	1001.0
-2277.44505767	-0.0	449.790060756	0.0	1.75715225762	1.56298061896	1001.0
-2969.21745802	-0.0	833.773157492	0.0	2.44298627825	2.29735341988	1001.0
-3658.23047546	-0.0	1680.42819093	0.0	3.9388953178	3.82239134489	1001.0
-3975.17930479	-0.0	2428.29789729	0.0	5.17458159777	5.06866609522	1001.0
-4231.87083462	-0.0	3571.79009837	0.0	6.97677068687	6.87968509668	1001.0
-4408.75232927	-0.0	5220.05425933	0.0	9.41248199395	9.32285983607	1001.0
-4433.00383118	-0.0	7679.56645857	0.0	12.8576807069	12.7744636813	1001.0
-6004.86954991	-0.0	2287.57067787	0.0	10.0642725276	9.981055502	1001.0
-5513.13127041	-0.0	3988.41241534	0.0	12.1106647712	12.0274477456	1001.0
-5429.64876039	-0.0	1882.30278636	0.0	7.0221787256	6.93255656773	1001.0
-5072.12511198	-0.0	3053.60299635	0.0	8.4492120011	8.35958984322	1001.0
-4903.12607521	-0.0	1512.48120955	0.0	5.13795933842	5.04087374823	1001.0
-4645.98473601	-0.0	2294.8818137	0.0	6.13819609737	6.04111050718	1001.0
-4411.76999395	-0.0	1207.53962636	0.0	3.92523050292	3.81931500037	1001.0
-4230.26110024	-0.0	1701.65022243	0.0	4.57877026924	4.47285476669	1001.0
-3954.95627973	-0.0	960.017466673	0.0	3.11575117708	2.99924720417	1001.0
-3823.91421139	-0.0	1260.10266666	0.0	3.52208472307	3.40558075016	1001.0
