-742.243078849	-0.0	83.6522030389	0.0	0.980435265189	0.397892522292	1001.0
-1417.44602036	-0.0	185.906619663	0.0	1.089437323	0.798168734778	1001.0
-2040.87981089	-0.0	342.042207227	0.0	1.3362239166	1.14205227794	1001.0
-2670.70976255	-0.0	630.466773899	0.0	1.84729103316	1.70165817479	1001.0
-3300.26906845	-0.0	1287.23871718	0.0	3.01726582745	2.90076185454	1001.0
-3590.33001169	-0.0	1892.11593345	0.0	4.03200459918	3.92608909664	1001.0
-3837.72053024	-0.0	2801.93770661	0.0	5.47301949991	5.37593390972	1001.0
-4019.42877862	-0.0	4130.56883526	0.0	7.44798863291	7.35836647503	1001.0
-4097.24616348	-0.0	6061.31513137	0.0	10.1482883238	10.0650712982	1001.0
-5660.46193144	-0.0	541.986704002	0.0	2.38449545983	2.30127843422	1001.0
-5198.87518794	-0.0	2216.93826497	0.0	6.73164992722	6.6484329016	1001.0
-5063.43215226	-0.0	617.002735879	0.0	2.30181005784	2.21218789996	1001.0
-4712.86090515	-0.0	1821.02026317	0.0	5.03869896652	4.94907680864	1001.0
-4528.93611112	-0.0	611.203163112	0.0	2.07628166206	1.97919607187	1001.0
-4275.3102281	-0.0	1426.0929645	0.0	3.81441790027	3.71733231008	1001.0
-4048.37206431	-0.0	552.241742631	0.0	1.79511801174	1.68920250919	1001.0
-3862.62372197	-0.0	1092.13140166	0.0	2.93868782555	2.832772323	1001.0
-3608.62594041	-0.0	479.909624491	0.0	1.55755392929	1.44104995637	1001.0
-3474.38501658	-0.0	824.44519076	0.0	2.30438827581	2.1878843029	1001.0
