-720.752375435	-0.0	40.4292642575	0.0	0.473846174802	-0.108696568095	1001.0
-1371.02555837	-0.0	7.31627691027	0.0	0.0428743481317	-0.248394240087	1001.0
-1993.41116896	-0.0	-80.6164686922	-0.0	-0.314936727873	-0.509108366533	1001.0
-2640.1944934	-0.0	-198.615828775	-0.0	-0.581951745484	-0.727584603852	1001.0
-3358.01368219	-0.0	-261.021666598	-0.0	-0.611830381063	-0.728334353976	1001.0
-3737.80583572	-0.0	-218.936033473	-0.0	-0.466541757977	-0.572457260526	1001.0
-4117.97794223	-0.0	-59.4429281346	-0.0	-0.116109756489	-0.21319534668	1001.0
-4488.0744554	-0.0	261.825573734	0.0	0.472107831815	0.382485673937	1001.0
-4820.60082068	-0.0	869.859630463	0.0	1.45638135287	1.37316432725	1001.0
-5387.57244497	-0.0	-1591.41571166	-0.0	-7.00150669961	-7.08472372522	1001.0
-5214.40789712	-0.0	-827.090884669	-0.0	-2.51143046315	-2.59464748877	1001.0
-4852.61771992	-0.0	-1292.46597811	-0.0	-4.82171474262	-4.9113369005	1001.0
-4726.48646254	-0.0	-752.407780528	-0.0	-2.08188584324	-2.17150800111	1001.0
-4359.48670862	-0.0	-1043.53007115	-0.0	-3.54491351044	-3.64199910063	1001.0
-4266.5079918	-0.0	-671.164740492	-0.0	-1.79518647374	-1.89227206393	1001.0
-3902.39186197	-0.0	-826.259351512	-0.0	-2.68584014892	-2.79175565147	1001.0
-3831.99548749	-0.0	-579.932310674	-0.0	-1.56047158651	-1.66638708906	1001.0
-3481.01836941	-0.0	-639.65763226	-0.0	-2.07601849949	-2.1925224724	1001.0
-3423.42984767	-0.0	-479.591968561	-0.0	-1.34049676305	-1.45700073596	1001.0
