-858.471850877	-0.0	59.5995620358	0.0	0.698529271041	0.115986528144	1001.0
-1627.36394447	-0.0	86.8613426712	0.0	0.509018930058	0.217750341839	1001.0
-2356.237669	-0.0	110.265143884	0.0	0.430762400992	0.236590762332	1001.0
-3100.18010775	-0.0	186.734828232	0.0	0.547139973196	0.401507114828	1001.0
-3891.503263	-0.0	502.932284205	0.0	1.17886478584	1.06236081293	1001.0
-4289.43298571	-0.0	852.645415329	0.0	1.81694481575	1.7110293132	1001.0
-4661.35266669	-0.0	1455.13008249	0.0	2.8423027741	2.74521718391	1001.0
-4991.58716956	-0.0	2388.32518828	0.0	4.30648164053	4.21685948265	1001.0
-5229.58534017	-0.0	3871.31564122	0.0	6.48163417806	6.39841715245	1001.0
-6302.62940385	-0.0	-118.377375575	-0.0	-0.520806714482	-0.604023740096	1001.0
-5969.81732945	-0.0	1133.63819561	0.0	3.44224988017	3.35903285455	1001.0
-5685.98222094	-0.0	-95.4838311264	-0.0	-0.356215021534	-0.445837179412	1001.0
-5443.8502239	-0.0	773.329052785	0.0	2.13977426712	2.05015210924	1001.0
-5119.17014741	-0.0	-89.612764149	-0.0	-0.304418154417	-0.401503744609	1001.0
-4943.47512536	-0.0	496.625875816	0.0	1.32834161419	1.231256024	1001.0
-4592.33567058	-0.0	-75.5473253595	-0.0	-0.245574273045	-0.351489775593	1001.0
-4465.05832178	-0.0	300.663477343	0.0	0.809019957779	0.70310445523	1001.0
-4104.99133778	-0.0	-55.8925411175	-0.0	-0.181400085751	-0.297904058664	1001.0
-4008.47531703	-0.0	178.454026391	0.0	0.498792849781	0.382288876868	1001.0
