-685.388427457	-0.0	36.9990148246	0.0	0.433642361988	-0.148900380909	1001.0
-1304.89936845	-0.0	-7.15298539546	-0.0	-0.0419174383074	-0.333186026526	1001.0
-1899.27188338	-0.0	-115.906573692	-0.0	-0.452801240857	-0.646972879518	1001.0
-2519.68518283	-0.0	-271.293918266	-0.0	-0.794901243509	-0.940534101876	1001.0
-3215.20635911	-0.0	-409.038264483	-0.0	-0.958778788327	-1.07528276124	1001.0
-3587.41364603	-0.0	-429.395425842	-0.0	-0.91502021692	-1.02093571947	1001.0
-3965.35416849	-0.0	-361.030337142	-0.0	-0.70519985886	-0.802285449051	1001.0
-4339.73940678	-0.0	-166.84674222	-0.0	-0.300847822431	-0.390469980309	1001.0
-4688.03785931	-0.0	257.760774031	0.0	0.431561566548	0.348344540934	1001.0
-5146.44995502	-0.0	-1871.7535488	-0.0	-8.23486592214	-8.31808294776	1001.0
-5007.47348773	-0.0	-1213.23629546	-0.0	-3.6839465262	-3.76716355182	1001.0
-4633.57630834	-0.0	-1519.41755284	-0.0	-5.66838751565	-5.75800967353	1001.0
-4532.28946687	-0.0	-1050.68731368	-0.0	-2.90721481174	-2.99683696962	1001.0
-4160.47025591	-0.0	-1223.42699534	-0.0	-4.15603057803	-4.25311616822	1001.0
-4085.23850032	-0.0	-897.487769147	-0.0	-2.40054014509	-2.49762573528	1001.0
-3722.22992965	-0.0	-967.001961472	-0.0	-3.14333833251	-3.24925383506	1001.0
-3664.10385935	-0.0	-748.915055644	-0.0	-2.0151673627	-2.12108286524	1001.0
-3318.57880066	-0.0	-748.422553677	-0.0	-2.42901669347	-2.54552066639	1001.0
-3269.48439554	-0.0	-604.570604986	-0.0	-1.68982174879	-1.8063257217	1001.0
