-829.086071035	-0.0	68.1511548925	0.0	0.798757153938	0.216214411041	1001.0
-1570.10129771	-0.0	120.347597445	0.0	0.705252801792	0.413984213574	1001.0
-2270.58752021	-0.0	185.80334864	0.0	0.725860355803	0.531688717142	1001.0
-2981.75881052	-0.0	327.077743252	0.0	0.958349919883	0.812717061515	1001.0
-3728.39695973	-0.0	747.843444467	0.0	1.75293241196	1.63642843905	1001.0
-4097.65738799	-0.0	1172.12064423	0.0	2.49773058024	2.3918150777	1001.0
-4434.4823929	-0.0	1871.73966289	0.0	3.65606546125	3.55897987106	1001.0
-4722.84272874	-0.0	2928.90199222	0.0	5.28121661084	5.19159445296	1001.0
-4908.99589439	-0.0	4574.6122307	0.0	7.65914374695	7.57592672133	1001.0
-6055.26563796	-0.0	396.755953212	0.0	1.74554608463	1.66232905902	1001.0
-5698.85778398	-0.0	1709.246766	0.0	5.19006372425	5.10684669864	1001.0
-5465.40081207	-0.0	330.3048589	0.0	1.23224582673	1.14262366885	1001.0
-5206.15089442	-0.0	1239.86269244	0.0	3.43065642561	3.34103426773	1001.0
-4923.67070513	-0.0	257.920153807	0.0	0.876165108337	0.779079518146	1001.0
-4736.03398844	-0.0	870.468464732	0.0	2.32827072018	2.23118512999	1001.0
-4419.73579216	-0.0	205.004331895	0.0	0.666387453646	0.560471951097	1001.0
-4284.80880338	-0.0	596.804092229	0.0	1.60586987739	1.49995437484	1001.0
-3953.09420802	-0.0	168.017901323	0.0	0.545304634543	0.42880066163	1001.0
-3852.16233733	-0.0	410.745311476	0.0	1.14806501477	1.03156104186	1001.0
