-726.912816445	-0.0	54.6064298035	0.0	0.640007884318	0.057465141421	1001.0
-1379.78781241	-0.0	64.0381611761	0.0	0.375272074807	0.0840034865887	1001.0
-2000.96746375	-0.0	50.4212712464	0.0	0.196976007994	0.00280436933289	1001.0
-2639.41165865	-0.0	53.1178151418	0.0	0.155637168642	0.0100043102742	1001.0
-3329.96321414	-0.0	202.934752825	0.0	0.475675635552	0.359171662639	1001.0
-3684.43826903	-0.0	406.499776253	0.0	0.866230730605	0.760315228057	1001.0
-4025.41026948	-0.0	787.738698732	0.0	1.53868847577	1.44160288558	1001.0
-4340.64367746	-0.0	1404.55931709	0.0	2.53261529953	2.44299314165	1001.0
-4593.06679985	-0.0	2419.87291793	0.0	4.05152471797	3.96830769235	1001.0
-5373.59707144	-0.0	-651.624902991	-0.0	-2.86685376453	-2.95007079015	1001.0
-5132.54020439	-0.0	307.870067328	0.0	0.934835917204	0.85161889159	1001.0
-4844.84061377	-0.0	-521.217542267	-0.0	-1.94447076382	-2.03409292169	1001.0
-4669.40677682	-0.0	150.382925543	0.0	0.416104261352	0.326482103474	1001.0
-4358.27575282	-0.0	-420.248209439	-0.0	-1.42760002472	-1.52468561491	1001.0
-4230.41970019	-0.0	37.4849575006	0.0	0.10026225249	0.00317666229878	1001.0
-3906.51006276	-0.0	-328.321394356	-0.0	-1.06724212089	-1.17315762343	1001.0
-3812.7221826	-0.0	-30.5606211534	-0.0	-0.0822319779367	-0.188147480485	1001.0
-3489.16701366	-0.0	-246.396142942	-0.0	-0.799682400636	-0.916186373549	1001.0
-3416.43333304	-0.0	-57.4785552542	-0.0	-0.160657021623	-0.277160994536	1001.0
