-706.422218764	-0.0	108.243092238	0.0	1.26864973053	0.686106987631	1001.0
-1342.29884524	-0.0	285.79984069	0.0	1.67482477988	1.38355619166	1001.0
-1921.65245802	-0.0	572.447728084	0.0	2.236327357	2.04215571834	1001.0
-2493.03510347	-0.0	1070.82902884	0.0	3.13756877432	2.99193591595	1001.0
-3029.13218263	-0.0	2081.68573746	0.0	4.87943623457	4.76293226166	1001.0
-3250.84345826	-0.0	2951.23432175	0.0	6.28893301315	6.18301751061	1001.0
-3409.3420135	-0.0	4211.06101877	0.0	8.22545733855	8.12837174836	1001.0
-3477.03450343	-0.0	5999.14913408	0.0	10.8172981349	10.727675977	1001.0
-3407.43602664	-0.0	8537.16137106	0.0	14.2935275897	14.2103105641	1001.0
-5351.34511832	-0.0	1966.20781509	0.0	8.65042181577	8.56720479016	1001.0
-4772.68181423	-0.0	3966.14763413	0.0	12.0430585977	11.9598415721	1001.0
-4778.52473505	-0.0	1824.12047418	0.0	6.80512193872	6.71549978084	1001.0
-4338.89855637	-0.0	3257.71594126	0.0	9.0139853347	8.92436317682	1001.0
-4271.12261791	-0.0	1615.81790808	0.0	5.48899824845	5.39191265826	1001.0
-3953.7289728	-0.0	2582.27618115	0.0	6.9068992934	6.80981370321	1001.0
-3819.61362104	-0.0	1371.25432029	0.0	4.45740178441	4.35148628186	1001.0
-3589.1795819	-0.0	2007.98346148	0.0	5.40304632135	5.2971308188	1001.0
-3408.00910172	-0.0	1136.31525037	0.0	3.68792829485	3.57142432194	1001.0
-3243.68990667	-0.0	1539.56843769	0.0	4.30321323648	4.18670926357	1001.0
