-862.182253453	-0.0	55.7852467317	0.0	0.653824061843	0.0712813189461	1001.0
-1635.14940859	-0.0	71.7185930882	0.0	0.420280419302	0.129011831084	1001.0
-2368.83300911	-0.0	75.5779793678	0.0	0.295253338523	0.101081699862	1001.0
-3119.51760545	-0.0	120.871908935	0.0	0.354159176631	0.208526318263	1001.0
-3922.75604219	-0.0	383.773229559	0.0	0.899557972881	0.783053999967	1001.0
-4329.66991213	-0.0	693.744609097	0.0	1.47833513005	1.3724196275	1001.0
-4713.99289566	-0.0	1242.50799689	0.0	2.42698846577	2.32990287558	1001.0
-5060.41206934	-0.0	2104.99261862	0.0	3.79559371146	3.70597155358	1001.0
-5320.53369799	-0.0	3491.85718651	0.0	5.84631763011	5.7631006045	1001.0
-6345.13546138	-0.0	-362.833849351	-0.0	-1.59630422677	-1.67952125238	1001.0
-6027.7750009	-0.0	845.955742456	0.0	2.56871289657	2.48549587096	1001.0
-5723.0838582	-0.0	-296.59230254	-0.0	-1.10647669024	-1.19609884812	1001.0
-5492.16987133	-0.0	543.089174652	0.0	1.50270862899	1.41308647112	1001.0
-5151.08011039	-0.0	-252.694642814	-0.0	-0.858413837885	-0.955499428077	1001.0
-4983.29366126	-0.0	314.659942023	0.0	0.841631327852	0.744545737661	1001.0
-4619.61967411	-0.0	-206.304613231	-0.0	-0.67061415052	-0.776529653069	1001.0
-4497.58815892	-0.0	158.571199746	0.0	0.426680574765	0.320765072216	1001.0
-4128.2280021	-0.0	-159.540908691	-0.0	-0.517792427017	-0.63429639993	1001.0
-4035.02138619	-0.0	68.5062587662	0.0	0.191480308564	0.0749763356507	1001.0
