-804.468550523	-0.0	76.9010017783	0.0	0.901308648581	0.318765905684	1001.0
-1521.80835504	-0.0	154.730039058	0.0	0.90673844667	0.615469858452	1001.0
-2197.80262209	-0.0	263.669487573	0.0	1.03005263072	0.835880992064	1001.0
-2880.01001077	-0.0	472.567756281	0.0	1.38464105466	1.23900819629	1001.0
-3585.57590104	-0.0	1004.18541756	0.0	2.35379367044	2.23728969753	1001.0
-3927.70811645	-0.0	1508.51537403	0.0	3.21457095651	3.10865545396	1001.0
-4230.50973945	-0.0	2313.54962711	0.0	4.51905200936	4.42196641917	1001.0
-4477.47074274	-0.0	3506.49388936	0.0	6.32269492919	6.23307277131	1001.0
-4611.15763745	-0.0	5332.35216032	0.0	8.92780625888	8.84458923327	1001.0
-5841.50271765	-0.0	932.350288562	0.0	4.10191802425	4.01870099863	1001.0
-5458.09466305	-0.0	2316.143455	0.0	7.03288276748	6.94966574186	1001.0
-5275.24749806	-0.0	772.455142345	0.0	2.88174575651	2.79212359864	1001.0
-4996.40499901	-0.0	1730.05733314	0.0	4.78700774109	4.69738558321	1001.0
-4755.70365275	-0.0	618.190025904	0.0	2.10001631522	2.00293072503	1001.0
-4554.35090238	-0.0	1261.80394147	0.0	3.37498863032	3.27790304013	1001.0
-4271.95845317	-0.0	495.320080839	0.0	1.61008835452	1.50417285197	1001.0
-4128.1409753	-0.0	905.611356681	0.0	2.43680299323	2.33088749068	1001.0
-3823.49153136	-0.0	399.309364672	0.0	1.29596456959	1.17946059668	1001.0
-3717.26444658	-0.0	652.097280093	0.0	1.82266249325	1.70615852033	1001.0
