-696.172143091	-0.0	39.9722208013	0.0	0.468489453689	-0.114053289208	1001.0
-1324.67230634	-0.0	4.95138833801	0.0	0.0290157890335	-0.262252799185	1001.0
-1926.72330299	-0.0	-87.4211168186	-0.0	-0.341519802647	-0.535691441307	1001.0
-2553.34234383	-0.0	-215.20285235	-0.0	-0.630552339813	-0.776185198181	1001.0
-3251.24192117	-0.0	-301.717982981	-0.0	-0.707221859805	-0.823725832719	1001.0
-3621.98161377	-0.0	-281.660912724	-0.0	-0.600205344418	-0.706120846966	1001.0
-3994.98422387	-0.0	-156.290686616	-0.0	-0.305282295706	-0.402367885898	1001.0
-4360.38160163	-0.0	115.448128611	0.0	0.2081689917	0.118546833822	1001.0
-4692.89235839	-0.0	649.254735474	0.0	1.08702882269	1.00381179707	1001.0
-5212.03221243	-0.0	-1659.82532041	-0.0	-7.30247792317	-7.38569494879	1001.0
-5053.8406103	-0.0	-943.961115848	-0.0	-2.86630253859	-2.94951956421	1001.0
-4693.85081388	-0.0	-1346.36816901	-0.0	-5.02280397278	-5.11242613066	1001.0
-4578.6052857	-0.0	-838.982600279	-0.0	-2.32143532197	-2.41105747985	1001.0
-4216.06537022	-0.0	-1084.56216484	-0.0	-3.68430117861	-3.78138676881	1001.0
-4130.91093897	-0.0	-733.498448067	-0.0	-1.96191249783	-2.05899808803	1001.0
-3773.29807202	-0.0	-856.897326886	-0.0	-2.78543200732	-2.89134750987	1001.0
-3708.41401078	-0.0	-623.59775957	-0.0	-1.67796580275	-1.7838813053	1001.0
-3365.25290424	-0.0	-662.134034856	-0.0	-2.14896600334	-2.26546997625	1001.0
-3311.62895595	-0.0	-509.644164886	-0.0	-1.42449498349	-1.5409989564	1001.0
