-730.368734655	-0.0	109.020095518	0.0	1.27775650105	0.695213758157	1001.0
-1387.80050101	-0.0	289.703407442	0.0	1.69770019614	1.40643160792	1001.0
-1986.79321931	-0.0	583.175559073	0.0	2.27823675893	2.08406512027	1001.0
-2577.544768	-0.0	1095.55907702	0.0	3.21002873277	3.0643958744	1001.0
-3131.8146295	-0.0	2137.7895173	0.0	5.01094254761	4.89443857469	1001.0
-3361.04154159	-0.0	3035.36856148	0.0	6.46821887801	6.36230337546	1001.0
-3524.91292921	-0.0	4336.45445547	0.0	8.47038809579	8.3733025056	1001.0
-3594.90007982	-0.0	6183.71051155	0.0	11.1500879022	11.0604657443	1001.0
-3522.94233262	-0.0	8806.31007422	0.0	14.7441556436	14.660938618	1001.0
-5532.74664776	-0.0	2025.15397228	0.0	8.90975814851	8.82654112289	1001.0
-4934.46763844	-0.0	4089.42956772	0.0	12.4173995672	12.3341825415	1001.0
-4940.50862437	-0.0	1876.8685883	0.0	7.00190573325	6.91228357537	1001.0
-4485.97986336	-0.0	3355.89591085	0.0	9.28564585452	9.19602369664	1001.0
-4415.90643547	-0.0	1660.61261968	0.0	5.6411676806	5.54408209041	1001.0
-4087.75368374	-0.0	2657.13743834	0.0	7.10713316776	7.01004757757	1001.0
-3949.09204887	-0.0	1407.30920093	0.0	4.5746018449	4.46868634235	1001.0
-3710.84668637	-0.0	2063.45276068	0.0	5.55230212885	5.4463866263	1001.0
-3523.53483399	-0.0	1164.38975035	0.0	3.77904450823	3.66254053532	1001.0
-3353.64549673	-0.0	1579.62933994	0.0	4.41518656653	4.29868259362	1001.0
