-687.932609665	-0.0	83.7743463876	0.0	0.981866831151	0.399324088254	1001.0
-1313.7304579	-0.0	184.789888092	0.0	1.08289312863	0.791624540413	1001.0
-1891.5471418	-0.0	335.744732107	0.0	1.31162216661	1.11745052794	1001.0
-2475.29197505	-0.0	609.307688568	0.0	1.7852941283	1.63966126993	1001.0
-3058.78596588	-0.0	1224.2669256	0.0	2.86966101081	2.75315703789	1001.0
-3327.62293766	-0.0	1788.00556635	0.0	3.81015060412	3.70423510157	1001.0
-3556.91171096	-0.0	2634.37796975	0.0	5.14572539016	5.04863979997	1001.0
-3725.32423385	-0.0	3868.91173747	0.0	6.9761845866	6.88656242872	1001.0
-3797.44766372	-0.0	5661.50728965	0.0	9.47890137328	9.39568434766	1001.0
-5246.28179011	-0.0	518.960567939	0.0	2.28319091399	2.19997388838	1001.0
-4818.46968638	-0.0	2078.82063047	0.0	6.31226090815	6.22904388254	1001.0
-4692.93711673	-0.0	591.46968992	0.0	2.20655566336	2.11693350548	1001.0
-4368.01742429	-0.0	1714.21928087	0.0	4.74318440799	4.65356225012	1001.0
-4197.55054202	-0.0	588.020535258	0.0	1.99752934532	1.90044375513	1001.0
-3962.48265044	-0.0	1349.10097397	0.0	3.60848488318	3.51139929298	1001.0
-3752.14971814	-0.0	534.343713282	0.0	1.73693864502	1.63102314248	1001.0
-3579.99271793	-0.0	1039.41245532	0.0	2.7968326188	2.69091711625	1001.0
-3344.58013989	-0.0	467.339469119	0.0	1.51675730032	1.4002533274	1001.0
-3220.16172269	-0.0	790.298358859	0.0	2.20894523124	2.09244125833	1001.0
