-807.962173498	-0.0	42.5486036076	0.0	0.498685628662	-0.0838571142348	1001.0
-1535.38420392	-0.0	17.6935860084	0.0	0.10368674881	-0.187581839408	1001.0
-2229.69322842	-0.0	-51.8959258022	-0.0	-0.20273690137	-0.396908540031	1001.0
-2947.54466357	-0.0	-131.002350705	-0.0	-0.38384174678	-0.529474605148	1001.0
-3734.8960456	-0.0	-100.571236421	-0.0	-0.23573728076	-0.352241253673	1001.0
-4145.82957222	-0.0	25.1913206906	0.0	0.0536814468334	-0.052234055715	1001.0
-4549.98765664	-0.0	313.297477786	0.0	0.611963357053	0.514877766862	1001.0
-4934.77289617	-0.0	820.317636771	0.0	1.4791464996	1.38952434172	1001.0
-5264.51913958	-0.0	1705.46578674	0.0	2.85541308364	2.77219605803	1001.0
-6008.33106714	-0.0	-1316.04255079	-0.0	-5.78998979887	-5.87320682448	1001.0
-5779.77272427	-0.0	-373.302739649	-0.0	-1.1335197736	-1.21673679921	1001.0
-5414.23336698	-0.0	-1074.40170934	-0.0	-4.00819723626	-4.09781939414	1001.0
-5247.8313649	-0.0	-414.055907436	-0.0	-1.14567812071	-1.23530027858	1001.0
-4867.02537443	-0.0	-876.251755657	-0.0	-2.97666236273	-3.07374795292	1001.0
-4745.1212491	-0.0	-425.476312131	-0.0	-1.13803552891	-1.2351211191	1001.0
-4359.41262651	-0.0	-700.203508638	-0.0	-2.27608279709	-2.38199829964	1001.0
-4268.67968624	-0.0	-405.950454653	-0.0	-1.09232429088	-1.19823979343	1001.0
-3891.01160909	-0.0	-546.191522884	-0.0	-1.77267283088	-1.88917680379	1001.0
-3818.85600792	-0.0	-358.293164097	-0.0	-1.00145719316	-1.11796116607	1001.0
