-780.758210256	-0.0	52.331239754	0.0	0.613341801674	0.0307990587778	1001.0
-1481.99431704	-0.0	56.1413863351	0.0	0.3289959322	0.0377273439818	1001.0
-2149.18727588	-0.0	35.1949421598	0.0	0.137492749326	-0.0566788893343	1001.0
-2834.92363336	-0.0	31.7715342111	0.0	0.0930917737266	-0.0525410846413	1001.0
-3576.62715593	-0.0	186.365161755	0.0	0.436836793741	0.320332820828	1001.0
-3957.35962229	-0.0	401.84981525	0.0	0.856321895835	0.750406393287	1001.0
-4323.58880796	-0.0	808.167147814	0.0	1.57859132583	1.48150573564	1001.0
-4662.17283876	-0.0	1467.52011844	0.0	2.64614235875	2.55652020087	1001.0
-4933.29397021	-0.0	2554.88019868	0.0	4.27756358597	4.19434656035	1001.0
-5771.64129895	-0.0	-716.730168235	-0.0	-3.15328737672	-3.23650440233	1001.0
-5512.72836768	-0.0	306.280398731	0.0	0.930008948108	0.846791922494	1001.0
-5203.71769627	-0.0	-579.681886714	-0.0	-2.16257970928	-2.25220186716	1001.0
-5015.28876029	-0.0	134.75152459	0.0	0.372852725156	0.283230567277	1001.0
-4681.11099377	-0.0	-473.183181677	-0.0	-1.60742224878	-1.70450783897	1001.0
-4543.78412243	-0.0	12.5676140564	0.0	0.0336150119339	-0.0634705782575	1001.0
-4195.88117852	-0.0	-375.429300718	-0.0	-1.22037116688	-1.32628666943	1001.0
-4095.14604798	-0.0	-60.3531956867	-0.0	-0.162397309636	-0.268312812184	1001.0
-3747.62382949	-0.0	-287.471227685	-0.0	-0.93299220809	-1.049496181	1001.0
-3669.50246882	-0.0	-88.2378424173	-0.0	-0.246631615817	-0.36313558873	1001.0
