-750.313571064	-0.0	43.1599474616	0.0	0.50585080844	-0.0766919344563	1001.0
-1426.32907738	-0.0	18.865673191	0.0	0.110555334366	-0.180713253852	1001.0
-2072.19247557	-0.0	-52.3742877714	-0.0	-0.204605672798	-0.398777311459	1001.0
-2741.14905216	-0.0	-140.270029578	-0.0	-0.41099638964	-0.556629248008	1001.0
-3477.92105858	-0.0	-141.703761008	-0.0	-0.332151224171	-0.448655197084	1001.0
-3864.32167601	-0.0	-48.9374946044	-0.0	-0.104283358027	-0.210198860576	1001.0
-4246.75774041	-0.0	184.65819789	0.0	0.360692500581	0.263606910389	1001.0
-4613.81404516	-0.0	609.406169584	0.0	1.09884386507	1.0092217072	1001.0
-4933.93506435	-0.0	1366.99044859	0.0	2.28871340748	2.20549638187	1001.0
-5589.69350036	-0.0	-1366.04696248	-0.0	-6.00998651055	-6.09320353617	1001.0
-5388.57420652	-0.0	-515.055425832	-0.0	-1.5639464908	-1.64716351641	1001.0
-5036.17978477	-0.0	-1110.12039963	-0.0	-4.1414505199	-4.23107267777	1001.0
-4889.7335156	-0.0	-511.637378199	-0.0	-1.41568261534	-1.50530477322	1001.0
-4526.20842296	-0.0	-899.111020514	-0.0	-3.05431620239	-3.15140179258	1001.0
-4418.71477708	-0.0	-488.715483273	-0.0	-1.30718342628	-1.40426901648	1001.0
-4053.26611651	-0.0	-713.376723218	-0.0	-2.31890367234	-2.42481917488	1001.0
-3972.82679848	-0.0	-443.911643247	-0.0	-1.19446958457	-1.30038508712	1001.0
-3617.00660898	-0.0	-552.50786575	-0.0	-1.79317261698	-1.90967658989	1001.0
-3552.45531432	-0.0	-379.150964079	-0.0	-1.05975636243	-1.17626033535	1001.0
