-650.543485629	-0.0	76.4887779913	0.0	0.896477230839	0.313934487942	1001.0
-1244.35603576	-0.0	153.764184493	0.0	0.901078411463	0.609809823245	1001.0
-1794.97577295	-0.0	260.883171829	0.0	1.01916759473	0.824995956072	1001.0
-2355.42849587	-0.0	458.138806953	0.0	1.34236369792	1.19673083955	1001.0
-2926.1760665	-0.0	929.556180367	0.0	2.17886399802	2.06236002511	1001.0
-3196.74384306	-0.0	1377.23516019	0.0	2.93481937436	2.82890387182	1001.0
-3436.70860761	-0.0	2062.10618815	0.0	4.02790802665	3.93082243646	1001.0
-3627.61294981	-0.0	3075.05204697	0.0	5.54474543455	5.45512327668	1001.0
-3739.01163052	-0.0	4562.55300354	0.0	7.63895332432	7.5557362987	1001.0
-4971.95315317	-0.0	70.3138097949	0.0	0.309348843766	0.226131818152	1001.0
-4609.29262528	-0.0	1430.40095578	0.0	4.34335887563	4.26014185001	1001.0
-4450.06689064	-0.0	205.877610362	0.0	0.76805357036	0.678431412482	1001.0
-4174.67024454	-0.0	1187.53473353	0.0	3.28586680531	3.19624464743	1001.0
-3981.21399085	-0.0	265.400372701	0.0	0.90157571197	0.804490121779	1001.0
-3781.77572534	-0.0	933.192655942	0.0	2.49604118373	2.39895559354	1001.0
-3558.25786451	-0.0	272.21567512	0.0	0.884864768021	0.778949265473	1001.0
-3411.58882502	-0.0	717.289853558	0.0	1.93007082925	1.8241553267	1001.0
-3170.75921096	-0.0	258.827831216	0.0	0.840029632551	0.723525659638	1001.0
-3064.09466011	-0.0	544.998742396	0.0	1.52331377075	1.40680979783	1001.0
