-670.502444929	-0.0	107.077587318	0.0	1.25498957474	0.672446831841	1001.0
-1274.04636158	-0.0	279.944490564	0.0	1.64051165547	1.34924306726	1001.0
-1823.94131608	-0.0	556.355981601	0.0	2.1734632541	1.97929161544	1001.0
-2366.27060668	-0.0	1033.73395658	0.0	3.02887883664	2.88324597828	1001.0
-2875.10851233	-0.0	1997.53006771	0.0	4.68217676502	4.5656727921	1001.0
-3085.54633327	-0.0	2825.03296216	0.0	6.02000421588	5.91408871333	1001.0
-3235.98563993	-0.0	4022.97086372	0.0	7.85806120269	7.7609756125	1001.0
-3300.23613885	-0.0	5722.30706788	0.0	10.318113484	10.2284913261	1001.0
-3234.17656765	-0.0	8133.43831631	0.0	13.6175855089	13.5343684833	1001.0
-5079.24282417	-0.0	1877.78857929	0.0	8.26141731666	8.17820029105	1001.0
-4530.00307791	-0.0	3781.22473375	0.0	11.4815471436	11.398330118	1001.0
-4535.54890106	-0.0	1744.99830301	0.0	6.50994624692	6.42032408904	1001.0
-4118.27659587	-0.0	3110.44598688	0.0	8.60649455497	8.51687239709	1001.0
-4053.94689158	-0.0	1548.62584067	0.0	5.26074410022	5.16365851003	1001.0
-3752.69190639	-0.0	2469.98429537	0.0	6.60654848188	6.50946289168	1001.0
-3625.39597929	-0.0	1317.17199934	0.0	4.28160169368	4.17568619113	1001.0
-3406.67892519	-0.0	1924.77951267	0.0	5.17916261009	5.07324710754	1001.0
-3234.72050333	-0.0	1094.20350041	0.0	3.55125397477	3.43475000186	1001.0
-3078.75652159	-0.0	1479.47708432	0.0	4.13525324141	4.01874926849	1001.0
