-792.68468719	-0.0	46.053312412	0.0	0.539762133299	-0.0427806095972	1001.0
-1505.8047957	-0.0	31.3461551171	0.0	0.183692605346	-0.107575982872	1001.0
-2185.77714822	-0.0	-21.2802959539	-0.0	-0.0831337180184	-0.277305356679	1001.0
-2887.48744683	-0.0	-74.6092396434	-0.0	-0.218607839604	-0.364240697972	1001.0
-3653.76653243	-0.0	-3.61339930697	-0.0	-0.0084697469897	-0.124973719903	1001.0
-4051.64139333	-0.0	150.47625114	0.0	0.32065737936	0.214741876811	1001.0
-4440.2979004	-0.0	474.812892872	0.0	0.927451104769	0.830365514578	1001.0
-4807.06383339	-0.0	1027.33236243	0.0	1.85242276858	1.7628006107	1001.0
-5115.2177532	-0.0	1971.06340966	0.0	3.30009566442	3.21687863881	1001.0
-5883.60812007	-0.0	-1109.98061447	-0.0	-4.88341082202	-4.96662784763	1001.0
-5647.07535054	-0.0	-148.049946416	-0.0	-0.449548111809	-0.532765137423	1001.0
-5302.73818989	-0.0	-903.752305459	-0.0	-3.37156713501	-3.46118929289	1001.0
-5130.55390862	-0.0	-230.479521591	-0.0	-0.637728723138	-0.727350881017	1001.0
-4767.87327216	-0.0	-736.599524727	-0.0	-2.50225813244	-2.59934372263	1001.0
-4641.9638273	-0.0	-277.502196693	-0.0	-0.742244280549	-0.83932987074	1001.0
-4271.56885001	-0.0	-587.159504827	-0.0	-1.90862175296	-2.01453725551	1001.0
-4178.33203781	-0.0	-288.025781786	-0.0	-0.775014670485	-0.880930173033	1001.0
-3813.43773194	-0.0	-455.725842837	-0.0	-1.47906510094	-1.59556907385	1001.0
-3739.93352042	-0.0	-265.274316778	-0.0	-0.741462297688	-0.857966270601	1001.0
