-873.226546294	-0.0	76.1813014626	0.0	0.89287349034	0.310330747443	1001.0
-1651.87744522	-0.0	153.369818334	0.0	0.898767373736	0.607498785518	1001.0
-2385.64900005	-0.0	264.326989595	0.0	1.03262123164	0.838449592981	1001.0
-3126.16471255	-0.0	483.78785445	0.0	1.41751635848	1.27188350011	1001.0
-3892.03537976	-0.0	1053.54962144	0.0	2.46950253116	2.35299855825	1001.0
-4263.40966486	-0.0	1597.33940174	0.0	3.40385052544	3.29793502289	1001.0
-4592.09176846	-0.0	2467.53210497	0.0	4.81982568538	4.72274009519	1001.0
-4860.16054981	-0.0	3758.79349539	0.0	6.77762611971	6.68800396184	1001.0
-5005.27367484	-0.0	5737.05964173	0.0	9.60539653742	9.52217951181	1001.0
-6340.7764542	-0.0	992.61132367	0.0	4.3670392229	4.28382219729	1001.0
-5924.59848041	-0.0	2485.9565201	0.0	7.54851377325	7.46529674763	1001.0
-5726.12335259	-0.0	815.566598291	0.0	3.04257872716	2.95295656928	1001.0
-5423.44816132	-0.0	1847.0360079	0.0	5.11068361639	5.02106145852	1001.0
-5162.17405042	-0.0	645.866616513	0.0	2.1940348037	2.09694921351	1001.0
-4943.61166326	-0.0	1337.69580877	0.0	3.57797911155	3.48089352136	1001.0
-4637.08310729	-0.0	511.361511549	0.0	1.66223265833	1.55631715578	1001.0
-4480.97353729	-0.0	951.250008103	0.0	2.55960666787	2.45369116532	1001.0
-4150.28567934	-0.0	407.103541047	0.0	1.32126068665	1.20475671374	1001.0
-4034.97935654	-0.0	677.2533022	0.0	1.89297552686	1.77647155395	1001.0
