-754.82327847	-0.0	129.897615231	0.0	1.52244888012	0.939906137226	1001.0
-1428.74396856	-0.0	376.146925819	0.0	2.2042706207	1.91300203248	1001.0
-2036.32634879	-0.0	786.331254064	0.0	3.07188588382	2.87771424516	1001.0
-2623.87197831	-0.0	1493.08683247	0.0	4.37479980157	4.2291669432	1001.0
-3145.01211119	-0.0	2880.09515283	0.0	6.75089442888	6.63439045597	1001.0
-3337.37809852	-0.0	4045.40722584	0.0	8.62056085031	8.51464534777	1001.0
-3443.68031287	-0.0	5709.71661956	0.0	11.1527784233	11.0556928331	1001.0
-3429.77069574	-0.0	8044.73473373	0.0	14.5057727498	14.4161505919	1001.0
-3237.68674042	-0.0	11325.9798732	0.0	18.9627674541	18.8795504285	1001.0
-5688.54591369	-0.0	3264.81752056	0.0	14.363715009	14.2804979834	1001.0
-4956.04778186	-0.0	5723.29374229	0.0	17.3785668787	17.2953498531	1001.0
-5072.70620227	-0.0	2933.66057123	0.0	10.9444075633	10.8547854054	1001.0
-4516.12276959	-0.0	4691.12339911	0.0	12.9801733132	12.8905511553	1001.0
-4531.60345055	-0.0	2542.07901369	0.0	8.63554437899	8.53845878879	1001.0
-4130.1816961	-0.0	3722.58629508	0.0	9.95692437501	9.85983878482	1001.0
-4053.96308811	-0.0	2124.90984259	0.0	6.90723579419	6.80132029164	1001.0
-3763.77931496	-0.0	2899.04994261	0.0	7.80071222117	7.69479671862	1001.0
-3619.8269469	-0.0	1737.71934551	0.0	5.63979436227	5.52329038936	1001.0
-3414.29427292	-0.0	2224.97457322	0.0	6.21897656505	6.10247259214	1001.0
