-764.990950693	-0.0	74.9348739902	0.0	0.87826489182	0.295722148923	1001.0
-1463.27052353	-0.0	150.794477977	0.0	0.883675539406	0.592406951187	1001.0
-2110.75854782	-0.0	261.74634498	0.0	1.02253967158	0.828368032923	1001.0
-2769.80943496	-0.0	478.695082746	0.0	1.40259434848	1.25696149011	1001.0
-3440.96630042	-0.0	1018.03494901	0.0	2.38625673841	2.2697527655	1001.0
-3759.1339636	-0.0	1536.96902405	0.0	3.2752042643	3.16928876175	1001.0
-4041.31475154	-0.0	2334.81803527	0.0	4.56059554986	4.46350995967	1001.0
-4265.80411691	-0.0	3518.46693043	0.0	6.34428398323	6.25466182535	1001.0
-4396.80071366	-0.0	5260.14827334	0.0	8.80691733508	8.72370030946	1001.0
-5846.6486153	-0.0	42.6965413495	0.0	0.187845399613	0.104628373999	1001.0
-5420.18669825	-0.0	1624.1077788	0.0	4.93154238153	4.84832535591	1001.0
-5232.94902881	-0.0	194.939680262	0.0	0.72724817996	0.637626022082	1001.0
-4909.10297275	-0.0	1332.87204842	0.0	3.68801003958	3.5983878817	1001.0
-4681.6127485	-0.0	260.303175308	0.0	0.884260327965	0.787174737774	1001.0
-4447.08812146	-0.0	1031.59217147	0.0	2.75923361421	2.66214802401	1001.0
-4184.24767401	-0.0	265.98443751	0.0	0.864609495728	0.75869399318	1001.0
-4011.77574794	-0.0	778.098776259	0.0	2.09369440106	1.98777889851	1001.0
-3728.57796103	-0.0	250.156500406	0.0	0.811886697537	0.695382724624	1001.0
-3603.14835032	-0.0	577.936811822	0.0	1.61537823042	1.4988742575	1001.0
