-845.97441406	-0.0	43.4134345592	0.0	0.508821772513	-0.0737209703838	1001.0
-1607.0353702	-0.0	21.9815523331	0.0	0.128814797302	-0.162453790916	1001.0
-2332.72014978	-0.0	-39.9194226679	-0.0	-0.155949430154	-0.350121068815	1001.0
-3081.60424997	-0.0	-102.5690277	-0.0	-0.300531055712	-0.44616391408	1001.0
-3899.39789595	-0.0	-32.536937564	-0.0	-0.0762660325016	-0.192770005415	1001.0
-4324.02064666	-0.0	129.044452911	0.0	0.274987287216	0.169071784667	1001.0
-4738.80532228	-0.0	472.315968955	0.0	0.922573868115	0.825488277924	1001.0
-5130.22778857	-0.0	1059.1134625	0.0	1.90972850092	1.82010634304	1001.0
-5459.09793828	-0.0	2063.41895802	0.0	3.45472394438	3.37150691877	1001.0
-6279.14480042	-0.0	-1199.8815753	-0.0	-5.27893423862	-5.36215126424	1001.0
-6026.71066822	-0.0	-180.142755814	-0.0	-0.546996724368	-0.630213749982	1001.0
-5659.22479089	-0.0	-982.529005509	-0.0	-3.66545400123	-3.75507615911	1001.0
-5475.46509575	-0.0	-270.270201254	-0.0	-0.747828133097	-0.837450290975	1001.0
-5088.40256777	-0.0	-805.908663584	-0.0	-2.73770405731	-2.8347896475	1001.0
-4954.02862241	-0.0	-321.291863294	-0.0	-0.859369946468	-0.956455536659	1001.0
-4558.73314244	-0.0	-647.313780213	-0.0	-2.1041593498	-2.21007485235	1001.0
-4459.22830926	-0.0	-332.373003086	-0.0	-0.894343387828	-1.00025889038	1001.0
-4069.80329375	-0.0	-507.076655874	-0.0	-1.64572493966	-1.76222891257	1001.0
-3991.35762264	-0.0	-307.159771449	-0.0	-0.858535393331	-0.975039366244	1001.0
