-720.810141949	-0.0	55.5890166117	0.0	0.651524171073	0.0689814281761	1001.0
-1384.24718531	-0.0	70.0516100553	0.0	0.410511678759	0.11924309054	1001.0
-2005.72771733	-0.0	70.5364801709	0.0	0.27555819079	0.0813865521291	1001.0
-2649.54363213	-0.0	101.050296876	0.0	0.296081118061	0.150448259693	1001.0
-3333.2710131	-0.0	303.584835845	0.0	0.711597731409	0.595093758496	1001.0
-3677.29272094	-0.0	557.550660541	0.0	1.18811262452	1.08219712197	1001.0
-4005.79836031	-0.0	992.908389781	0.0	1.93944603624	1.84236044605	1001.0
-4302.96890873	-0.0	1686.26390179	0.0	3.04056774588	2.950945588	1001.0
-4543.30621641	-0.0	2761.49981639	0.0	4.62350096233	4.54028393672	1001.0
-5538.23282793	-0.0	-1117.98643192	-0.0	-4.9186327845	-5.00184981011	1001.0
-5249.80142184	-0.0	51.7481184871	0.0	0.157131221717	0.0739141961034	1001.0
-4963.72258671	-0.0	-796.855872546	-0.0	-2.97277589776	-3.06239805564	1001.0
-4744.81765089	-0.0	50.3068470119	0.0	0.139197274832	0.0495751169536	1001.0
-4443.17075691	-0.0	-567.695132345	-0.0	-1.92848313632	-2.02556872651	1001.0
-4284.0434449	-0.0	11.4179620478	0.0	0.0305399997784	-0.066545590413	1001.0
-3969.75915883	-0.0	-407.70261167	-0.0	-1.32527885008	-1.43119435263	1001.0
-3850.90668957	-0.0	-18.9623441551	-0.0	-0.051023539684	-0.156939042232	1001.0
-3534.77517815	-0.0	-287.404649418	-0.0	-0.932776127321	-1.04928010023	1001.0
-3446.33828322	-0.0	-35.0503442909	-0.0	-0.097968431804	-0.214472404717	1001.0
