-855.393416812	-0.0	56.0178156194	0.0	0.656549856631	0.0740071137347	1001.0
-1622.27421639	-0.0	72.497538194	0.0	0.42484514041	0.133576552192	1001.0
-2350.18078069	-0.0	76.9984418445	0.0	0.300802524834	0.106630886173	1001.0
-3094.9544747	-0.0	122.607504989	0.0	0.359244537445	0.213611679077	1001.0
-3891.86819934	-0.0	384.110639029	0.0	0.900348854984	0.783844882071	1001.0
-4295.57802306	-0.0	691.977125953	0.0	1.4745687117	1.36865320915	1001.0
-4676.87484136	-0.0	1236.75560822	0.0	2.41575233612	2.31866674593	1001.0
-5020.56630502	-0.0	2092.78471217	0.0	3.77358116255	3.68395900467	1001.0
-5278.63973187	-0.0	3469.06519786	0.0	5.80815764877	5.72494062316	1001.0
-6295.17376484	-0.0	-358.187156224	-0.0	-1.5758608864	-1.65907791201	1001.0
-5980.31220562	-0.0	841.887827897	0.0	2.55636082652	2.4731438009	1001.0
-5678.02020577	-0.0	-292.146291435	-0.0	-1.08989025961	-1.17951241749	1001.0
-5448.92443927	-0.0	541.658605075	0.0	1.49875029333	1.40912813545	1001.0
-5110.52042448	-0.0	-248.387016369	-0.0	-0.84378065806	-0.940866248251	1001.0
-4944.05512849	-0.0	315.126155819	0.0	0.84287832527	0.745792735079	1001.0
-4583.24471604	-0.0	-202.257841934	-0.0	-0.65745970839	-0.763375210939	1001.0
-4462.17407893	-0.0	160.248900024	0.0	0.431194900948	0.325279398399	1001.0
-4095.7222698	-0.0	-155.858559008	-0.0	-0.505841305544	-0.622345278457	1001.0
-4003.24956425	-0.0	70.7839403621	0.0	0.197846605347	0.0813426324336	1001.0
