-856.493875036	-0.0	67.5835403279	0.0	0.79210449787	0.209561754973	1001.0
-1622.00547284	-0.0	118.684885905	0.0	0.695509092761	0.404240504542	1001.0
-2345.64826468	-0.0	183.48356797	0.0	0.716797888226	0.522626249565	1001.0
-3080.32934971	-0.0	326.607830377	0.0	0.956973057731	0.811340199363	1001.0
-3851.64975179	-0.0	758.462261399	0.0	1.77782273963	1.66131876672	1001.0
-4233.11713636	-0.0	1195.35523578	0.0	2.54724233496	2.44132683242	1001.0
-4581.07685217	-0.0	1916.69123402	0.0	3.74386927815	3.64678368796	1001.0
-4878.96976109	-0.0	3007.39169448	0.0	5.42274443268	5.33312227481	1001.0
-5071.2767504	-0.0	4706.09446551	0.0	7.87928073032	7.7960637047	1001.0
-6255.43970863	-0.0	402.357929258	0.0	1.77019223619	1.68697521058	1001.0
-5887.24977684	-0.0	1754.86382956	0.0	5.32857822753	5.24536120192	1001.0
-5646.07521908	-0.0	332.362834143	0.0	1.23992337472	1.15030121684	1001.0
-5378.25505621	-0.0	1268.90255538	0.0	3.51100870414	3.42138654626	1001.0
-5086.43667886	-0.0	256.715070767	0.0	0.872071392911	0.774985802719	1001.0
-4892.5970955	-0.0	886.884972856	0.0	2.37218049605	2.27509490586	1001.0
-4565.8427605	-0.0	201.611571246	0.0	0.655358939717	0.549443437168	1001.0
-4426.45537539	-0.0	604.247561888	0.0	1.62589863367	1.51998313112	1001.0
-4083.77500828	-0.0	163.386509596	0.0	0.530273382793	0.413769409879	1001.0
-3979.50654683	-0.0	412.496501229	0.0	1.15295972601	1.03645575309	1001.0
