-741.735765834	-0.0	46.0545783505	0.0	0.539776970575	-0.0427657723219	1001.0
-1409.53303967	-0.0	30.2305561331	0.0	0.177155048088	-0.11411354013	1001.0
-2046.93148839	-0.0	-26.6604635303	-0.0	-0.104151909455	-0.298323548115	1001.0
-2705.94264197	-0.0	-92.2896491959	-0.0	-0.270412095405	-0.416044953773	1001.0
-3428.75702547	-0.0	-57.3584930856	-0.0	-0.134447339714	-0.250951312627	1001.0
-3806.00747613	-0.0	61.5915607811	0.0	0.131248541355	0.0253330388068	1001.0
-4177.03784872	-0.0	329.580851421	0.0	0.643769639262	0.546684049071	1001.0
-4530.28331452	-0.0	798.536559891	0.0	1.43987219636	1.35025003848	1001.0
-4833.00117732	-0.0	1614.63044584	0.0	2.703330044	2.62011301838	1001.0
-5515.8449141	-0.0	-1189.53937631	-0.0	-5.23343325798	-5.31665028359	1001.0
-5306.02086163	-0.0	-315.709843499	-0.0	-0.95864110363	-1.04185812924	1001.0
-4970.44374673	-0.0	-964.364593183	-0.0	-3.59768926608	-3.68731142395	1001.0
-4817.68125303	-0.0	-350.493387285	-0.0	-0.96980286491	-1.05942502279	1001.0
-4468.08886833	-0.0	-780.298831769	-0.0	-2.65070643135	-2.74779202155	1001.0
-4356.17688442	-0.0	-359.956196874	-0.0	-0.962786715067	-1.05987230526	1001.0
-4002.0837227	-0.0	-617.593766821	-0.0	-2.00755142028	-2.11346692283	1001.0
-3918.78790868	-0.0	-342.213603039	-0.0	-0.920822299829	-1.02673780238	1001.0
-3572.0762313	-0.0	-476.16619305	-0.0	-1.54540456605	-1.66190853896	1001.0
-3505.83502366	-0.0	-299.599312823	-0.0	-0.837403324865	-0.953907297778	1001.0
