-751.558069464	-0.0	71.1923583254	0.0	0.834401201386	0.251858458489	1001.0
-1438.65560749	-0.0	135.028942075	0.0	0.791287418641	0.500018830422	1001.0
-2077.01479452	-0.0	224.084506763	0.0	0.875409732921	0.68123809426	1001.0
-2728.98502018	-0.0	403.531308311	0.0	1.18236170137	1.036728843	1001.0
-3398.4577667	-0.0	873.782416878	0.0	2.04813123773	1.93162726482	1001.0
-3719.7419553	-0.0	1337.62577027	0.0	2.85041374176	2.74449823921	1001.0
-4009.29042883	-0.0	2059.46591494	0.0	4.02275078609	3.9256651959	1001.0
-4246.69124493	-0.0	3139.56689677	0.0	5.66107465873	5.57145250085	1001.0
-4398.39229563	-0.0	4739.58067613	0.0	7.93534574474	7.85212871913	1001.0
-5749.73958979	-0.0	-184.557982942	-0.0	-0.811971343856	-0.89518836947	1001.0
-5353.08106433	-0.0	1306.67935108	0.0	3.96768286135	3.88446583573	1001.0
-5147.55343795	-0.0	0.228007039394	0.0	0.000850610323126	-0.0887715475552	1001.0
-4846.36378204	-0.0	1074.47197718	0.0	2.9730261384	2.88340398052	1001.0
-4605.69035214	-0.0	97.5815166419	0.0	0.331488326284	0.234402736092	1001.0
-4387.45518815	-0.0	826.768744466	0.0	2.21138563669	2.1143000465	1001.0
-4116.11993466	-0.0	133.674960282	0.0	0.434524068712	0.328608566163	1001.0
-3955.26763658	-0.0	618.735877218	0.0	1.66488353586	1.55896803331	1001.0
-3667.34355753	-0.0	144.734787722	0.0	0.469738937951	0.353234965038	1001.0
-3549.97035918	-0.0	455.94988524	0.0	1.27441530581	1.1579113329	1001.0
