-776.712626984	-0.0	62.0492699821	0.0	0.727240769037	0.144698026141	1001.0
-1472.37690214	-0.0	94.8407025624	0.0	0.555779031957	0.264510443739	1001.0
-2131.83408148	-0.0	124.142436268	0.0	0.48497550566	0.290803866999	1001.0
-2804.9248594	-0.0	201.454616753	0.0	0.590269499558	0.44463664119	1001.0
-3520.88390462	-0.0	495.664850687	0.0	1.16183004433	1.04532607142	1001.0
-3880.9155585	-0.0	816.133875754	0.0	1.73914054758	1.63322504504	1001.0
-4217.41431748	-0.0	1365.3038495	0.0	2.66684536704	2.56975977685	1001.0
-4516.19791532	-0.0	2213.68359881	0.0	3.99157862715	3.90195646927	1001.0
-4731.52959349	-0.0	3559.50221137	0.0	5.95957378015	5.87635675454	1001.0
-5702.37898443	-0.0	-85.4560847769	-0.0	-0.375967979769	-0.459185005383	1001.0
-5401.26329807	-0.0	1057.03747158	0.0	3.20965465348	3.12643762787	1001.0
-5144.46010466	-0.0	-60.8614559934	-0.0	-0.22705168615	-0.316673844028	1001.0
-4925.38829781	-0.0	734.098365702	0.0	2.03122433692	1.94160217904	1001.0
-4631.63013337	-0.0	-53.0426041562	-0.0	-0.180187853997	-0.277273444188	1001.0
-4472.66797056	-0.0	484.934753738	0.0	1.29707098427	1.19998539408	1001.0
-4154.97036862	-0.0	-39.0537380365	-0.0	-0.126948151802	-0.232863654351	1001.0
-4039.81467209	-0.0	307.423063791	0.0	0.827208533229	0.72129303068	1001.0
-3714.0397818	-0.0	-21.2249180509	-0.0	-0.0688857918699	-0.185389764783	1001.0
-3626.71576303	-0.0	195.531911635	0.0	0.546526864088	0.430022891175	1001.0
