-783.456216867	-0.0	95.9982444735	0.0	1.12513551178	0.542592768888	1001.0
-1478.22687788	-0.0	230.492114077	0.0	1.35071420365	1.05944561544	1001.0
-2128.10439815	-0.0	437.080988832	0.0	1.70750292925	1.51333129059	1001.0
-2774.51467389	-0.0	801.479350948	0.0	2.34836422721	2.20273136884	1001.0
-3418.34650986	-0.0	1598.21153791	0.0	3.74618087073	3.62967689782	1001.0
-3714.51180939	-0.0	2299.83733024	0.0	4.90083854217	4.79492303963	1001.0
-3954.37110776	-0.0	3371.14515002	0.0	6.58485129757	6.48776570738	1001.0
-4119.65381588	-0.0	4914.12207831	0.0	8.86084383041	8.77122167253	1001.0
-4142.31505536	-0.0	7215.1538795	0.0	12.0801278737	11.9969108481	1001.0
-5611.10761221	-0.0	2152.47071065	0.0	9.46989400122	9.3866769756	1001.0
-5151.6144658	-0.0	3748.47262374	0.0	11.3820965895	11.2988795638	1001.0
-5073.60621873	-0.0	1776.45021727	0.0	6.62728175999	6.53765960211	1001.0
-4739.52674399	-0.0	2877.06554337	0.0	7.96073908299	7.87111692511	1001.0
-4581.60961126	-0.0	1432.60532143	0.0	4.86661774246	4.76953215227	1001.0
-4341.32999923	-0.0	2168.91376651	0.0	5.80126520574	5.70417961555	1001.0
-4122.4736009	-0.0	1148.52950932	0.0	3.73341210929	3.62749660674	1001.0
-3952.86692974	-0.0	1614.43638063	0.0	4.34409680896	4.23818130641	1001.0
-3695.61488434	-0.0	917.269927946	0.0	2.97701339498	2.86050942207	1001.0
-3573.16573851	-0.0	1200.93343091	0.0	3.35670211828	3.24019814536	1001.0
