-823.899294732	-0.0	72.3688578247	0.0	0.848190217774	0.265647474877	1001.0
-1559.44422575	-0.0	137.067944534	0.0	0.803236242114	0.511967653895	1001.0
-2253.70611906	-0.0	224.044182399	0.0	0.875252201543	0.681080562883	1001.0
-2956.51379672	-0.0	399.529439156	0.0	1.1706360763	1.02500321793	1001.0
-3689.05186762	-0.0	878.459976977	0.0	2.05909535966	1.94259138675	1001.0
-4047.9392725	-0.0	1345.93394708	0.0	2.86811805181	2.76220254926	1001.0
-4370.67431791	-0.0	2103.75636601	0.0	4.10926323845	4.01217764826	1001.0
-4640.85080259	-0.0	3237.32883167	0.0	5.8373529896	5.74773083173	1001.0
-4802.42531391	-0.0	4986.61454869	0.0	8.34894756385	8.26573053823	1001.0
-6000.43997998	-0.0	665.370785538	0.0	2.92732940772	2.84411238211	1001.0
-5627.51477787	-0.0	2023.78422801	0.0	6.14514493545	6.06192790983	1001.0
-5417.30572943	-0.0	551.390783229	0.0	2.05703601756	1.96741385968	1001.0
-5146.06472899	-0.0	1491.89680318	0.0	4.12802593819	4.03840378032	1001.0
-4882.00800359	-0.0	437.318049322	0.0	1.48558695552	1.38850136533	1001.0
-4685.92420233	-0.0	1069.92283428	0.0	2.86175790258	2.76467231239	1001.0
-4383.83289629	-0.0	348.941568177	0.0	1.13427009537	1.02835459282	1001.0
-4243.31683843	-0.0	752.769597501	0.0	2.02553909563	1.91962359308	1001.0
-3922.26501928	-0.0	282.192104284	0.0	0.915858733419	0.799354760506	1001.0
-3817.82830638	-0.0	531.58965772	0.0	1.48583433868	1.36933036577	1001.0
