-731.767159102	-0.0	143.893786851	0.0	1.68648927279	1.1039465299	1001.0
-1380.87921488	-0.0	432.922734507	0.0	2.53698435161	2.24571576339	1001.0
-1961.1351286	-0.0	917.102233818	0.0	3.58275649292	3.38858485426	1001.0
-2513.15753286	-0.0	1742.57300827	0.0	5.10580355077	4.9601706924	1001.0
-2978.85486718	-0.0	3328.96480482	0.0	7.80303731727	7.68653334436	1001.0
-3131.28946656	-0.0	4642.82486842	0.0	9.89362802339	9.78771252084	1001.0
-3186.12735171	-0.0	6503.13014214	0.0	12.7025515215	12.6054659313	1001.0
-3106.69697282	-0.0	9094.90247586	0.0	16.3993708758	16.309748718	1001.0
-2830.46510631	-0.0	12714.8212494	0.0	21.2880652511	21.2048482255	1001.0
-5492.26874134	-0.0	4073.94473683	0.0	17.923507453	17.8402904273	1001.0
-4694.82868896	-0.0	6711.63892566	0.0	20.3796399743	20.2964229487	1001.0
-4892.35545849	-0.0	3619.15062944	0.0	13.5017186071	13.4120964493	1001.0
-4286.37165802	-0.0	5503.2181878	0.0	15.227211007	15.1375888491	1001.0
-4368.59464833	-0.0	3112.47772989	0.0	10.5732116981	10.4761261079	1001.0
-3931.80914792	-0.0	4376.56238628	0.0	11.7061358014	11.6090502112	1001.0
-3909.21742619	-0.0	2589.97699842	0.0	8.41898393574	8.31306843319	1001.0
-3594.28118501	-0.0	3417.49424792	0.0	9.19573297225	9.08981746971	1001.0
-3492.67753302	-0.0	2110.53942075	0.0	6.84978754322	6.73328357031	1001.0
-3270.51701704	-0.0	2630.13649197	0.0	7.35143556396	7.23493159104	1001.0
