-715.245202769	-0.0	47.4569682477	0.0	0.55621350734	-0.0263292355567	1001.0
-1359.19257396	-0.0	35.245344183	0.0	0.206542367799	-0.084726220419	1001.0
-1973.82679237	-0.0	-16.5662786215	-0.0	-0.0647179126885	-0.258889551349	1001.0
-2609.30183333	-0.0	-76.8045685923	-0.0	-0.225040234855	-0.370673093223	1001.0
-3306.30141742	-0.0	-40.0733957517	-0.0	-0.0939313632955	-0.210435336209	1001.0
-3670.0786377	-0.0	76.1516568173	0.0	0.162275379164	0.0563598766156	1001.0
-4027.85792555	-0.0	336.094200875	0.0	0.656492152146	0.559406561954	1001.0
-4368.48748186	-0.0	789.824129139	0.0	1.42416247506	1.33454031718	1001.0
-4660.39399241	-0.0	1578.29630948	0.0	2.64249682814	2.55927980253	1001.0
-5318.85045288	-0.0	-1138.93810652	-0.0	-5.01081064162	-5.09402766724	1001.0
-5116.52011657	-0.0	-292.672685039	-0.0	-0.888689635643	-0.971906661257	1001.0
-4792.92789864	-0.0	-920.349746721	-0.0	-3.433486078	-3.52310823588	1001.0
-4645.62120828	-0.0	-325.068379225	-0.0	-0.899452762592	-0.98907492047	1001.0
-4308.51426589	-0.0	-741.917662214	-0.0	-2.52032405881	-2.617409649	1001.0
-4200.59913854	-0.0	-333.748150772	-0.0	-0.892687189529	-0.98977277972	1001.0
-3859.15216118	-0.0	-584.549870094	-0.0	-1.90013886956	-2.00605437211	1001.0
-3778.83119765	-0.0	-316.718862393	-0.0	-0.852221503406	-0.958137005955	1001.0
-3444.50208018	-0.0	-448.156061117	-0.0	-1.45449726012	-1.57100123303	1001.0
-3380.62662996	-0.0	-276.121772313	-0.0	-0.771781777548	-0.888285750461	1001.0
