-852.599147562	-0.0	76.3972115573	0.0	0.895404037812	0.312861294916	1001.0
-1612.85671817	-0.0	153.777884552	0.0	0.901158695616	0.609890107398	1001.0
-2329.29508666	-0.0	264.129738989	0.0	1.03185065137	0.837679012706	1001.0
-3052.31830201	-0.0	480.421824999	0.0	1.40765376733	1.26202090896	1001.0
-3800.09753615	-0.0	1038.74036028	0.0	2.43478987295	2.31828590003	1001.0
-4162.69920034	-0.0	1570.69219343	0.0	3.34706665476	3.24115115221	1001.0
-4483.61715976	-0.0	2421.33736162	0.0	4.72959358257	4.63250799238	1001.0
-4745.35360769	-0.0	3683.10361358	0.0	6.64114676256	6.55152460468	1001.0
-4887.03886362	-0.0	5615.6473973	0.0	9.40211945386	9.31890242825	1001.0
-6190.99433323	-0.0	974.533013138	0.0	4.28750286331	4.20428583769	1001.0
-5784.6473352	-0.0	2435.01260057	0.0	7.39382447152	7.3106074459	1001.0
-5590.86059623	-0.0	802.633161507	0.0	2.99432883596	2.90470667809	1001.0
-5295.33521262	-0.0	1811.94240547	0.0	5.0135808538	4.92395869592	1001.0
-5040.23293112	-0.0	637.56363933	0.0	2.16582925716	2.06874366697	1001.0
-4826.833435	-0.0	1314.92824858	0.0	3.51708196718	3.41999637699	1001.0
-4527.54571106	-0.0	506.549082336	0.0	1.64658936718	1.54067386464	1001.0
-4375.12376869	-0.0	937.558412676	0.0	2.52276556548	2.41685006293	1001.0
-4052.24743494	-0.0	404.765288134	0.0	1.31367185153	1.19716787862	1001.0
-3939.66488355	-0.0	669.706495568	0.0	1.87188161678	1.75537764386	1001.0
