-724.906785447	-0.0	151.810296991	0.0	1.77927374752	1.19673100462	1001.0
-1365.60514792	-0.0	465.220403663	0.0	2.72625295478	2.43498436656	1001.0
-1935.5880409	-0.0	991.918558268	0.0	3.87503434627	3.68086270761	1001.0
-2472.74646413	-0.0	1886.35288797	0.0	5.52708393143	5.38145107306	1001.0
-2912.29079625	-0.0	3590.49470372	0.0	8.41605898626	8.29955501334	1001.0
-3044.52391648	-0.0	4993.22355851	0.0	10.64031014	10.5343946374	1001.0
-3072.26893175	-0.0	6971.83082778	0.0	13.6180636637	13.5209780735	1001.0
-2957.2321094	-0.0	9719.83259714	0.0	17.5262065794	17.4365844215	1001.0
-2633.97103802	-0.0	13547.4296896	0.0	22.6820779907	22.5988609651	1001.0
-5428.3645121	-0.0	4535.03973435	0.0	19.9521161255	19.8688990999	1001.0
-4590.26939264	-0.0	7287.42808976	0.0	22.1280021844	22.0447851588	1001.0
-4832.48548273	-0.0	4010.47712308	0.0	14.9616136879	14.8719915301	1001.0
-4195.58057363	-0.0	5975.56382868	0.0	16.5341747683	16.4445526104	1001.0
-4314.08363074	-0.0	3438.32309264	0.0	11.6801214659	11.5830358757	1001.0
-3855.14066448	-0.0	4755.91043521	0.0	12.7207905429	12.6237049527	1001.0
-3861.03809218	-0.0	2855.53612747	0.0	9.28221092302	9.17629542047	1001.0
-3530.52422512	-0.0	3717.27516465	0.0	10.0023781516	9.89646264903	1001.0
-3450.79316315	-0.0	2323.22125525	0.0	7.54004964697	7.42354567406	1001.0
-3218.08906315	-0.0	2863.6083413	0.0	8.00400749762	7.8875035247	1001.0
