-661.819843869	-0.0	112.288012789	0.0	1.31605771991	0.733514977011	1001.0
-1256.03777973	-0.0	301.077746345	0.0	1.76435532304	1.47308673483	1001.0
-1795.67642512	-0.0	605.025091708	0.0	2.36359426001	2.16942262135	1001.0
-2324.69722964	-0.0	1126.56857273	0.0	3.30088770542	3.15525484705	1001.0
-2812.81144474	-0.0	2164.5101834	0.0	5.07357533796	4.95707136505	1001.0
-3008.34546403	-0.0	3047.23584754	0.0	6.49350747218	6.38759196963	1001.0
-3139.59346226	-0.0	4318.0184451	0.0	8.43437707242	8.33729148223	1001.0
-3179.42884622	-0.0	6112.76089368	0.0	11.0221558985	10.9325337406	1001.0
-3082.03399792	-0.0	8649.71271415	0.0	14.481969117	14.3987520914	1001.0
-5005.41614695	-0.0	2178.95119141	0.0	9.5863960956	9.50317906998	1001.0
-4432.06321927	-0.0	4148.89146077	0.0	12.5979533762	12.5147363505	1001.0
-4467.73121747	-0.0	2000.13126338	0.0	7.46175339478	7.3721312369	1001.0
-4032.11629429	-0.0	3412.55943438	0.0	9.44243182951	9.35280967163	1001.0
-3992.65673496	-0.0	1760.9193279	0.0	5.98191359199	5.8848280018	1001.0
-3678.27136203	-0.0	2713.29138203	0.0	7.25732997349	7.1602443833	1001.0
-3570.96902607	-0.0	1490.26456943	0.0	4.84425671644	4.73834121389	1001.0
-3343.06260586	-0.0	2117.67825213	0.0	5.69821112051	5.59229561797	1001.0
-3186.9030112	-0.0	1232.96604846	0.0	4.00160991873	3.88510594582	1001.0
-3024.7672064	-0.0	1630.23954521	0.0	4.55664601705	4.44014204414	1001.0
