-788.094251199	-0.0	43.6003960304	0.0	0.511013031236	-0.0715297116609	1001.0
-1497.62885465	-0.0	21.4546770458	0.0	0.125727238594	-0.165541349625	1001.0
-2174.86470641	-0.0	-44.3252871206	-0.0	-0.173161403796	-0.367333042456	1001.0
-2875.06405709	-0.0	-119.388540252	-0.0	-0.349812851368	-0.495445709736	1001.0
-3643.05433956	-0.0	-87.6074134201	-0.0	-0.205350298446	-0.321854271359	1001.0
-4043.88294339	-0.0	36.1113927178	0.0	0.07695157519	-0.0289639273585	1001.0
-4438.10271426	-0.0	318.182489876	0.0	0.621505241716	0.524419651525	1001.0
-4813.42602168	-0.0	813.783313707	0.0	1.46736420863	1.37774205075	1001.0
-5135.0637509	-0.0	1678.21518447	0.0	2.80978817175	2.72657114613	1001.0
-5860.58522123	-0.0	-1278.09159844	-0.0	-5.6230228366	-5.70623986222	1001.0
-5637.64716548	-0.0	-356.024870804	-0.0	-1.08105617261	-1.16427319822	1001.0
-5281.0964809	-0.0	-1041.39057449	-0.0	-3.8850448452	-3.97466700308	1001.0
-5118.78633134	-0.0	-394.987151391	-0.0	-1.09291554397	-1.18253770185	1001.0
-4747.3444226	-0.0	-847.465878491	-0.0	-2.87887558331	-2.97596117351	1001.0
-4628.43793969	-0.0	-405.820277554	-0.0	-1.08546088476	-1.18254647495	1001.0
-4252.21395537	-0.0	-675.420586093	-0.0	-2.19552338405	-2.3014388866	1001.0
-4163.71215297	-0.0	-386.829399169	-0.0	-1.04087369357	-1.14678919612	1001.0
-3795.33099575	-0.0	-525.183923934	-0.0	-1.70449235143	-1.82099632434	1001.0
-3724.94971264	-0.0	-340.685008715	-0.0	-0.952241032669	-1.06874500558	1001.0
