-766.28850849	-0.0	110.185600439	0.0	1.29141665684	0.708873913947	1001.0
-1456.05298467	-0.0	295.558757568	0.0	1.73201332054	1.44074473232	1001.0
-2084.50436124	-0.0	599.267305556	0.0	2.34110086183	2.14692922317	1001.0
-2704.30926478	-0.0	1132.65414928	0.0	3.31871867045	3.17308581208	1001.0
-3285.8382998	-0.0	2221.94518706	0.0	5.20820201716	5.09169804425	1001.0
-3526.33866659	-0.0	3161.56992107	0.0	6.73714767529	6.63123217274	1001.0
-3698.26930277	-0.0	4524.54461052	0.0	8.83778423165	8.74069864146	1001.0
-3771.6984444	-0.0	6460.55257775	0.0	11.6492725531	11.5596503952	1001.0
-3696.2017916	-0.0	9210.03312896	0.0	15.4200977245	15.3368806988	1001.0
-5804.84894191	-0.0	2113.57320808	0.0	9.29876264761	9.215545622	1001.0
-5177.14637476	-0.0	4274.35246809	0.0	12.9789110213	12.8956939957	1001.0
-5183.48445836	-0.0	1955.99075947	0.0	7.29708142505	7.20745926717	1001.0
-4706.60182385	-0.0	3503.16586523	0.0	9.69313663425	9.60351447637	1001.0
-4633.0821618	-0.0	1727.80468709	0.0	5.86942182882	5.77233623863	1001.0
-4288.79075016	-0.0	2769.42932413	0.0	7.40748397929	7.31039838909	1001.0
-4143.30969062	-0.0	1461.39152188	0.0	4.75040193563	4.64448643309	1001.0
-3893.34734307	-0.0	2146.65670948	0.0	5.7761858401	5.67027033756	1001.0
-3696.82343238	-0.0	1206.50150031	0.0	3.91571882831	3.7992148554	1001.0
-3518.57888182	-0.0	1639.72069331	0.0	4.58314656161	4.46664258869	1001.0
