-780.581264604	-0.0	30.2875591792	0.0	0.354981578931	-0.227561163966	1001.0
-1486.13539185	-0.0	-31.8470974684	-0.0	-0.186628193628	-0.477896781846	1001.0
-2163.05964497	-0.0	-167.557030304	-0.0	-0.654579190976	-0.848750829637	1001.0
-2869.64145822	-0.0	-356.375380206	-0.0	-1.04419308288	-1.18982594125	1001.0
-3661.76279788	-0.0	-525.102500143	-0.0	-1.23083139782	-1.34733537073	1001.0
-4085.66554131	-0.0	-554.210658569	-0.0	-1.18099524705	-1.2869107496	1001.0
-4516.097803	-0.0	-482.278250097	-0.0	-0.94203317259	-1.03911876278	1001.0
-4942.48099106	-0.0	-267.046081255	-0.0	-0.481521131102	-0.57114328898	1001.0
-5339.15422866	-0.0	210.606072119	0.0	0.352611784124	0.26939475851	1001.0
-5861.234671	-0.0	-2163.28823305	-0.0	-9.51748618911	-9.60070321472	1001.0
-5702.95591658	-0.0	-1427.48169669	-0.0	-4.33449465484	-4.41771168046	1001.0
-5277.12857339	-0.0	-1767.67708903	-0.0	-6.59455244838	-6.68417460626	1001.0
-5161.77411505	-0.0	-1246.81150147	-0.0	-3.4498835356	-3.53950569348	1001.0
-4738.31334701	-0.0	-1434.23267744	-0.0	-4.87214593609	-4.96923152628	1001.0
-4652.63273647	-0.0	-1074.06511125	-0.0	-2.87283738746	-2.96992297765	1001.0
-4239.20630877	-0.0	-1144.03492022	-0.0	-3.71880198981	-3.82471749235	1001.0
-4173.00717315	-0.0	-904.547582128	-0.0	-2.43394060751	-2.53985611006	1001.0
-3779.49252297	-0.0	-895.164227948	-0.0	-2.90526901201	-3.02177298492	1001.0
-3723.57945048	-0.0	-738.229275324	-0.0	-2.06340810279	-2.1799120757	1001.0
