-880.852756236	-0.0	80.9804637034	0.0	0.949121475848	0.366578732951	1001.0
-1665.31334305	-0.0	172.692816723	0.0	1.01200269411	0.720734105892	1001.0
-2403.30661678	-0.0	309.27140875	0.0	1.20820133995	1.01402970129	1001.0
-3145.64292445	-0.0	570.928307575	0.0	1.6728411184	1.52720826003	1001.0
-3907.00970383	-0.0	1216.45449315	0.0	2.85134880099	2.73484482808	1001.0
-4272.0564927	-0.0	1818.73027281	0.0	3.8756234198	3.76970791726	1001.0
-4589.38531336	-0.0	2770.11693031	0.0	5.41086403914	5.31377844894	1001.0
-4840.35202633	-0.0	4170.51723994	0.0	7.52002114848	7.4303989906	1001.0
-4958.93952046	-0.0	6300.53767168	0.0	10.5488118505	10.4655948248	1001.0
-6376.0401642	-0.0	1319.40445911	0.0	5.80478066934	5.72156364373	1001.0
-5933.97445737	-0.0	2888.40038966	0.0	8.77051949532	8.6873024697	1001.0
-5759.62804875	-0.0	1083.24377257	0.0	4.04118371896	3.95156156108	1001.0
-5438.15064569	-0.0	2165.70329103	0.0	5.99242477143	5.90280261355	1001.0
-5194.36603447	-0.0	861.614360421	0.0	2.92693854397	2.82985295377	1001.0
-4962.47461783	-0.0	1586.5571689	0.0	4.24361680163	4.14653121144	1001.0
-4667.78405126	-0.0	683.23484179	0.0	2.22092441781	2.11500891526	1001.0
-4502.67481742	-0.0	1143.11808033	0.0	3.07588187717	2.96996637462	1001.0
-4179.29254325	-0.0	542.454604858	0.0	1.76054460702	1.64404063411	1001.0
-4058.06937175	-0.0	823.881384816	0.0	2.30281239446	2.18630842154	1001.0
