-748.3584066	-0.0	45.7039808762	0.0	0.535667836383	-0.0468749065132	1001.0
-1422.11815609	-0.0	28.9768591206	0.0	0.16980821816	-0.121460370058	1001.0
-2065.20766239	-0.0	-29.1840097575	-0.0	-0.114010408646	-0.308182047307	1001.0
-2730.10284413	-0.0	-96.1609193468	-0.0	-0.281755060542	-0.42738791891	1001.0
-3459.37092748	-0.0	-61.6797674191	-0.0	-0.144576333818	-0.261080306732	1001.0
-3839.98968574	-0.0	57.951536772	0.0	0.123491831903	0.0175763293547	1001.0
-4214.33282951	-0.0	327.952514057	0.0	0.640589011041	0.54350342085	1001.0
-4570.73227269	-0.0	800.714667579	0.0	1.44379962668	1.3541774688	1001.0
-4876.15297355	-0.0	1623.71397993	0.0	2.71853834796	2.63532132235	1001.0
-5565.0935294	-0.0	-1202.18969376	-0.0	-5.28908891207	-5.37230593768	1001.0
-5353.39604789	-0.0	-321.469133114	-0.0	-0.976128970627	-1.05934599624	1001.0
-5014.82270876	-0.0	-975.368304799	-0.0	-3.63874006309	-3.72836222097	1001.0
-4860.69626421	-0.0	-356.8496393	-0.0	-0.98739039049	-1.07701254837	1001.0
-4507.98251894	-0.0	-789.894124158	-0.0	-2.68330202449	-2.78038761468	1001.0
-4395.07132088	-0.0	-366.5082084	-0.0	-0.980311596452	-1.07739718664	1001.0
-4037.81661308	-0.0	-625.854741003	-0.0	-2.03440455796	-2.14032006051	1001.0
-3953.77708643	-0.0	-348.5872882	-0.0	-0.937972498934	-1.04388800148	1001.0
-3603.96976908	-0.0	-483.168726034	-0.0	-1.56813139253	-1.68463536545	1001.0
-3537.13712209	-0.0	-305.46869795	-0.0	-0.853808711694	-0.970312684607	1001.0
