-789.803759014	-0.0	40.940918619	0.0	0.479842956253	-0.102699786644	1001.0
-1501.39902882	-0.0	10.877307489	0.0	0.0637424572275	-0.227526130991	1001.0
-2181.25523744	-0.0	-68.6032878602	-0.0	-0.268005971367	-0.462177610027	1001.0
-2885.42005491	-0.0	-165.61543154	-0.0	-0.485259357516	-0.630892215884	1001.0
-3660.96953535	-0.0	-171.615760654	-0.0	-0.402264446495	-0.518768419408	1001.0
-4067.70702738	-0.0	-76.2117969411	-0.0	-0.162403534766	-0.268319037314	1001.0
-4470.27130569	-0.0	167.432069561	0.0	0.327044737453	0.229959147262	1001.0
-4856.64636333	-0.0	612.29131015	0.0	1.10404617376	1.01442401588	1001.0
-5193.61585721	-0.0	1407.50180757	0.0	2.35654042893	2.27332340331	1001.0
-5883.88789511	-0.0	-1449.90712776	-0.0	-6.378933169	-6.46215019462	1001.0
-5672.18337529	-0.0	-559.496795264	-0.0	-1.69889104294	-1.78210806856	1001.0
-5301.2418787	-0.0	-1182.65574213	-0.0	-4.41205317884	-4.50167533672	1001.0
-5147.08791116	-0.0	-557.58707381	-0.0	-1.54282380563	-1.6324459635	1001.0
-4764.4299189	-0.0	-961.926017161	-0.0	-3.26770126567	-3.36478685587	1001.0
-4651.27871271	-0.0	-534.11467155	-0.0	-1.42861413293	-1.52569972312	1001.0
-4266.59591212	-0.0	-767.11420031	-0.0	-2.49358281299	-2.59949831553	1001.0
-4181.92294577	-0.0	-486.835368421	-0.0	-1.30996798376	-1.41588348631	1001.0
-3807.37537787	-0.0	-597.803937688	-0.0	-1.94018170208	-2.05668567499	1001.0
-3739.42664666	-0.0	-417.936373843	-0.0	-1.16816459204	-1.28466856495	1001.0
