-771.014501486	-0.0	74.8530895691	0.0	0.877306347661	0.294763604764	1001.0
-1474.79233868	-0.0	150.638177634	0.0	0.882759598771	0.591491010553	1001.0
-2127.37869387	-0.0	261.791775146	0.0	1.02271714931	0.828545510652	1001.0
-2791.61895807	-0.0	479.776991998	0.0	1.40576438272	1.26013152435	1001.0
-3468.06052326	-0.0	1022.69172631	0.0	2.3971721458	2.28066817289	1001.0
-3788.73344363	-0.0	1545.37606952	0.0	3.29311925851	3.18720375596	1001.0
-4073.13612753	-0.0	2349.17129038	0.0	4.58863173529	4.4915461451	1001.0
-4299.3931257	-0.0	3541.80455588	0.0	6.38636495947	6.29674280159	1001.0
-4431.42119172	-0.0	5296.86381386	0.0	8.86838912512	8.7851720995	1001.0
-5892.68521857	-0.0	41.243000905	0.0	0.1814504815	0.0982334558859	1001.0
-5462.86533367	-0.0	1634.30287475	0.0	4.96249940815	4.87928238254	1001.0
-5274.15335188	-0.0	194.36399973	0.0	0.725100527834	0.635478369956	1001.0
-4947.75732686	-0.0	1340.52138078	0.0	3.70917547296	3.61955331508	1001.0
-4718.475841	-0.0	260.034901761	0.0	0.883348991965	0.786263401774	1001.0
-4482.10456336	-0.0	1036.77109334	0.0	2.77308584739	2.6760002572	1001.0
-4217.19450609	-0.0	265.656477636	0.0	0.863543428766	0.757627926217	1001.0
-4043.36453335	-0.0	781.299245875	0.0	2.102306168	1.99639066545	1001.0
-3757.93684262	-0.0	249.700114574	0.0	0.810405490431	0.693901517518	1001.0
-3631.51959717	-0.0	579.670394424	0.0	1.62022372829	1.50371975538	1001.0
