-824.405507588	-0.0	60.6202736801	0.0	0.710492395206	0.127949652309	1001.0
-1562.78601017	-0.0	90.1860759592	0.0	0.528502305849	0.237233717631	1001.0
-2262.7361742	-0.0	116.047349044	0.0	0.453351194604	0.259179555943	1001.0
-2977.1570876	-0.0	192.868073449	0.0	0.56511060918	0.419477750812	1001.0
-3737.07853034	-0.0	499.904186906	0.0	1.17176697688	1.05526300397	1001.0
-4119.21739104	-0.0	837.43227384	0.0	1.78452637068	1.67861086813	1001.0
-4476.37835452	-0.0	1417.70248541	0.0	2.76919552116	2.67210993097	1001.0
-4793.50831362	-0.0	2315.55785933	0.0	4.17527205162	4.08564989374	1001.0
-5022.06211239	-0.0	3741.39337878	0.0	6.26410901227	6.18089198665	1001.0
-6052.52506242	-0.0	-104.660171076	-0.0	-0.460457241685	-0.543674267299	1001.0
-5732.91981638	-0.0	1101.72122726	0.0	3.34533520238	3.26211817677	1001.0
-5460.34800582	-0.0	-81.0578414877	-0.0	-0.302396965124	-0.392019123002	1001.0
-5227.82442136	-0.0	756.982933167	0.0	2.09454512954	2.00492297166	1001.0
-4916.02847489	-0.0	-74.3751974853	-0.0	-0.252655529242	-0.349741119434	1001.0
-4747.30547753	-0.0	491.75457495	0.0	1.31531218506	1.21822659486	1001.0
-4410.1001281	-0.0	-60.3416639749	-0.0	-0.196146722527	-0.302062225075	1001.0
-4287.87346774	-0.0	303.479971697	0.0	0.816598530883	0.710683028334	1001.0
-3942.09485612	-0.0	-41.4476981731	-0.0	-0.134519129967	-0.25102310288	1001.0
-3849.4088362	-0.0	185.569811909	0.0	0.518682022409	0.402178049496	1001.0
