-676.489073902	-0.0	107.271838138	0.0	1.25726626737	0.674723524473	1001.0
-1285.42177553	-0.0	280.920382251	0.0	1.64623050954	1.35496192132	1001.0
-1840.22650641	-0.0	559.037939348	0.0	2.18394060458	1.98976896592	1001.0
-2387.39802282	-0.0	1039.91646863	0.0	3.04699382626	2.90136096789	1001.0
-2900.77912405	-0.0	2011.55601267	0.0	4.71505334328	4.59854937036	1001.0
-3113.0958541	-0.0	2846.06652209	0.0	6.06482568209	5.95891017954	1001.0
-3264.87836886	-0.0	4054.3192229	0.0	7.919293892	7.82220830181	1001.0
-3329.70253295	-0.0	5768.44741225	0.0	10.4013109258	10.3116887679	1001.0
-3263.05314415	-0.0	8200.72549211	0.0	13.7302425224	13.6470254968	1001.0
-5124.59320653	-0.0	1892.52511859	0.0	8.32625139985	8.24303437423	1001.0
-4570.44953396	-0.0	3812.04521715	0.0	11.575132386	11.4919153604	1001.0
-4576.04487339	-0.0	1758.18533154	0.0	6.55914219555	6.46952003767	1001.0
-4155.04692262	-0.0	3134.99097927	0.0	8.67440968492	8.58478752704	1001.0
-4090.14284597	-0.0	1559.82451858	0.0	5.29878645826	5.20170086807	1001.0
-3786.19808412	-0.0	2488.69960966	0.0	6.65660695046	6.55952136027	1001.0
-3657.76558625	-0.0	1326.1857195	0.0	4.3109017088	4.20498620625	1001.0
-3437.09570131	-0.0	1938.64683747	0.0	5.21647656197	5.11056105942	1001.0
-3263.6019364	-0.0	1101.2221254	0.0	3.57403302812	3.4575290552	1001.0
-3106.2454191	-0.0	1489.49230989	0.0	4.16324657392	4.04674260101	1001.0
