-724.074528332	-0.0	88.1482056863	0.0	1.0331301063	0.450587363406	1001.0
-1381.52466781	-0.0	203.824098317	0.0	1.19443611225	0.903167524036	1001.0
-1987.15464341	-0.0	382.570343837	0.0	1.4945513519	1.30037971324	1001.0
-2596.46886916	-0.0	705.967895378	0.0	2.06851211963	1.92287926126	1001.0
-3199.15218143	-0.0	1418.12543211	0.0	3.32406207819	3.20755810527	1001.0
-3472.23383967	-0.0	2062.28063512	0.0	4.39461708377	4.28870158122	1001.0
-3699.58135863	-0.0	3022.10219652	0.0	5.90306637197	5.80598078178	1001.0
-3857.7115525	-0.0	4414.04928872	0.0	7.959143217	7.86952105913	1001.0
-3907.51157482	-0.0	6425.5222811	0.0	10.7580700436	10.674853018	1001.0
-5515.37281326	-0.0	795.919057495	0.0	3.50168254124	3.41846551563	1001.0
-5039.75514424	-0.0	2505.2384396	0.0	7.60706259892	7.52384557331	1001.0
-4932.12032176	-0.0	830.935001216	0.0	3.09991258059	3.01029042271	1001.0
-4570.86793572	-0.0	2059.23810908	0.0	5.69783936063	5.60821720275	1001.0
-4410.9437332	-0.0	788.831798707	0.0	2.67969326232	2.58260767213	1001.0
-4149.71044939	-0.0	1619.7216002	0.0	4.33232280016	4.23523720997	1001.0
-3943.20855832	-0.0	697.268553172	0.0	2.26654242552	2.16062692297	1001.0
-3752.25521115	-0.0	1247.28614751	0.0	3.35617546671	3.25025996416	1001.0
-3515.484194	-0.0	596.523644874	0.0	1.93602649243	1.81952251952	1001.0
-3377.88443065	-0.0	947.100719018	0.0	2.64721999398	2.53071602107	1001.0
