-759.66930092	-0.0	93.2356843402	0.0	1.09275726855	0.510214525655	1001.0
-1448.07808317	-0.0	225.771846483	0.0	1.32305281268	1.03178422446	1001.0
-2080.65507802	-0.0	436.149934413	0.0	1.70386566708	1.50969402842	1001.0
-2714.25910233	-0.0	815.619614321	0.0	2.38979572339	2.24416286502	1001.0
-3333.83425882	-0.0	1635.64717655	0.0	3.83392937588	3.71742540297	1001.0
-3609.36707413	-0.0	2368.28574976	0.0	5.0466987072	4.94078320465	1001.0
-3832.35435254	-0.0	3452.30641156	0.0	6.74338343266	6.64629784247	1001.0
-3977.00929881	-0.0	5015.87673675	0.0	9.04432159574	8.95469943786	1001.0
-4000.25308428	-0.0	7265.13380985	0.0	12.1638078561	12.0805908305	1001.0
-5779.24658579	-0.0	1114.48174326	0.0	4.90321374537	4.81999671976	1001.0
-5252.11334205	-0.0	2983.75299353	0.0	9.06005410213	8.97683707652	1001.0
-5166.39258	-0.0	1105.71723511	0.0	4.12502393407	4.03540177619	1001.0
-4765.9858188	-0.0	2446.98567999	0.0	6.77072324025	6.68110108237	1001.0
-4619.85773756	-0.0	1019.05288897	0.0	3.46176354071	3.36467795052	1001.0
-4330.43686714	-0.0	1924.64679067	0.0	5.14791626688	5.05083067668	1001.0
-4130.31286458	-0.0	884.160656056	0.0	2.87405423465	2.7681387321	1001.0
-3919.1407675	-0.0	1482.25844104	0.0	3.98843475099	3.88251924844	1001.0
-3682.9589833	-0.0	744.900478502	0.0	2.41758574534	2.30108177242	1001.0
-3531.21431288	-0.0	1124.99860637	0.0	3.14445839199	3.02795441908	1001.0
