-642.617026406	0.968851936761	69.7654936349	0.349428579624	0.817678989932	-106.209781293	1001
-1240.32788025	1.19978870596	122.686646824	0.922026265927	0.718960976552	-81.857839594	1001
-1821.1005835	1.15590033099	180.575701265	1.68713228322	0.70543901784	-57.1953885916	1001
-2415.01545866	1.15024452881	291.663699591	2.59911315355	0.85458669067	-21.1769558824	1001
-3040.36961378	1.19558239138	565.63578801	3.7599053133	1.32584265233	37.9619635408	1001
-3356.67300668	1.33596386345	842.107997837	4.59074738911	1.79449269276	84.1490928244	1001
-3671.76950686	1.50421913042	1261.66626501	5.59180872814	2.46441382749	142.173480726	1001
-3967.97315551	1.54828928253	1897.98660251	5.96229044908	3.422338082	217.09516602	1001
-4230.40151743	1.78455000917	2849.64541952	7.16380366193	4.77108753006	313.818687582	1001
-4937.61076765	0.73093399772	-343.543152816	3.42623888289	-1.51143609861	-208.994242146	1001
-4721.43414057	1.03821546385	634.566858587	4.42312196161	1.9268412543	77.1289723989	1001
-4442.28882982	0.837082610512	-123.544736186	3.46986765405	-0.460900592297	-130.929063527	1001
-4273.93348253	1.11385671093	577.170410339	4.54675390464	1.59701251133	53.5055495461	1001
-3992.9848484	0.942138772573	-0.557442995694	3.64614343487	-0.00189365894752	-97.2694371879	1001
-3868.10171494	1.12687616446	468.441620086	4.20035268362	1.25295806233	24.5585827746	1001
-3582.49101436	0.974773613932	59.5190351298	3.29213324459	0.193472962696	-85.423716475	1001
-3486.50362626	1.11605432596	371.631695579	3.87315241827	0.999981423984	-0.00196748811095	1001
-3201.5773038	1.061734634	94.4057061884	3.07100311568	0.306395586067	-80.8076698533	1001
-3124.93235207	1.14334778754	301.07987687	3.55834920869	0.841542829752	-18.4608898704	1001
