-766.340047587	1.06022200133	65.0174282924	0.35388924194	0.762029799033	-138.627813599	1001
-1460.52074012	1.27155253448	108.713444877	0.950855444535	0.637076051196	-105.708346199	1001
-2132.77186437	1.26984300522	157.366570209	1.80042989698	0.614769971548	-74.8007458858	1001
-2826.9401036	1.20894622614	282.133189816	2.79918525423	0.82666190325	-25.2437224938	1001
-3563.12187227	1.24853030543	659.63500129	3.95057396713	1.54617553949	63.6316202583	1001
-3932.19810146	1.43533020744	1048.87707166	4.84042381869	2.23510790246	130.817074191	1001
-4284.09238662	1.62029594774	1679.20399449	5.69572330524	3.27999064251	221.354237159	1001
-4600.27634914	1.77871794908	2642.18543529	6.76450535299	4.76423375326	337.358751726	1001
-4843.90429053	1.99817638983	4130.17286742	7.81147198972	6.91504147489	492.232157924	1001
-5761.01563329	0.887278104423	161.651991818	3.83582020992	0.711196406752	-24.0333760167	1001
-5477.08836086	1.16041260498	1405.96893042	4.79242815194	4.26917810273	272.051277912	1001
-5198.21613835	0.986482396858	147.679161339	4.07627732936	0.550937377279	-40.2459612707	1001
-4986.56967349	1.20926474928	1033.97497083	4.7273391505	2.86097647288	166.78472726	1001
-4676.76408552	0.992212737166	128.510035379	3.86055207919	0.436554374565	-54.7024510861	1001
-4526.03660695	1.24647598648	722.170764721	4.55549708255	1.93161675486	90.4465624779	1001
-4190.9800151	1.05490456717	115.581198392	3.7161191172	0.375708995217	-66.1220955081	1001
-4084.07517873	1.16691286851	485.722417734	4.07089653637	1.30697516042	32.5134283859	1001
-3743.48772321	1.08933115769	95.204567571	3.34548187833	0.30898830648	-80.5056076246	1001
-3663.64783044	1.17138105155	329.272627721	3.63368065178	0.92034386945	-9.28025567594	1001
