-839.044587919	1.14920989708	62.7769750601	0.383799686314	0.73577080708	-153.924798797	1001
-1590.7103269	1.40391266421	102.195453598	1.0381310242	0.598879707119	-116.833741413	1001
-2311.91630391	1.31436710738	146.200652247	1.86779699323	0.571149073804	-83.2706870807	1001
-3067.03577428	1.20884518315	278.877376213	2.97029527289	0.817122234872	-26.6330116675	1001
-3872.01773495	1.35586275779	706.296711894	4.18195184665	1.65554995932	76.3741747036	1001
-4268.40283398	1.53629875959	1182.56291353	5.01044810413	2.51998616864	160.990098918	1001
-4634.62040206	1.63891200992	1965.27316397	5.87727313529	3.8387698034	275.60364178	1001
-4949.34569922	1.891036106	3169.83783282	6.94961353756	5.7156655978	422.628126707	1001
-5160.18248939	2.04112924751	5054.68202988	7.7294687296	8.46292322406	621.042273092	1001
-6213.35152104	0.93264444623	622.046231296	3.88882449835	2.73672498281	144.525087379	1001
-5889.71181504	1.2745301414	2002.13477148	5.13921678013	6.07941593883	422.693886286	1001
-5624.92132916	1.00901942577	412.226468745	3.93995142019	1.5378674112	48.2048380437	1001
-5385.51662546	1.25775633297	1396.51550793	4.82875437737	3.86411482377	256.688150918	1001
-5070.70789269	1.04549018371	262.880249359	3.85484730995	0.893016039614	-10.3866009351	1001
-4901.90267496	1.29008420995	921.193034627	4.67544216018	2.46394895373	142.128348183	1001
-4550.23478767	1.09297096142	157.557811207	3.80021106478	0.512158445843	-51.6699833725	1001
-4430.36063107	1.23674680762	580.863050615	4.30483089622	1.56297825886	59.6281252112	1001
-4061.10382952	1.1164006887	100.407597884	3.5212366068	0.325874844237	-78.5382588871	1001
-3978.06640503	1.19932881111	360.844354574	3.71030233049	1.00858942286	1.00070188875	1001
