-763.237048657	1.07545584013	66.0743774124	0.365110775961	0.7744176579	-131.411356316	1001
-1465.15080062	1.27150182492	112.885240554	1.01463326718	0.661523359612	-98.5876131906	1001
-2142.12265225	1.1998611023	175.902046497	1.82439845496	0.687180866793	-60.7406036993	1001
-2853.76875346	1.22081297167	329.999951762	2.89742439512	0.966913493495	-4.81848251571	1001
-3600.93204403	1.36735229289	795.90986711	4.27115966671	1.86560198558	100.846070281	1001
-3964.73125068	1.48147305737	1288.39960955	4.89170356279	2.74551920967	184.8775443	1001
-4301.3746405	1.6908473727	2065.25313041	5.94164165305	4.03406075998	294.563579559	1001
-4576.67006968	1.92722246831	3286.38468343	7.02961526055	5.92581604072	441.462262881	1001
-4764.01829518	2.01274586745	5118.70982094	7.65739531246	8.57012329653	629.963144269	1001
-5796.77927346	0.9179601644	776.982582847	3.78829317864	3.41837557839	201.250022451	1001
-5474.52035562	1.32786384251	2146.31681722	5.27750154772	6.51721994655	459.12663361	1001
-5246.4693534	0.991789389561	559.281255	3.94956550067	2.08647547154	97.3722762416	1001
-5012.33083177	1.24901627797	1519.77537184	4.80365868874	4.20517102016	287.254343196	1001
-4730.62739068	1.06891889807	388.280755983	3.89815034154	1.31900720504	30.9710027765	1001
-4564.54606624	1.24459256158	1039.29932086	4.48807607463	2.77985218947	172.798000269	1001
-4244.09515387	1.06866206125	269.700900506	3.72880604688	0.876691501278	-13.0602816107	1001
-4127.02121316	1.23193832141	688.611413611	4.27547301318	1.85290606304	90.335974293	1001
-3784.98583667	1.05903457515	191.844042718	3.1853752725	0.622633633869	-43.9646808981	1001
-3704.91592246	1.2080620532	447.100507098	3.7128675272	1.24968240933	29.0889926531	1001
