-905.48129556	1.23268885094	59.7661567139	0.389040809446	0.700482833386	-174.481551784	1001
-1712.82955265	1.52321080582	87.3303160396	1.03106223908	0.511767913848	-142.206670456	1001
-2471.16721926	1.46246869124	115.968820916	1.84632083537	0.453045069485	-106.203135132	1001
-3256.20006166	1.31499484106	214.717009075	3.08278319043	0.629129708198	-54.0109006788	1001
-4103.52308556	1.30961083176	613.55299443	4.13444463814	1.43815993741	51.0473734792	1001
-4530.95989752	1.54799881205	1052.49616704	5.08869714283	2.24282002518	131.633907544	1001
-4930.5438141	1.66682073645	1794.06121223	6.02518272831	3.50434134714	243.135457728	1001
-5280.6050112	1.90846260645	2967.46182333	7.05148494141	5.35075305139	389.923876862	1001
-5530.32996252	2.09249314354	4811.10898696	8.06594785966	8.05511518598	587.105701142	1001
-6582.75383015	0.941436511169	351.971311205	3.99030946109	1.54851622299	45.6458885781	1001
-6256.51636303	1.24371692436	1753.82198185	5.01041555321	5.32542237527	359.948784594	1001
-5957.10152396	1.03294600828	188.818800359	4.10110743119	0.70441444621	-26.4910151683	1001
-5716.76076267	1.27535012069	1178.99380021	4.97618716172	3.26223904758	202.74674508	1001
-5369.26176314	1.06164421683	85.1531553621	4.13256989714	0.289269101606	-69.0017287378	1001
-5199.38555634	1.30945937925	742.403369519	4.87456038198	1.98573364844	95.7005330305	1001
-4818.29767303	1.05753870345	17.3479135344	3.72497920157	0.0563912405631	-99.9427959649	1001
-4699.05159538	1.26914454004	438.890648224	4.33347158331	1.18096088306	19.1665628709	1001
-4300.87789847	1.0883756458	0.502521526325	3.44919544334	0.00163094354977	-116.31396151	1001
-4213.38786311	1.21037373661	256.389776418	3.69208003688	0.716630351419	-33.0136898626	1001
