-687.524773566	0.974149445024	68.4734230423	0.335703593412	0.802535415048	-115.031560943	1001
-1320.73383782	1.17604028254	118.146699519	0.928078813484	0.692356247895	-89.6069613497	1001
-1941.26301591	1.2496069549	173.122716424	1.71735659278	0.676323105402	-62.8488730207	1001
-2573.74392429	1.13580890024	296.422239709	2.61379484065	0.868529409829	-19.146437838	1001
-3239.62921063	1.32049308926	626.759875836	4.06684214833	1.46911668916	54.653958047	1001
-3581.30588772	1.33928270627	946.906794317	4.50781847732	2.0178140185	107.80228327	1001
-3907.85046131	1.54707188339	1466.22148762	5.42875762946	2.86397172411	180.964794935	1001
-4208.15597513	1.69552895811	2252.28313191	6.45457032481	4.06118479635	274.349987113	1001
-4459.78068367	1.88493813928	3444.57703576	7.51557046894	5.76716612848	396.70938582	1001
-5263.85070154	0.781422870615	-112.286441906	3.50308093202	-0.494010083712	-124.327075404	1001
-5019.04331947	1.09459897745	979.670922156	4.69405094435	2.97473831622	164.331849042	1001
-4735.38154765	0.907807180477	21.938759597	3.80179582848	0.081845553317	-82.2869827773	1001
-4550.55476213	1.14677380728	802.76216124	4.56453338385	2.22121784513	109.44817852	1001
-4258.82895718	0.940078585091	70.9089525625	3.57480543535	0.240880903548	-73.6995255046	1001
-4120.10491242	1.17227483225	608.572699304	4.39599585381	1.62777182344	60.9475979844	1001
-3817.76514574	0.971722149594	95.9171644796	3.3646956026	0.311788958688	-72.8922182999	1001
-3719.00073291	1.14968261119	439.715461601	4.00322438165	1.18318027948	19.4016313585	1001
-3410.92709146	1.05355561335	100.816718205	3.3033030886	0.327202652329	-78.383563969	1001
-3334.03839569	1.12700330926	323.116524082	3.40537934057	0.903137057323	-11.28491765	1001
