-808.501925687	1.15894727961	63.1039524936	0.375272328085	0.73960311104	-151.692317936	1001
-1540.06055102	1.42632461548	98.9992230041	1.01252853871	0.580149347066	-122.289306943	1001
-2226.76888078	1.40337077911	134.101155405	1.81997494252	0.523881046549	-92.4487973889	1001
-2931.49687495	1.25734224475	228.358943886	2.73247386736	0.669101140848	-48.189746689	1001
-3684.07896498	1.30733327627	526.881829261	4.12474911645	1.23500389611	27.3788875468	1001
-4073.34650384	1.41728016421	846.404322423	4.93046453861	1.80364795918	85.1187774684	1001
-4450.21183553	1.53300109544	1382.82106882	5.55464909984	2.70106561257	165.14895895	1001
-4799.13607291	1.67714474975	2214.6327575	6.41843530508	3.99329585026	268.265633268	1001
-5087.00201898	1.91445416851	3530.24675154	7.60835285315	5.91060071507	408.645585486	1001
-5950.68576297	0.84666281222	-276.485366616	3.74418728189	-1.21641185515	-184.443202121	1001
-5686.75849346	1.14513266778	901.255444476	4.76135063288	2.73663231474	144.517375818	1001
-5365.73557351	0.912479008105	-166.524371354	3.88007612213	-0.621242019356	-145.299208218	1001
-5163.11296272	1.19420214892	683.584222113	4.74722222881	1.89145620723	79.8942289459	1001
-4827.1098867	0.959669876049	-93.2668247966	3.6662564018	-0.316831601881	-127.845373251	1001
-4680.29106294	1.19486636136	467.345531155	4.46485913306	1.25002631287	24.2739521486	1001
-4330.53570453	1.01618564496	-48.9891055257	3.551319818	-0.15924430504	-122.781943145	1001
-4220.71810562	1.14127610879	320.050540589	3.86942574023	0.861187565894	-14.7023887183	1001
-3873.33232173	1.13309834525	-13.4629818976	3.50004612632	-0.043694373945	-121.594541072	1001
-3785.86035498	1.18811680691	218.411396711	3.76561387226	0.610477680371	-45.3808977751	1001
