-731.264594902	1.00424484694	66.9769912438	0.353174665144	0.784996646558	-125.248643246	1001
-1402.55197439	1.19119374643	117.157496812	0.942698559641	0.68655938114	-91.2954065456	1001
-2060.41025552	1.17093981769	183.256881478	1.81554404766	0.715913345907	-55.161571147	1001
-2744.587486	1.17442863191	339.171562004	2.81989709826	0.993786690455	-0.904862028925	1001
-3462.81604772	1.34678693568	788.22944478	4.20322446913	1.8475991793	98.7486718266	1001
-3815.52778569	1.43050560599	1247.46984619	4.76813322813	2.65829980143	175.639656844	1001
-4144.81456142	1.5766131075	1965.84899707	5.61350908304	3.8398945787	275.712841255	1001
-4415.55806449	1.85474787191	3110.67631026	6.82987493624	5.60898901147	413.067540845	1001
-4615.16215376	1.99313545316	4785.9285485	7.5604093134	8.01295622996	583.597358219	1001
-5592.62925405	0.921076123119	638.209460614	3.78630485034	2.80783595697	150.442731137	1001
-5291.58949693	1.25021002597	1933.19115065	4.98711904887	5.87007091703	405.272816245	1001
-5056.08733844	1.00957210946	484.461546388	3.97449499031	1.80735028111	72.356474357	1001
-4833.86258468	1.24018954398	1406.45541982	4.81222642731	3.89161824975	259.153067303	1001
-4556.87158935	1.04950070442	355.842902642	3.98046761496	1.20881435717	20.2728651065	1001
-4397.46611933	1.2417921816	976.643044577	4.54098224062	2.61226313856	156.527518351	1001
-4085.06037078	1.04363704429	265.595523274	3.6053089644	0.863346535348	-14.4737203836	1001
-3973.44985142	1.16985316907	662.586321485	4.04530612082	1.78287810527	82.9189279535	1001
-3642.71435425	1.05433547629	201.4418628	3.25946658848	0.653783548717	-40.3355920623	1001
-3565.1344449	1.23252353671	447.219861441	3.79252860541	1.25001601446	29.1278589762	1001
