-739.713026475	1.11373362324	65.7517416551	0.344747143143	0.770636240089	-133.614193819	1001
-1415.91232839	1.34431258694	104.84844502	0.951506093493	0.614426609353	-112.305417148	1001
-2052.48508876	1.42021116017	149.064850307	1.7491827948	0.582338381402	-81.098040889	1001
-2706.97546545	1.24434429609	231.220806499	2.72830700099	0.67748651655	-46.968560457	1001
-3395.43081821	1.26634331468	476.932282531	3.96750047413	1.11792283278	13.7384785156	1001
-3751.80865863	1.35562139595	734.907872188	4.69042357543	1.56605424705	59.9539200463	1001
-4107.96046068	1.51632038348	1145.58363902	5.58999171109	2.23766953182	120.159876959	1001
-4448.5765065	1.5340243429	1782.23175482	6.0484263183	3.21361573227	198.38901864	1001
-4750.52390578	1.75306032024	2775.57187466	7.10784860901	4.64706811214	303.498160504	1001
-5490.63547488	0.776668976157	-552.165256832	3.62631224124	-2.42927997468	-285.374479491	1001
-5261.73517498	1.05970081088	466.512979597	4.50179925596	1.41655121535	34.6641531573	1001
-4942.90512515	0.89647187886	-304.431573774	3.70417212234	-1.13572376289	-191.408172262	1001
-4764.50045511	1.09785115445	422.487840426	4.50902795074	1.16901066818	15.147100787	1001
-4447.96384914	0.99834698241	-154.753261902	3.75137170274	-0.525703796302	-148.123853521	1001
-4312.80554602	1.14018508437	331.075504093	4.18943023736	0.885539850229	-11.1124311939	1001
-3995.18102357	1.08114868274	-68.4026809296	3.40104893397	-0.222350199511	-129.465835671	1001
-3891.65751753	1.12223877625	248.62325357	3.89570850333	0.668992010364	-35.0588775698	1001
-3577.09814697	1.11790726237	-9.55972502687	3.04894168273	-0.0310262765939	-120.118657401	1001
-3493.0408627	1.22640173869	197.553923583	3.65663718171	0.552179340609	-52.1728859716	1001
