-758.474033962	1.06263336713	64.6568619864	0.356177973862	0.757803820294	-141.089626845	1001
-1455.33700308	1.35172175962	102.968082205	1.00422967887	0.603407419242	-115.514961095	1001
-2097.84630128	1.31787268254	138.668646415	1.77902228799	0.541724457095	-88.984113124	1001
-2759.87682971	1.28426606637	218.258727553	2.77223809336	0.639507089675	-52.499612952	1001
-3461.11444195	1.2511682429	457.932580428	4.05934976462	1.0733877875	8.54996880691	1001
-3829.12971891	1.35516942235	707.087630113	4.72141296455	1.5067706145	53.6748643115	1001
-4189.07282537	1.45850967702	1120.26387208	5.42915069867	2.18821240875	115.358302977	1001
-4534.45783026	1.63240867546	1766.62596888	6.31590921536	3.1854762947	195.867101523	1001
-4845.24335089	1.76064213663	2750.65605074	7.18187618573	4.60535219338	300.026685824	1001
-5591.42469103	0.801170557653	-600.636432065	3.69913223706	-2.64253144947	-303.12063293	1001
-5360.69556176	1.10380205259	429.439467416	4.76394962806	1.30397872319	25.2962051939	1001
-5036.56920765	0.928366555913	-350.852871418	3.9091657532	-1.30890478411	-206.929029088	1001
-4855.67621539	1.11670796269	383.942478946	4.57360448289	1.06235685601	5.58855599399	1001
-4532.17447104	0.992837983936	-190.618016375	3.72806330258	-0.647537981563	-159.952197303	1001
-4395.90701486	1.16977257223	297.833260684	4.40741594147	0.796625596876	-19.7447239571	1001
-4071.58855061	1.05671038244	-96.5625535506	3.37621115014	-0.3138868646	-139.160987556	1001
-3963.86599655	1.1441326669	229.393644727	4.05010382334	0.617249244982	-40.5392385686	1001
-3646.22494278	1.16114255482	-25.2634976946	3.17899896832	-0.0819931812893	-126.056504285	1001
-3558.30028175	1.22519119173	177.674481742	3.60242283212	0.496614678118	-58.6463899055	1001
