-782.67767645	1.08379737268	64.3006262498	0.352349506941	0.753628597528	-143.521872567	1001
-1499.31298962	1.3646822905	101.181192316	0.988533470075	0.5929359936	-118.564958459	1001
-2177.88975136	1.33235839086	144.532655582	1.88177546859	0.56463285971	-84.5359510492	1001
-2873.04841765	1.288276304	240.238373392	2.88872601516	0.70390836013	-43.1206718531	1001
-3615.00404527	1.34622179243	543.604409903	4.17586225412	1.27420139942	31.9455524106	1001
-3994.82728185	1.44244239065	876.490633939	4.80711348695	1.86776047955	91.9092872832	1001
-4361.00313554	1.58390827854	1417.75979453	5.75247180603	2.76931145628	171.774646965	1001
-4702.12133131	1.71935283591	2256.89459613	6.51061862029	4.06949991806	275.095206264	1001
-4986.31330047	1.89874589847	3543.14251203	7.57869301631	5.9321917529	410.442327435	1001
-5843.12080351	0.883904712353	-227.568827024	3.87405205103	-1.00120097654	-166.533992924	1001
-5577.51522501	1.15947488115	952.008731503	4.8729065609	2.89074299026	157.34200785	1001
-5264.48709689	0.937588485079	-110.664610955	3.89031368615	-0.412849517594	-126.622622524	1001
-5065.89688827	1.18824386901	718.239487411	4.67355893306	1.98734624468	88.4881010214	1001
-4737.61427684	0.99334998657	-55.7190456752	3.7579819476	-0.189280106137	-115.461961007	1001
-4590.22113336	1.2020916523	509.611104182	4.5179247927	1.36307559845	35.2494087591	1001
-4247.59455193	1.05783439773	-8.82915682797	3.67318715967	-0.0287001146085	-108.95528961	1001
-4140.75403503	1.1663309977	346.149022986	4.07933719263	0.931413001188	-7.26442644746	1001
-3798.84027301	1.10692253328	12.2795214677	3.26809869455	0.0398534297196	-111.860890017	1001
-3717.79655818	1.19841114445	231.644946459	3.81001582384	0.64746653203	-41.0715496033	1001
