-682.311140337	0.935103678074	68.9992879626	0.340757427806	0.808698758479	-111.441149955	1001
-1317.58495716	1.12060386361	118.724173659	0.930001463947	0.695740327441	-88.6212852779	1001
-1932.94451313	1.18335577631	179.00943242	1.83458954548	0.699320214769	-58.3834866105	1001
-2567.79285826	1.14972858089	306.423702884	2.81862051991	0.897834110167	-14.878710564	1001
-3235.71994924	1.29594680169	646.992135946	3.97110141776	1.51654083377	60.1790593061	1001
-3572.15910701	1.3659551307	990.148465426	4.68676810003	2.10995999387	117.561970559	1001
-3897.6109335	1.4986588616	1521.87387362	5.41625334525	2.97267757875	191.51856699	1001
-4192.24539791	1.63968049498	2340.34878378	6.23689416456	4.21997961278	288.581521221	1001
-4441.69750269	1.85911193373	3549.74873881	7.34584789395	5.94325238732	411.362760532	1001
-5255.55484506	0.799416192382	-36.8970794678	3.48765252354	-0.162330634111	-96.7256981508	1001
-5003.25613303	1.17727960986	1089.80813882	4.92990738979	3.30916632776	192.161953444	1001
-4731.7274976	0.847022204568	65.0109314933	3.56222431947	0.242532201339	-67.8858986393	1001
-4543.57940741	1.13707442438	858.585217456	4.54471191861	2.37567849938	123.291275662	1001
-4252.86305394	0.973669384183	109.88667446	3.66489818755	0.373289979266	-60.8445122418	1001
-4114.00120461	1.19869840121	652.894206867	4.46903442233	1.74632019288	72.4569363971	1001
-3812.94603541	1.00633885148	125.103818667	3.50847394166	0.406663286614	-62.8435561787	1001
-3713.71562032	1.15795300759	463.211867791	3.99404925063	1.24640408412	26.0980124	1001
-3404.40921091	1.0600989313	121.82784868	3.24622772049	0.395394691727	-70.4389204581	1001
-3329.49185678	1.09368970654	341.712519159	3.44335223378	0.955114381353	-5.22935289901	1001
