-788.987867967	1.11231119942	63.6795951718	0.368305301209	0.746349869346	-147.762042847	1001
-1510.82119797	1.34298471261	101.043696199	1.00488068398	0.592130247046	-118.79964712	1001
-2187.82920863	1.36461474706	133.388133388	1.7370246728	0.521095546908	-92.9896624189	1001
-2879.9703007	1.26593534632	220.880858906	2.71006385647	0.64719004288	-51.380722516	1001
-3619.62365491	1.35018756122	503.578133414	4.1764721022	1.18038034759	21.0150271298	1001
-4001.49380234	1.43246732297	808.912797956	4.94992675316	1.72375527692	76.6569038773	1001
-4377.8150336	1.54727996392	1292.04122208	5.6153385798	2.52374525791	147.933707666	1001
-4722.68862924	1.71631063354	2077.7396439	6.57521853624	3.74645821968	246.14351217	1001
-5023.68605759	1.86778103529	3271.66849923	7.48533711855	5.47766984349	372.618366057	1001
-5849.88307152	0.845020452012	-393.595651282	3.80311576876	-1.7316446878	-227.319345953	1001
-5593.30812888	1.12734198887	754.077685498	4.84642036908	2.28973192296	107.327654469	1001
-5268.90768997	0.900781120692	-223.877129535	3.74406303299	-0.835204354228	-164.474974374	1001
-5077.9498363	1.17924037045	577.509292519	4.8092760549	1.59795018775	53.5895861297	1001
-4740.18377423	0.991759484514	-124.939810952	3.88934058024	-0.424426161488	-138.291254572	1001
-4598.26945759	1.16663125415	413.022229922	4.47625579253	1.10472577737	10.1673639037	1001
-4253.99163093	1.07838032567	-63.1228273146	3.59068647515	-0.20518747301	-127.648036869	1001
-4146.58225685	1.14799808333	283.581515732	4.01658776951	0.763057218453	-25.0959137827	1001
-3803.4746323	1.13836458953	-11.5304073387	3.31900644666	-0.0374221650022	-120.863803811	1001
-3720.08358097	1.15636382973	204.099078054	3.54274238937	0.570473581564	-50.0415342189	1001
