-790.327294288	1.0598418352	64.4834629025	0.35402698072	0.755771514917	-142.273531594	1001
-1511.10849173	1.26995235981	108.795912157	1.01400589749	0.637559321031	-105.567584876	1001
-2209.21878561	1.23583646908	165.173536375	1.81932973723	0.645268751318	-68.8787478408	1001
-2936.56747257	1.19853398839	323.727943519	2.86241720733	0.9485362502	-7.49481298565	1001
-3707.85513705	1.37547754537	794.720227435	4.29186897697	1.86281348623	100.521199029	1001
-4084.90519222	1.53186521622	1291.48076874	5.07343460847	2.75208501558	185.572964932	1001
-4428.30837473	1.71988270423	2105.82043713	6.02664839966	4.11330091594	302.256656867	1001
-4713.59172468	1.86687337626	3357.1425491	6.83463341751	6.05340247255	452.896834218	1001
-4903.0424034	2.04547602557	5253.67393446	7.86156844651	8.7960902167	648.767439253	1001
-5956.8711557	0.966585928172	846.322694273	3.90244266401	3.72344103125	226.636662056	1001
-5631.28866983	1.25992351292	2223.4954662	5.02279990761	6.75157035865	478.628577857	1001
-5395.88592706	0.993285195073	589.381501067	3.92099951896	2.19876857013	107.436226052	1001
-5156.01553525	1.33673431964	1568.82783232	4.99310353218	4.34089764733	299.418456404	1001
-4869.3096347	1.07227758177	389.648995383	3.96791122271	1.32365517587	31.4222537674	1001
-4698.94470471	1.29820717131	1047.06214617	4.74296947397	2.80061570437	174.813838367	1001
-4368.51437674	1.05419646128	262.15985192	3.76636950673	0.8521785197	-15.6565863734	1001
-4250.09584068	1.23080269846	681.261536651	4.16008076707	1.83312911582	88.2412889893	1001
-3896.81409265	1.05504653417	179.188456277	3.38292653094	0.581559677843	-48.7499599583	1001
-3815.07723844	1.20499136087	432.290230781	3.73109544903	1.20828647822	24.2662022163	1001
