-720.771351329	1.04452937556	65.5286346344	0.354863791104	0.768021338168	-135.137485957	1001
-1382.32033774	1.2961626898	108.769358083	0.922114130584	0.637403710433	-105.612909355	1001
-2011.8655779	1.32300362866	153.576698827	1.8680903266	0.599964418385	-77.6755644049	1001
-2651.59784649	1.25065422173	244.898199651	2.70391590264	0.717561843604	-41.1322760281	1001
-3328.20216161	1.24921117169	500.461439927	3.90566641357	1.17307486013	20.163908816	1001
-3679.58178077	1.35127695614	755.196282599	4.80515950428	1.60928789918	64.5330340383	1001
-4024.80203585	1.4569763552	1184.8572792	5.32095738438	2.3143827678	127.607626749	1001
-4354.21543349	1.55979407398	1832.30279096	6.14221285073	3.30390088685	206.480569017	1001
-4650.69355449	1.77107041263	2816.46608982	7.2185662913	4.71553623757	309.195874252	1001
-5389.28027685	0.817087622488	-502.459276015	3.70245629326	-2.21059590804	-267.176241916	1001
-5162.34409048	1.08253052725	509.989376933	4.61345117526	1.54856585627	45.6500189121	1001
-4851.7111453	0.860739759818	-268.384140213	3.71158065671	-1.00124386523	-179.355793642	1001
-4673.88538561	1.12176435705	462.745252108	4.5127826757	1.28040166983	25.1302027232	1001
-4364.89195424	0.951990536815	-128.533467059	3.62920308503	-0.43663397304	-139.476457162	1001
-4230.26075438	1.1190898616	362.568671628	4.32869782275	0.96977578589	-2.93433566498	1001
-3918.41777412	1.05940028487	-43.4899077477	3.44557247429	-0.141368576977	-120.888626423	1001
-3814.86619435	1.18251942499	277.958132958	4.0577475788	0.747925897899	-26.6985552035	1001
-3507.556406	1.19100537674	13.1979983708	3.19086419712	0.0428343646693	-111.513599252	1001
-3421.7807266	1.14478229858	214.896701508	3.54023664974	0.600653820413	-46.5254164896	1001
