-708.201104803	0.950994480379	68.2315854159	0.333940412604	0.799700983072	-116.682738721	1001
-1364.99336662	1.2161315549	117.250403022	0.959734451616	0.687103824579	-91.1368272736	1001
-2002.44977837	1.19887282645	178.176431597	1.76008663344	0.696066004603	-59.0153619309	1001
-2659.39537806	1.19621655817	315.690565538	2.84322678181	0.924986400629	-10.9244448929	1001
-3350.73172189	1.31001263436	705.214452174	4.10038207356	1.65301315714	76.0786271716	1001
-3701.99315211	1.38774770964	1073.92332942	4.63405162456	2.28848030439	136.470038963	1001
-4027.50636912	1.59894122109	1698.58993777	5.69819957084	3.31785722261	225.030536436	1001
-4319.40902945	1.83000870731	2640.43848595	6.9284380104	4.76108375671	337.076442237	1001
-4543.92993725	1.97237057284	4076.43913143	7.61427364655	6.82507647224	484.745537994	1001
-5435.32674259	0.858579390434	212.956598436	3.68936250554	0.936913711352	-5.24985329834	1001
-5162.75795347	1.18687937103	1405.81993861	4.90675005781	4.26872569401	272.013629804	1001
-4899.82307634	0.931702672838	215.875160137	3.8822895865	0.805351909286	-17.4447819167	1001
-4694.90084281	1.21810546152	1072.93216311	4.83846032295	2.96876980803	176.445398561	1001
-4406.82274561	0.984448323791	199.995809126	3.65983812476	0.679394765643	-31.126148396	1001
-4262.73416183	1.19151203809	763.370940217	4.40769644258	2.0418163824	101.145358356	1001
-3950.12991501	0.980814065744	168.311710159	3.54753122006	0.547115139719	-47.9675275733	1001
-3845.71010776	1.18403372494	537.934060721	4.00399647571	1.44746552689	47.3935361534	1001
-3528.46576397	1.03678004397	143.497896781	3.17890953108	0.465725261309	-62.2451296846	1001
-3446.86695799	1.15495510006	384.941212314	3.59754900232	1.07594210701	8.84755717846	1001
