-797.353814398	1.11089906112	64.2683502716	0.375515889799	0.753250310384	-143.742240998	1001
-1520.52387383	1.277340512	105.795458399	0.996772083551	0.619976240725	-110.688983853	1001
-2223.69091163	1.31626003537	156.222221577	1.85742308675	0.610299446617	-75.6687950375	1001
-2950.83323	1.20093826995	291.495579036	2.91819271388	0.854094090498	-21.2486946535	1001
-3719.89275178	1.41762386354	737.549861759	4.31357736883	1.72880692076	84.9089017549	1001
-4101.54768766	1.4989106143	1201.51410418	4.93722005496	2.56037026811	165.267401108	1001
-4459.27933102	1.68268912321	1940.52072512	5.90875279246	3.79042084278	270.909654404	1001
-4754.1728862	1.83771284845	3135.1728162	6.73652712332	5.6531596737	417.026210909	1001
-4966.97873221	2.09736011306	4912.41061331	8.07178705741	8.22472187563	601.219865379	1001
-5989.09696456	0.910598199943	596.188280317	3.73967776826	2.62296157282	135.058034776	1001
-5674.91788826	1.26339109796	1938.5906991	5.05670956715	5.88646646711	406.637205156	1001
-5419.66956969	0.981583168533	410.556624246	3.95103629692	1.53163782714	47.6465292781	1001
-5188.2271098	1.28231351459	1363.96345464	4.88972757712	3.77404430829	248.615836959	1001
-4883.82911034	1.01964393906	275.636471827	3.83461657234	0.936349501512	-6.17954621167	1001
-4718.60535705	1.25163440512	920.622394909	4.5786739539	2.46242264265	141.980165371	1001
-4380.89665754	1.07520147424	186.996349243	3.63230158686	0.607851549046	-41.5346002563	1001
-4264.86317345	1.22102708521	600.349535977	4.16835248153	1.61541222403	65.1816949825	1001
-3909.24805492	1.08681881171	127.592151543	3.35873281476	0.414102850642	-68.2593456187	1001
-3826.99792517	1.16821810227	382.823700031	3.72164110869	1.07002348735	8.1580144739	1001
