-678.937909381	0.935497520748	68.3057647614	0.344266773012	0.800570394139	-116.176269613	1001
-1307.00567475	1.18486908504	119.162346103	0.921801514535	0.698308079487	-87.8733797646	1001
-1918.05874411	1.17907585021	180.173719891	1.74983071533	0.70386863299	-57.5003127912	1001
-2547.98325527	1.21115995601	297.88402735	2.71066086175	0.872812508012	-18.5226780069	1001
-3206.62147447	1.29019955466	633.44279323	4.01378318658	1.48478135733	56.4789541229	1001
-3541.31358388	1.36369528487	960.486610314	4.41738589549	2.0467519702	110.867260968	1001
-3862.04484041	1.50688315503	1489.25949283	5.4083316507	2.90897187999	185.333661627	1001
-4163.10657921	1.61367303128	2262.01916101	6.21077446322	4.0787402328	275.92334321	1001
-4415.04171902	1.80201572455	3435.46772661	7.17757158102	5.75191464807	395.440202984	1001
-5209.67011553	0.826133817455	-86.7832051829	3.63153041442	-0.381807257666	-114.989889955	1001
-4965.82094224	1.09667999484	1002.90818505	4.66732320037	3.04529749556	170.203574076	1001
-4689.97400451	0.912995580146	33.3552839106	3.76428812253	0.12443646395	-78.4698934603	1001
-4503.94883534	1.18065103898	815.964412602	4.69045193876	2.25774806259	112.722095437	1001
-4214.58348561	0.9723942645	90.317259698	3.69263728224	0.306811796478	-67.2985858526	1001
-4078.09754918	1.16189248445	625.336117267	4.2998507551	1.67260955517	65.3006956316	1001
-3779.73159067	1.04155565931	106.036436384	3.60688735031	0.344682729755	-69.4082580067	1001
-3678.35416341	1.13748650982	456.295932526	3.9277813311	1.22779478121	24.1269987302	1001
-3373.97369452	1.06634805298	117.722169806	3.07469541065	0.38206962976	-71.9913431166	1001
-3299.3505335	1.11437049065	333.831270018	3.38558102259	0.933085646743	-7.79578799938	1001
