-772.018356521	1.01560863317	65.8592979553	0.358040025858	0.771896842177	-132.879839222	1001
-1488.12658996	1.31297539667	108.953095539	1.00744891167	0.638480437721	-105.299292518	1001
-2173.82666894	1.22829884361	165.465848412	1.82219081698	0.646410700732	-68.6570136517	1001
-2890.12286127	1.21192162732	310.541276156	2.90648950775	0.909898769983	-13.1216996698	1001
-3645.61907965	1.33593133818	754.759593678	4.18359224835	1.76914630008	89.6085997112	1001
-4017.08986107	1.4730239279	1225.65483644	4.88698571493	2.61181303761	170.715987892	1001
-4358.18572443	1.67147269325	1991.62148106	5.8835195693	3.89023599439	280.600267307	1001
-4655.82822158	1.76802286093	3139.6893941	6.52034632255	5.66130370198	417.756096298	1001
-4859.19353547	2.07286235647	4915.14642145	7.93839365757	8.22930236834	601.601040358	1001
-5871.64441369	0.905495250583	638.390126536	3.7485885482	2.80863080616	150.508876123	1001
-5557.76771178	1.2257692579	1979.65994113	4.94344021621	6.01117186067	417.014817086	1001
-5310.56069614	0.982643279528	461.431008582	3.9393149924	1.72143169936	64.6562656587	1001
-5078.06640527	1.31454459974	1416.05884021	5.01075005042	3.91819061422	261.534539947	1001
-4786.79109904	1.01453908213	316.017821583	3.79065864038	1.07352676424	7.13838930153	1001
-4623.15686121	1.31147142014	956.434354616	4.77650726057	2.55821021087	151.279757965	1001
-4292.49533913	1.06213609731	222.502502971	3.64965093395	0.723268083281	-29.3102000305	1001
-4178.71701248	1.20796503365	629.306034176	4.22975420659	1.69332796869	73.4341802351	1001
-3830.53332995	1.09872996887	159.09144598	3.34048970625	0.516334433556	-56.348960052	1001
-3750.34618458	1.19255289668	409.167194347	3.59263923143	1.1436557041	16.7364602595	1001
