-755.722666738	1.11182677573	64.7600154972	0.34886587028	0.75901281996	-140.385332864	1001
-1444.76707009	1.35232080168	102.478773095	1.00319140826	0.600539999155	-116.350150496	1001
-2094.67765072	1.36768029055	141.143781961	1.81623386774	0.551393848804	-87.1065914911	1001
-2754.54886325	1.23572863184	225.438455709	2.78772500393	0.660543989823	-49.4359490522	1001
-3460.28765351	1.26333693906	474.583823601	3.966051405	1.11241807674	13.097152568	1001
-3824.7433026	1.33914663369	735.922622665	4.58381472598	1.56821663278	60.1829502176	1001
-4186.29169732	1.48208986438	1165.9544457	5.33361092982	2.27745984647	124.022943141	1001
-4527.51796104	1.6044112193	1837.37933258	6.33655276056	3.31305460885	207.300945335	1001
-4836.08162541	1.85350813146	2847.82342487	7.57335934464	4.76803701159	313.564832509	1001
-5592.32233587	0.782252449952	-543.751963643	3.63712099733	-2.39226525054	-282.294224244	1001
-5357.93839803	1.07281984975	505.982108544	4.75322399193	1.53639791849	44.6374393226	1001
-5035.68731561	0.876534732513	-306.357587995	3.71505084674	-1.14290902325	-192.0521308	1001
-4853.90588952	1.16021908888	445.575908787	4.64507022945	1.23289463274	20.8725195441	1001
-4530.84114665	0.99212739702	-166.96523102	3.76512152566	-0.567188405072	-152.151411247	1001
-4394.39279227	1.15183182995	335.70378229	4.38804449726	0.897919276465	-9.91056729158	1001
-4068.18461202	1.1148378692	-70.6005601721	3.5133267046	-0.229494640071	-130.222542684	1001
-3962.07247196	1.14603349096	251.469133764	3.92751543962	0.67664966541	-34.2478131873	1001
-3641.19317157	1.15972016686	-14.5929231939	3.13342652997	-0.0473616207637	-122.021789896	1001
-3556.34332538	1.13909723306	185.430085137	3.51986470441	0.518292222615	-56.1208698485	1001
