-679.687848772	0.979453065366	67.5745177483	0.33280326619	0.791999891905	-121.168953492	1001
-1309.04349508	1.23194162149	114.157398978	0.903534714827	0.668978386601	-96.4161980044	1001
-1913.82604907	1.20001515545	164.606642044	1.74085262253	0.643054115697	-69.3087672683	1001
-2524.20617347	1.25006905096	260.764890606	2.65778163666	0.764051903676	-34.3617956941	1001
-3173.25111729	1.2666383332	512.524920194	3.9107660442	1.20135149504	23.4582491243	1001
-3504.58086006	1.3346545424	769.212081345	4.55854292956	1.6391549097	67.6964134674	1001
-3837.08005154	1.42135017881	1157.58134023	5.22644292853	2.26110465218	122.435089449	1001
-4152.94381034	1.55213656751	1768.94090053	6.05540249902	3.18965044363	196.241197757	1001
-4436.2785764	1.76337664865	2686.13334151	7.1444069707	4.49732349224	291.036858634	1001
-5143.24860247	0.791535708858	-504.067211551	3.65450814626	-2.21767010467	-267.764935518	1001
-4925.35062301	1.02083835591	473.355622961	4.45857667711	1.43732867535	36.3931915785	1001
-4627.66098696	0.854738680251	-245.480608484	3.58694059725	-0.915799097077	-171.698049141	1001
-4457.55453385	1.12815234418	445.015736918	4.55682693923	1.23134465466	20.7336071642	1001
-4163.72734809	0.971827755143	-100.303267308	3.51629081157	-0.340734713812	-130.16602098	1001
-4033.68721001	1.15864881988	368.774731166	4.33679509481	0.986375362018	-1.32275601962	1001
-3736.14605365	1.06377555176	-13.736493708	3.51006074687	-0.0446519357874	-110.644834767	1001
-3636.93895119	1.10015751363	297.502765381	3.80622827315	0.800516324372	-21.1284137543	1001
-3343.38643168	1.09147878843	36.4482813005	3.12498044103	0.118293617633	-102.722296489	1001
-3264.93871924	1.09870886721	237.102939154	3.26553184757	0.662722067089	-39.29421916	1001
