-836.869383668	1.23091303712	61.1265294021	0.360112385803	0.716426935658	-165.193430714	1001
-1595.91744632	1.52954017512	91.2930230704	1.00746039558	0.534989933444	-135.442825593	1001
-2290.55783035	1.51833211127	119.518422586	1.83002766235	0.466911982356	-103.510573936	1001
-2998.04921226	1.33730071516	191.685139141	2.98639375331	0.561645377668	-63.838836629	1001
-3761.42518029	1.31564909538	437.302142552	4.02977804354	1.02503031958	2.91613167446	1001
-4157.3956922	1.36756324195	713.72192831	4.78621855467	1.52090799316	55.1722318768	1001
-4545.956442	1.55243129494	1194.56430118	5.68977845827	2.33334350239	129.448440857	1001
-4919.80057199	1.72205184233	1921.55182379	6.59278230492	3.46482950638	220.903339164	1001
-5241.30040565	1.84125922602	3086.35050789	7.44556362432	5.16739672968	346.798360398	1001
-6061.24112704	0.82299810923	-564.808105454	3.72083199268	-2.48490284954	-290.003249693	1001
-5810.9918197	1.12555457185	556.458349093	4.85258577563	1.68966735155	57.392065659	1001
-5461.10386732	0.921925562451	-359.931469467	3.95026672952	-1.34277373998	-209.964437998	1001
-5271.50603986	1.14186390519	424.779730268	4.66391669022	1.17535225584	15.7154475576	1001
-4917.00128534	0.977988983023	-236.065009846	3.70280628785	-0.801923464004	-174.940802982	1001
-4771.38375345	1.1823726702	302.909377343	4.39049486484	0.810202873148	-18.4265660771	1001
-4416.64866188	1.11083717347	-138.437518555	3.6652435844	-0.450005898192	-153.578103405	1001
-4301.78819228	1.18420543411	207.156794816	4.22470309364	0.557414636944	-46.8766511487	1001
-3955.94445789	1.26951610943	-77.6728382473	3.43009843512	-0.252088732314	-145.873311754	1001
-3865.43327327	1.24544009531	138.547087074	3.69732933318	0.387250416475	-71.3877608816	1001
