-760.380038602	1.10786705689	64.9304396051	0.351259624172	0.761010257448	-139.22174015	1001
-1454.76907126	1.2854436236	107.255625289	1.02282391603	0.628533023721	-108.196661751	1001
-2116.94292999	1.35207881449	147.309000697	1.92592166138	0.575478960032	-82.4299459766	1001
-2796.63857212	1.25875068193	245.668208306	2.71342321818	0.719818000778	-40.8037054099	1001
-3520.14826238	1.3084999451	531.734164792	4.08431003341	1.2463777051	28.7039814811	1001
-3886.04152122	1.42860932156	842.959298697	4.86391888212	1.79630677501	84.3412322577	1001
-4246.16337374	1.55241893811	1349.07297744	5.73753027349	2.63514543592	158.749059695	1001
-4584.77567842	1.66763905078	2117.29503651	6.29814089838	3.81778218281	252.535719654	1001
-4873.18650685	1.86712051676	3307.87914161	7.5213560303	5.5382963843	377.663526457	1001
-5689.48065606	0.821124242045	-314.735392274	3.70902979921	-1.38469484691	-198.447212157	1001
-5438.75576133	1.04541986678	803.95624822	4.42487162714	2.44118652709	119.931256139	1001
-5123.44105748	0.978612634955	-159.241320123	3.96933958905	-0.594071597292	-142.864136362	1001
-4932.35108836	1.13092986954	644.446438602	4.59422449128	1.78316318178	70.1887743222	1001
-4609.23454914	0.959007602739	-75.2891501542	3.60842543663	-0.255760631925	-121.91626209	1001
-4469.12997647	1.20242256369	459.608916893	4.60005266637	1.22933290563	22.2649204933	1001
-4135.23137848	1.10375553724	-13.1329982121	3.65539259454	-0.0426902094034	-110.437057531	1001
-4030.48554863	1.15310027963	326.602927697	4.09292488818	0.878818638455	-12.8349848075	1001
-3699.16180499	1.110237657	14.1899291962	3.18014137844	0.0460536957759	-111.138534388	1001
-3614.03534064	1.13024497262	232.221876783	3.50170114963	0.649079099373	-40.8836791013	1001
