-802.072779089	1.13531500698	64.3910437269	0.369631823841	0.754688325876	-142.904535509	1001
-1526.68782536	1.37135398529	105.449350355	0.984327671644	0.617947998991	-111.27974696	1001
-2226.99114021	1.32895025562	157.501999805	1.86842332776	0.615299042295	-74.698015352	1001
-2953.75861955	1.23562967246	288.707615749	2.99197725519	0.845925242873	-22.4383472828	1001
-3725.69261573	1.36269933706	705.412362509	4.27942301671	1.6534770563	76.1326732662	1001
-4109.36295126	1.49312191183	1154.25743672	5.00263974208	2.45966852359	154.601525231	1001
-4472.48182872	1.65266691543	1865.86576814	5.75795940646	3.64459724951	256.752284787	1001
-4777.63032914	1.82225552745	3010.41376714	6.64187878136	5.42820147637	396.864971832	1001
-5001.22892147	2.16027727881	4731.98580399	8.33472262306	7.92264128975	576.081617526	1001
-6003.27052732	0.93013941208	471.123573418	3.88259764674	2.07273284283	89.2696364588	1001
-5692.66689853	1.2120423736	1811.82228562	4.88291127961	5.50153837716	374.604634435	1001
-5427.71595592	0.997470619814	335.388950946	4.01017030387	1.25121450669	22.51438618	1001
-5199.1138027	1.31058545952	1281.68197245	5.11057420882	3.54637401516	228.211534004	1001
-4887.57596554	1.05376808479	232.357526381	3.97075820904	0.789328975795	-20.4531207211	1001
-4729.34819868	1.27837838675	855.322060172	4.68047707179	2.28776143115	125.023078569	1001
-4382.59883964	1.05902292153	165.247401505	3.62000069665	0.537154278077	-49.0225372399	1001
-4270.82778111	1.23724232112	564.181138182	4.32364023052	1.51809079973	54.8738474186	1001
-3916.50410503	1.05494250875	107.135034056	3.37207446638	0.347708871352	-75.9945079835	1001
-3830.10802186	1.21552874541	367.296126858	3.70778211278	1.02662265299	3.10164484244	1001
