-840.349853638	1.15406426268	62.1787165528	0.367077902169	0.728758982374	-158.009486394	1001
-1602.40947188	1.48629540047	92.2543168397	1.07514138031	0.540623249905	-133.802017461	1001
-2315.92664001	1.42827082212	123.009662778	1.8153594265	0.480550899633	-100.862283019	1001
-3045.55668599	1.30717372718	205.271685912	2.92739879894	0.601454521072	-58.0413172859	1001
-3826.87751677	1.34936960327	505.22327872	4.16582922257	1.18423654598	21.4642895627	1001
-4224.81966105	1.44955481414	842.675018311	5.05633640568	1.79570098682	84.2770698976	1001
-4620.1618728	1.58390869863	1377.08272934	5.71899020138	2.689856909	164.060755349	1001
-4981.66526003	1.76780400672	2241.21441181	6.75273953011	4.04122632969	272.561266263	1001
-5286.34831575	1.92198569004	3579.13344663	7.59995305731	5.99245044266	415.456876364	1001
-6167.35435902	0.84152089009	-293.193031818	3.61004249874	-1.2899181035	-190.560173473	1001
-5895.03627232	1.18805425044	917.007970179	5.04251456622	2.78446433744	148.497814476	1001
-5559.80746109	0.952668562416	-187.253529121	4.03795052912	-0.698574987053	-152.229955658	1001
-5357.1629996	1.23918005299	662.06591492	5.0182127488	1.83191572283	74.5580822533	1001
-5005.38253202	1.00728700175	-127.355149745	3.90075253623	-0.432631176084	-139.087843257	1001
-4855.21516716	1.20511179492	442.634209388	4.54741215334	1.18393002998	17.8569555148	1001
-4491.41562441	1.08551299243	-80.6009657609	3.69778816814	-0.262002023519	-133.665578538	1001
-4377.29092051	1.21607347174	292.624523365	4.19621758045	0.787390018258	-22.5186930631	1001
-4016.82923351	1.13994803775	-42.1106547414	3.27340849731	-0.136670962594	-132.426683037	1001
-3930.44524372	1.21744829986	185.545462625	3.78058846386	0.518614712109	-56.0832985413	1001
