-805.022485388	1.07283342719	63.8591328391	0.366403709656	0.748454121332	-146.536226124	1001
-1538.85715761	1.40945507577	101.170539567	1.05326517639	0.592873566996	-118.583141368	1001
-2226.78241583	1.32967568463	145.252108916	1.81777624912	0.567443484007	-83.9902075236	1001
-2944.19926485	1.23979706119	256.003185287	2.89205704771	0.75009991035	-36.393664362	1001
-3711.04428335	1.32767124439	604.661044004	3.97222425948	1.41731732563	48.6191264011	1001
-4096.62914332	1.44981533523	984.996198504	4.87786131669	2.09898075443	116.399098896	1001
-4467.05232463	1.64318088259	1606.55976714	5.93220022465	3.13809460919	207.578177018	1001
-4797.19576176	1.75963580012	2585.15147328	6.6182962988	4.66139345929	328.141982663	1001
-5058.92236523	1.90366959813	4078.35665945	7.48639371665	6.82828693976	485.012703552	1001
-5987.77680523	0.907402756548	59.3801244799	3.82316448645	0.2612459685	-61.4769131618	1001
-5700.49298797	1.16751808935	1319.24354344	4.80605161214	4.00583933682	250.137009084	1001
-5401.56221708	0.979549793534	65.395259034	3.98116552045	0.243965987971	-67.7573995874	1001
-5189.62912283	1.23421923794	948.912117088	4.88566399529	2.62561021147	145.690695021	1001
-4860.64687412	0.996917611345	57.3513591587	3.93559526256	0.194825148513	-78.1708756639	1001
-4708.7906132	1.17039165874	650.919022597	4.37620070646	1.74103709473	71.9440236953	1001
-4360.02242045	1.05636340816	47.3562089728	3.5784000851	0.153936400885	-89.6112512883	1001
-4248.88350907	1.19482128691	428.753211403	4.14155591929	1.15368320834	16.2774342448	1001
-3895.31504287	1.07704035864	44.1855348307	3.38255026614	0.143405026949	-99.7967175378	1001
-3809.93579955	1.24910513929	283.840345217	3.87957198732	0.793356931705	-24.0747384314	1001
