-854.273700908	1.1745622875	62.4761245282	0.374229832288	0.732244720669	-155.978894847	1001
-1626.52884554	1.33654407367	97.7608375263	1.05628184992	0.572892234287	-124.403075936	1001
-2355.30298291	1.35479876416	141.801686898	1.92124211113	0.553964027454	-86.6075356908	1001
-3124.12511927	1.22441271673	269.265349404	2.97736730533	0.788958599175	-30.7345624361	1001
-3942.69820926	1.37764094757	715.860462962	4.32727305768	1.67796726273	78.9858796136	1001
-4345.15053013	1.56475133135	1208.55432922	5.17780361472	2.57537265784	166.856386756	1001
-4714.75422283	1.75266738421	2024.08364365	6.10086733924	3.95364436519	286.75630641	1001
-5027.2270059	1.93973959222	3291.17632246	7.06747970253	5.93445604307	442.236598536	1001
-5245.06717794	2.08931466639	5214.05776255	8.01017845182	8.72976188599	643.247792857	1001
-6319.29797985	0.921410330931	703.552550111	3.77796228952	3.09531630246	174.365990411	1001
-5986.57709917	1.33735215955	2116.38946942	5.32343125074	6.42634654591	451.564419502	1001
-5725.68001383	1.01333076274	452.600545801	3.97011447587	1.68848844616	61.7038202192	1001
-5480.9533567	1.3920299464	1456.22733773	5.26193007814	4.02933559315	271.495592796	1001
-5164.25302139	1.06566869925	273.561480233	4.04426691783	0.92930066167	-6.86388698793	1001
-4992.90456565	1.30054892295	941.932855627	4.72963161709	2.51942251718	147.51403183	1001
-4635.29041271	1.07662638195	158.485800744	3.75093340698	0.515174974667	-51.3504862063	1001
-4512.72772784	1.30349641771	592.613672125	4.37754214523	1.59459666862	62.9770049706	1001
-4135.45370304	1.08683420258	97.4805933622	3.32757712032	0.316375193187	-79.6450059756	1001
-4052.17089234	1.20365917231	357.750264163	3.62213935463	0.999941187628	-0.00685187500601	1001
