-860.53333739	1.15420399319	61.6521740855	0.362314994502	0.722587697826	-161.604523422	1001
-1634.60415683	1.48530640775	91.5538144326	1.02078834985	0.536518207443	-134.997687383	1001
-2354.94816756	1.48005932642	124.681518894	1.80848468001	0.487082191099	-99.5940914527	1001
-3095.2566018	1.31688532478	208.994524017	2.85569611537	0.61236259054	-56.45274395	1001
-3893.93068601	1.36175176833	521.83928358	4.27504632912	1.2231842371	26.0018503133	1001
-4302.75522915	1.45566010571	878.569657637	4.96201091651	1.87219078165	92.378524957	1001
-4696.54394775	1.58058615194	1472.44167252	5.64549219262	2.87612161677	182.144374435	1001
-5058.03170316	1.78413771916	2404.67137916	6.79025489089	4.33596234279	298.976143761	1001
-5350.26483526	2.02293884539	3863.35422	7.88288985798	6.46831392319	455.056819812	1001
-6274.54836082	0.879655324836	-166.988687449	3.85266358287	-0.73467547876	-144.354533748	1001
-5988.01432405	1.22561567059	1097.33917297	5.08622350874	3.33203406359	194.064938403	1001
-5659.7566974	0.918279664895	-109.298661201	3.80854282236	-0.407753654586	-126.165920285	1001
-5448.32305926	1.21693650641	772.039179479	4.74187768829	2.13620831349	101.829440854	1001
-5093.59428755	0.981131227816	-82.994138327	3.83139965325	-0.281934823558	-124.457398932	1001
-4939.25198288	1.24643486985	513.258528566	4.73800237859	1.37283149884	36.1965661071	1001
-4569.35484096	1.08185051658	-51.6666321997	3.69837302938	-0.167947890661	-123.70378779	1001
-4454.4987332	1.25523284277	331.801298281	4.35452810524	0.89280634209	-11.3534701476	1001
-4088.30611503	1.14585163897	-33.3532672124	3.42824481337	-0.108248688214	-129.115375153	1001
-3996.50245799	1.22461357879	204.531264634	3.90069767847	0.571681578331	-49.9007977964	1001
