-764.202008197	1.05855793778	65.6115832067	0.372688527312	0.768993528018	-134.571143815	1001
-1461.79948226	1.27386279121	111.209976325	1.02767580459	0.65170607601	-101.447079525	1001
-2141.14299543	1.28787185161	166.164937241	1.78678508133	0.649141768831	-68.1267176837	1001
-2841.09447803	1.16169441042	306.051764321	2.77418815281	0.896744314811	-15.0374205767	1001
-3583.47333404	1.33436662437	722.292206756	4.18385272244	1.69304318337	80.7422842632	1001
-3952.14078695	1.46734661614	1159.73923653	4.89787123122	2.4713499822	155.838772789	1001
-4293.75656765	1.61699924802	1872.55029321	5.69901433414	3.65765413822	258.019920533	1001
-4592.65649926	1.82773778934	2949.32523434	6.79139005134	5.31805021823	386.992978385	1001
-4814.01250117	1.97620348229	4588.26452454	7.67629307675	7.68201247344	556.057203156	1001
-5782.28697718	0.880381459201	458.150255765	3.6627787278	2.01565605216	84.5198757079	1001
-5483.70253477	1.23892546387	1745.49487768	4.91572763124	5.30013739918	357.844644092	1001
-5226.83429217	0.984159147392	338.401167314	3.95489863836	1.26245199322	23.5215139715	1001
-5002.43980092	1.28446120163	1268.23396367	4.96766152607	3.5091637946	224.876673742	1001
-4705.12574535	1.0462395135	254.524439443	3.96510883881	0.864630977225	-13.1423814697	1001
-4547.11343003	1.24193708319	876.136599424	4.62889867178	2.34343484626	130.428164932	1001
-4220.0803908	1.07154447467	184.519011567	3.71225907503	0.599798699084	-42.3875219071	1001
-4106.9924753	1.21692257022	587.338643946	4.10485818912	1.58040269579	61.473643205	1001
-3765.17435275	1.0591751384	139.206260784	3.28425713851	0.451796671824	-63.8678656967	1001
-3685.05424556	1.22217466437	387.349700326	3.78230566678	1.08267402758	9.63185267036	1001
