-815.707723917	1.1368130639	63.0041479307	0.373587856404	0.738433362359	-152.373746542	1001
-1562.19703783	1.45667812927	98.4669985433	1.02538114301	0.577030436997	-123.197747475	1001
-2254.83188613	1.31420224656	137.964802602	1.87030658983	0.538974813124	-89.5180159996	1001
-2974.63125619	1.23650940658	240.163498895	2.8345734481	0.70368897476	-43.1526215715	1001
-3752.29568137	1.29088445078	563.585963231	4.03502713864	1.32103789072	37.402189724	1001
-4141.11490097	1.40263562731	940.727310013	4.88428806607	2.00464582694	106.407567643	1001
-4519.2116287	1.6305587385	1532.08545495	5.84492485897	2.99262386955	193.455064405	1001
-4860.94176917	1.85804251778	2469.49135667	6.94072884412	4.45284192308	309.451143959	1001
-5137.87692532	2.00560583293	3907.67610856	7.8107611886	6.54252091343	461.232104819	1001
-6048.99327772	0.890603145167	-57.0529144813	3.87005032606	-0.251007286192	-104.105105378	1001
-5768.09908744	1.17690713949	1179.33779008	4.84742660459	3.58102014929	214.784819874	1001
-5456.14683803	0.974193135464	-17.6213671011	4.02638233687	-0.0657389281382	-95.5138224746	1001
-5247.10017131	1.19981409018	855.190942663	4.78334173989	2.36628664697	122.449557582	1001
-4912.53948054	1.02330559861	-11.8379343892	3.87941491214	-0.0402139959592	-100.989789723	1001
-4758.30301437	1.24502391669	578.064014492	4.53602397541	1.54616912	53.0251513591	1001
-4403.28081489	1.0580124196	7.26118930737	3.70334546259	0.0236032691882	-103.415550431	1001
-4293.5725344	1.1898488177	377.788092736	4.18091782108	1.01654697227	1.75258088311	1001
-3936.64339811	1.09654423227	13.9576860517	3.41894296579	0.0452999460586	-111.226349225	1001
-3851.75519134	1.18761107055	246.106843939	3.69534291486	0.687888715854	-36.362204594	1001
