-829.74270139	1.17771577873	62.0715360594	0.376323828709	0.727502784889	-158.741275123	1001
-1584.53031673	1.57000109014	94.8982022435	1.02529597385	0.556116789593	-129.289236029	1001
-2281.76321798	1.36681861763	131.791076605	1.91198360718	0.514856467337	-94.2011147227	1001
-3010.31243951	1.30569238797	221.593764931	2.87539042218	0.649278886989	-51.0765181778	1001
-3787.61964793	1.3195226657	538.554335877	4.09986615063	1.26236409407	30.5664593085	1001
-4182.86510267	1.42497852677	892.698141854	4.7132700454	1.90229791964	95.5673376068	1001
-4569.59586458	1.59606188772	1457.03489065	5.80313976087	2.84602753615	179.222672856	1001
-4918.75088925	1.80297809417	2367.6368307	6.81495761665	4.26918381792	292.991308262	1001
-5212.34422804	1.96249349375	3745.42704951	7.78059940294	6.27087151555	438.626249918	1001
-6109.20159674	0.815127740219	-177.223161554	3.62284912264	-0.77970258376	-148.101555498	1001
-5834.06960618	1.15720594096	1039.07048689	4.87358153259	3.15510312769	179.341272178	1001
-5509.21796855	0.967498660939	-106.274527036	4.01183466876	-0.396471707086	-125.154807805	1001
-5301.88376614	1.21803005427	762.905633185	4.82211560346	2.11093607596	99.5644883927	1001
-4959.31267463	1.01832292586	-68.9218051083	3.85191495348	-0.234130474203	-119.816285461	1001
-4807.79578234	1.21573518299	509.993559602	4.48060335416	1.36409856605	35.3487241727	1001
-4445.35888818	1.02093987794	-30.5585509842	3.63259744712	-0.0993338245776	-116.436494499	1001
-4339.03110903	1.17971433745	326.449911318	4.11100989735	0.8784069041	-12.8785938587	1001
-3976.71504009	1.16832760361	-16.0732215878	3.46156756467	-0.0521659584701	-122.581514326	1001
-3890.37722166	1.18983812882	216.354729751	3.58791309577	0.604729128354	-46.0506269236	1001
