-904.203405481	1.26834190469	59.509526833	0.377847381786	0.697475030374	-176.233725601	1001
-1706.8899516	1.5379536655	89.0243020491	1.01887474658	0.521694909713	-139.315248386	1001
-2453.07900352	1.44749550986	115.941592619	1.97724367794	0.45293869912	-106.22378924	1001
-3232.04858447	1.28433458686	210.757825682	2.99382520835	0.617529137273	-55.7003249814	1001
-4071.56251098	1.38838819119	565.340999775	4.23318285262	1.32515167268	37.8814616671	1001
-4495.76650303	1.48546647843	974.166717834	5.08163871533	2.07590363845	113.95487456	1001
-4899.99096411	1.6415419149	1663.02094524	5.81795470403	3.24838027814	218.285326278	1001
-5260.3640983	1.87180599512	2745.10000071	7.04660582848	4.94980325936	353.989891299	1001
-5531.77282776	2.07576781102	4450.66487882	8.14045039692	7.45163294997	536.88570445	1001
-6538.95998728	0.875476687726	136.371135997	3.7515535505	0.599971957135	-33.2891438894	1001
-6228.87888625	1.2678966088	1483.45322012	5.21336142959	4.50445658273	291.630453208	1001
-5909.78907616	1.03040789031	57.0276287814	4.12576625817	0.21274939503	-70.5550980084	1001
-5680.58792819	1.22414089447	1011.51703198	4.85891255314	2.79883605701	161.215569099	1001
-5324.64052256	1.03984811675	0.91435455871	3.98597338967	0.00310610359209	-96.7840322909	1001
-5159.36750018	1.27940486994	641.586616448	4.75893625051	1.71607536412	69.520599347	1001
-4775.29627306	1.0716054701	-17.7158901051	3.72038948751	-0.0575873875971	-112.014899646	1001
-4658.62852284	1.22760580667	381.130998442	4.24156870695	1.02554201668	2.70529553281	1001
-4266.01872151	1.15427965588	-26.8389356729	3.63781221209	-0.0871062963981	-126.652202509	1001
-4177.42929922	1.19081727793	228.835324607	3.67240057327	0.639613409633	-41.9864695624	1001
