-867.516299374	1.16201242594	60.9428312185	0.379662335173	0.714273920788	-166.447653901	1001
-1656.00869967	1.48934698218	92.4490121437	1.00931811321	0.541764191723	-133.469696948	1001
-2385.71379914	1.40653028193	123.557457761	1.92925024822	0.482690921531	-100.44675146	1001
-3143.73933171	1.27202992116	219.55865139	2.89396431011	0.643315920226	-51.9449220717	1001
-3963.11301613	1.40629993743	569.67975198	4.38712732046	1.33532164929	39.0663043462	1001
-4373.22450596	1.53334165312	979.443632052	5.13397588281	2.08714849544	115.145879239	1001
-4766.22156359	1.63721380418	1642.25671789	5.88142603032	3.20782149456	214.347652837	1001
-5119.75103217	1.87892445363	2687.98135117	7.04729120841	4.84681026181	344.759436612	1001
-5395.85968768	2.02671054978	4297.11552266	7.9248319135	7.19454923934	515.491962718	1001
-6373.81720233	0.919182240182	91.1820340457	3.90980376304	0.401160135697	-49.8336723264	1001
-6068.45965265	1.25163349729	1421.90540831	5.1322352168	4.31756869015	276.078198665	1001
-5756.03755912	0.982789368714	47.7673505046	4.06103177027	0.178202656137	-73.6512512957	1001
-5530.43092015	1.2268840483	985.593010383	4.81912263482	2.72710509837	154.786885799	1001
-5183.74643472	1.02241176304	12.4955110769	3.96236940051	0.0424478135656	-92.964519159	1001
-5022.70552055	1.27279734887	637.019354242	4.75853463699	1.7038591396	68.3345799801	1001
-4649.49199336	1.0628574193	-0.311415856178	3.79051810228	-0.00101229040749	-106.022719796	1001
-4532.37996476	1.21465003275	398.772059956	4.32403646383	1.07301034089	7.73292694695	1001
-4153.30224634	1.09918469581	-5.98523842872	3.3924343802	-0.0194252096633	-118.767087014	1001
-4066.70661809	1.2043440709	237.174085558	3.78570296727	0.662920927095	-39.2710511793	1001
