-671.923805138	0.917253755313	68.7980344012	0.34235563351	0.806339987686	-112.815234763	1001
-1301.16506699	1.17817387677	121.460965346	0.942722358399	0.711778310994	-83.9499244508	1001
-1914.74139727	1.19300976322	180.558192014	1.71662992066	0.705370616008	-57.2086702873	1001
-2540.91104086	1.13447845154	309.398591719	2.64431131563	0.906550657369	-13.6092948799	1001
-3200.04087514	1.29209774214	661.661696519	4.05679371016	1.55092608575	64.1850777711	1001
-3532.4059461	1.38890968999	1006.04184225	4.69068768281	2.14382803532	121.14912119	1001
-3852.76892687	1.56277804667	1542.32848774	5.59348137018	3.01263159452	195.397526192	1001
-4147.48005339	1.69430325082	2349.05400922	6.35194585609	4.23567636453	289.988297985	1001
-4392.58463704	1.91599524963	3558.05234731	7.55442706	5.957154904	412.519686619	1001
-5200.1859615	0.835308977029	-5.39163302899	3.57715161037	-0.023720771972	-85.1909977029	1001
-4952.39247081	1.13966177529	1096.73388343	4.73435588677	3.33019612193	193.911990364	1001
-4682.66206938	0.915731366781	89.4040494684	3.74321859233	0.333534075396	-59.7301143154	1001
-4496.13226471	1.2041549763	875.496289416	4.76339505348	2.42247090769	127.484912266	1001
-4210.29413067	0.959781047422	124.087467807	3.58555437019	0.42153071346	-56.1610320913	1001
-4070.58643846	1.13951275293	665.288695192	4.26598851624	1.77947218751	75.6755173619	1001
-3772.99088168	0.951103992809	134.809893117	3.38986230181	0.438213915351	-59.5018554803	1001
-3672.94732709	1.14090444827	485.906022139	3.90571399399	1.30746920061	32.5657549012	1001
-3370.46929121	1.04670216034	133.648411919	3.15016474863	0.433758563442	-65.9693769871	1001
-3292.67741804	1.10816644256	356.861411077	3.44217987291	0.997456770704	-0.29629631704	1001
