-722.801922199	1.02294368942	68.0032271196	0.354884063662	0.797024534137	-118.241884625	1001
-1386.39119852	1.24481004272	116.80422692	0.953231095819	0.684489169975	-91.8983940291	1001
-2033.88232556	1.2430622099	178.964954007	1.75298268272	0.69914645491	-58.4172258471	1001
-2703.72452133	1.18386995329	323.30886369	2.81209483696	0.947308328985	-7.67363866203	1001
-3409.77541794	1.2995989398	733.782720362	4.13425777757	1.71997679217	83.880156693	1001
-3758.71886	1.44240004916	1152.7629961	4.80922011088	2.45648394065	154.264228528	1001
-4092.92697025	1.49723013588	1796.16057563	5.35374429164	3.50844203553	243.533575481	1001
-4379.50690862	1.72361264673	2816.08394291	6.40526140842	5.07779733914	365.460996924	1001
-4598.82324853	1.93400749977	4335.32690454	7.45719288505	7.25852556648	520.815882372	1001
-5523.13523342	0.866458798273	356.376367034	3.72376151126	1.56789649688	47.258657327	1001
-5235.65179693	1.21930199141	1608.23808516	4.95682725507	4.88336169353	323.16180952	1001
-4982.55135246	0.969690273492	309.790202988	3.89060214574	1.15571486453	13.9555021733	1001
-4770.47021045	1.22530793956	1193.97723937	4.77433698096	3.30369775611	206.462364002	1001
-4486.3106576	1.0219048003	240.580065747	3.88149727393	0.817261312129	-17.7412933628	1001
-4333.52379798	1.17946467869	845.094687905	4.32337818371	2.26040590169	122.367250846	1001
-4021.70042604	0.990448218531	196.648739292	3.58771913579	0.639227670916	-38.2113825405	1001
-3913.67476152	1.16724397639	582.81660559	4.01038319733	1.56823485756	60.1848805035	1001
-3585.30554358	1.07856102511	168.172144016	3.17694823258	0.545806018581	-52.9154033086	1001
-3508.32067981	1.16502978261	401.186997691	3.73144289586	1.12135040311	14.1378040769	1001
