-845.730020224	1.1141639758	62.6610577838	0.376934694348	0.734412211068	-154.716239044	1001
-1622.56202513	1.39376648404	97.5175897272	1.00323007546	0.57146676803	-124.81826948	1001
-2342.97696761	1.37066442943	139.403660217	1.9204014447	0.544595870086	-88.4265661583	1001
-3104.08297269	1.24414463176	257.713785051	2.83264738714	0.755112038337	-35.6637338369	1001
-3910.69113309	1.35460031214	676.810519345	4.12399425611	1.58643472198	68.3219749647	1001
-4315.30670843	1.51760393283	1128.73695098	5.15528968128	2.40528556405	148.841526741	1001
-4693.4031252	1.70329916374	1872.59954133	6.06187473671	3.65775033461	258.029259816	1001
-5019.01667522	1.8513865608	3046.16867922	6.76067286481	5.492672636	402.643016279	1001
-5252.5574289	2.05666365293	4845.51991124	7.81323700343	8.11272850538	591.900110218	1001
-6287.92454664	0.910471848529	464.746179525	3.77050103399	2.0446751643	86.9347599057	1001
-5966.03836739	1.2972338134	1845.71902316	5.22060612015	5.60446469831	383.169856739	1001
-5684.8704484	1.00041353322	312.940654217	3.95651631265	1.16746805518	15.0088484809	1001
-5451.59026325	1.2951395755	1277.18542407	5.02415580448	3.53393220616	227.096472233	1001
-5126.11478414	1.04592413113	181.051598003	3.94451221826	0.615040427757	-37.3740272711	1001
-4958.881234	1.30551555874	832.26682796	4.75474183139	2.22609475201	119.03613263	1001
-4596.80789279	1.0685143889	112.454134584	3.75274018436	0.365544141263	-67.1987111229	1001
-4481.63370614	1.2087760165	518.191667875	4.32927051518	1.3943429694	41.7670337809	1001
-4104.88584633	1.07097024392	65.0590409918	3.3288422163	0.211150403916	-91.9041119747	1001
-4018.82005031	1.24603549798	325.2127545	3.73050045627	0.908996192434	-10.6023051316	1001
