-704.263053231	1.00446276205	67.153425352	0.35209742287	0.787064523611	-124.044016476	1001
-1355.53799582	1.19475562876	114.910225995	0.960191105697	0.673390058621	-95.1312165236	1001
-1983.19095724	1.25821501595	169.439608434	1.74357907433	0.661934635278	-65.6427058426	1001
-2628.29125757	1.21448699345	285.921460699	2.86956198281	0.837761693461	-23.627228318	1001
-3309.2441455	1.26238713778	606.982192002	4.00527829175	1.42275806521	49.2529941777	1001
-3654.94388107	1.3524530453	929.621468497	4.6451627173	1.98097979895	103.900968396	1001
-3995.25455965	1.46166814779	1426.02142743	5.25114995295	2.7854489111	173.341361291	1001
-4305.09228662	1.68820914077	2211.07050445	6.34569919052	3.98687260456	267.689968128	1001
-4562.5800713	1.88534584656	3410.63183252	7.43848053631	5.71033255376	391.979864777	1001
-5369.34193492	0.847815455409	-158.36078249	3.74913654123	-0.696716558889	-141.195705341	1001
-5121.41235278	1.09179708944	947.326310835	4.64125071712	2.87652497494	156.158826905	1001
-4834.46986461	0.92165634132	-37.4323934694	3.81850798898	-0.139646680658	-102.137594739	1001
-4646.03407774	1.21246591729	761.642196183	4.86795674771	2.10744018521	99.2511791197	1001
-4346.83917108	1.01402107633	40.2244524541	3.78189411101	0.136644275536	-83.8194000547	1001
-4207.03019539	1.12664279998	573.295319206	4.34210895123	1.533414115	51.7868241709	1001
-3896.81945106	1.01409878121	65.3084917211	3.56668616209	0.212292207945	-83.4304666568	1001
-3797.10733383	1.15586838131	407.760054517	3.92611449757	1.09719511229	10.294469163	1001
-3482.22937853	1.06126885748	82.7676624942	3.09247918104	0.268624085145	-85.2081997736	1001
-3404.11771968	1.16627621238	302.100101094	3.4691997969	0.844394439727	-18.1286659792	1001
