-829.00776116	1.27595318447	61.374344922	0.363222411098	0.719331430895	-163.501438091	1001
-1578.30657331	1.59178686115	91.5487231351	1.0295460806	0.536488371725	-135.00637759	1001
-2258.45454302	1.55028396774	118.444113916	1.89456423023	0.462715076307	-104.325494061	1001
-2948.39626926	1.35092254637	178.451568451	2.81559581194	0.522870468767	-69.4857374452	1001
-3696.11770212	1.28365752972	377.855843856	4.03349689931	0.885688997823	-13.3176859013	1001
-4085.97209065	1.36994772439	612.598906053	4.87523812669	1.30541957009	32.3486672539	1001
-4473.4310143	1.47695075294	1005.61154964	5.4482901309	1.96426192628	93.6159382116	1001
-4847.01792299	1.6176919338	1650.56548139	6.51277312898	2.97620283323	177.111562319	1001
-5188.48299552	1.81813366293	2631.63139107	7.43585689984	4.40607228802	283.443204836	1001
-5946.92745975	0.780447967773	-774.769761001	3.56635620989	-3.40864015275	-366.873920515	1001
-5712.61566997	1.06638402489	267.792456033	4.725840162	0.81314292559	-15.5496899473	1001
-5358.91695951	0.886709935754	-491.27206033	3.78047334454	-1.83275783797	-253.877870186	1001
-5176.29180292	1.17082009186	245.528525243	4.7654304056	0.679369766152	-28.7355734384	1001
-4830.56082394	1.036322938	-316.983467754	3.72672462067	-1.07680710775	-201.628043769	1001
-4688.19127064	1.17685744497	176.858555355	4.40356223901	0.47305009487	-51.1592425408	1001
-4341.66832533	1.18071526139	-188.581564847	3.60465828039	-0.613004461198	-170.842178121	1001
-4225.11036522	1.17687468913	133.18966453	4.14634679944	0.358384906296	-67.9569850923	1001
-3903.78369775	1.28446412928	-101.418449834	3.42625988773	-0.329155584229	-154.851906182	1001
-3797.75680911	1.22340297564	101.260764597	3.5595952196	0.283032101873	-83.529608583	1001
