-789.309179163	1.07705855869	63.483575617	0.351522087375	0.744052443167	-149.100391795	1001
-1506.56458629	1.34896791953	99.5638200453	0.985236945521	0.583457965001	-121.325610468	1001
-2173.31791268	1.35059053636	133.412180824	1.81922798976	0.521189490886	-92.9714211627	1001
-2857.47210431	1.23276973621	212.140892534	2.77172108941	0.621581580294	-55.1101561208	1001
-3593.47690591	1.35175414049	467.326814208	4.02924497934	1.09540774468	11.1153813017	1001
-3969.2282649	1.39008623843	752.398683836	4.68692575801	1.60332634727	63.9016132723	1001
-4343.24184263	1.47923889466	1201.28920616	5.43431858634	2.34647926521	130.723734144	1001
-4699.09820014	1.64667402327	1910.5942856	6.47734279542	3.44507151642	219.132585469	1001
-5003.90528124	1.81007585951	3036.87307541	7.41201842572	5.08455794578	339.904763196	1001
-5797.72304941	0.8491118669	-510.829346953	3.77509309816	-2.24742047364	-270.240672734	1001
-5554.08225271	1.08679585237	582.213737069	4.69267862639	1.76787273432	63.9000850006	1001
-5220.47684249	0.919928212747	-298.274495791	3.87203638739	-1.11275393854	-189.349567038	1001
-5038.11759627	1.152318676	465.769698152	4.74463233482	1.28877021764	25.8802100359	1001
-4700.26599865	0.986661476844	-173.820353181	3.72400950864	-0.59047556361	-154.412258778	1001
-4557.27774423	1.16427322695	353.180091934	4.34754909642	0.944663805834	-5.37234706953	1001
-4221.72931609	1.07736115124	-95.6281724981	3.55910496573	-0.310849559474	-138.839289857	1001
-4111.21878805	1.18537878849	242.883640305	4.06004418556	0.653547938412	-36.694644212	1001
-3776.18270475	1.11655120945	-33.1209159626	3.1881552278	-0.107494587638	-129.02751944	1001
-3689.78124951	1.13916042875	179.314045936	3.46676382827	0.50119739386	-58.1124853147	1001
