-744.345071737	1.04535906114	66.6537533664	0.370868846386	0.781208171664	-127.455591802	1001
-1434.33390267	1.18359801977	113.768588406	1.00284935117	0.666699902056	-97.0798489812	1001
-2100.77533075	1.25278479277	178.719285441	1.8488801679	0.698186723393	-58.6035784883	1001
-2800.91298911	1.21391472269	331.03853223	2.83504865755	0.96995657718	-4.37530954045	1001
-3531.85326514	1.30381747753	792.17356807	4.01799832778	1.85684415106	99.8257477656	1001
-3889.77385725	1.48226146981	1268.29584021	4.97097197461	2.70267901902	180.340103979	1001
-4221.00281115	1.65750400219	2020.30067076	5.78279735077	3.94625508092	286.038913385	1001
-4497.82584408	1.82148791616	3190.84425877	6.64497087407	5.75354315256	426.0227949	1001
-4692.97374793	2.02319286426	4937.41500028	7.69701940166	8.2665860732	604.703679381	1001
-5693.06028834	0.931470697641	710.800059316	3.91373306373	3.12720209889	177.01943155	1001
-5383.1345227	1.22057302833	2034.95717478	4.9125076135	6.17908007964	430.987639645	1001
-5150.23519742	1.00762692247	524.9029942	4.05229401242	1.95822265192	85.8779817934	1001
-4921.12273322	1.2992233945	1467.67578918	4.93599921696	4.061013101	274.334599405	1001
-4641.474884	1.0169426613	376.690867711	3.96731028752	1.2796358329	27.148609876	1001
-4480.80629624	1.2838147891	1005.15810142	4.64225637686	2.68853341181	163.932262844	1001
-4163.97630592	1.05091400355	263.007261724	3.65314927481	0.85493311552	-15.3648319728	1001
-4050.36103984	1.20214746038	676.444976837	4.10611881671	1.82016878332	86.8685888597	1001
-3715.97139921	1.10741520855	191.76254327	3.43056168945	0.622369125797	-43.9954971393	1001
-3636.38679728	1.15723280974	442.27405587	3.67906182032	1.23619208421	27.5173161814	1001
