-776.19329206	1.08205504354	65.0639183128	0.345749000489	0.762574680335	-138.310396951	1001
-1485.63683094	1.29979332653	107.430619227	0.973205872526	0.629558512768	-107.897969004	1001
-2165.54786937	1.23122777892	157.009165036	1.82531773115	0.613373728575	-75.0718566719	1001
-2873.83304269	1.22811884506	288.679286953	2.90506959698	0.845842238331	-22.4504354714	1001
-3624.25060169	1.34659295879	689.895073006	4.0625710414	1.61710473915	71.8951538142	1001
-3999.14541196	1.51132605066	1103.51524678	5.172543147	2.35153929398	143.148963536	1001
-4354.20611761	1.57104364774	1776.82333865	5.63803706464	3.47067059349	239.866512738	1001
-4661.25461062	1.79245565367	2832.03544966	6.64357364476	5.10656016019	368.038783013	1001
-4897.12112448	2.04736817611	4415.74048193	7.91972103231	7.39315993667	532.019754205	1001
-5854.00114095	0.895970214448	318.169332994	3.84429982093	1.399802649	33.2703872827	1001
-5556.3927391	1.19093875932	1612.15209119	4.83726880466	4.89524644327	324.150823043	1001
-5286.97222406	0.946499054884	248.19512428	3.80797017109	0.925925970767	-6.63867434257	1001
-5065.72800442	1.21626520332	1167.76647486	4.78178362124	3.23117338875	199.962573701	1001
-4759.55742597	1.0136052952	182.378807792	3.89884052651	0.619549019149	-36.9363080148	1001
-4601.61437244	1.23945299225	798.607974362	4.64225858092	2.13606617604	110.295655197	1001
-4268.47716688	1.01776518623	137.874840263	3.52851900467	0.448176852476	-58.4466259879	1001
-4156.64303763	1.21316510718	527.840343616	4.22608827664	1.42030549258	44.51686747	1001
-3808.45662248	1.03921345202	106.337946797	3.21616376178	0.345121908893	-76.2958993877	1001
-3726.70111334	1.18862958095	354.292089861	3.76758643706	0.990275308199	-1.13296523018	1001
