-870.627280739	1.19720971097	60.6486284921	0.367194359549	0.710825749269	-168.456361196	1001
-1652.60975499	1.52105424947	90.5922427811	1.01967701468	0.530883262553	-136.638969826	1001
-2379.82015372	1.41561962714	116.595551462	1.87265013053	0.455493461921	-105.72772676	1001
-3123.94304597	1.31054177113	209.607508885	2.87433755232	0.61415866153	-56.1911769979	1001
-3933.14101036	1.39788157343	506.621224433	4.34386089688	1.18751331186	21.8460458062	1001
-4343.04261315	1.45049447804	863.816589081	4.96600589766	1.84075268371	89.0487430136	1001
-4742.26059097	1.57876917545	1454.57024067	5.78627666671	2.84121333318	178.75528312	1001
-5108.80896155	1.75727176747	2384.52973479	6.69701976382	4.29964411143	295.721225496	1001
-5403.38730996	1.9081682571	3848.90912432	7.5396908516	6.44412887358	453.044211919	1001
-6330.1154812	0.879173272631	-187.417636593	3.86206808785	-0.824553710769	-151.833932883	1001
-6044.51567963	1.16473461253	1072.77062805	4.90403160613	3.25743249046	187.856817381	1001
-5708.45105822	0.967203133087	-123.939803254	4.01281858566	-0.46237444421	-131.061153316	1001
-5499.8741049	1.23218638124	744.495758544	4.96774995519	2.05999652742	94.9991761312	1001
-5140.61888697	1.07028760915	-105.48913046	4.02668361721	-0.358351324361	-131.876340013	1001
-4986.77584476	1.17961318635	489.371911513	4.43116188117	1.30894108404	29.9937274785	1001
-4611.37975843	1.02393029204	-71.6117017519	3.63443887118	-0.232781463467	-130.570668235	1001
-4495.64944821	1.20364868406	312.500795382	4.17922385293	0.840872815961	-16.8540356666	1001
-4124.15123451	1.17426642472	-43.8190292297	3.48747649961	-0.142215525775	-133.072646676	1001
-4035.82946936	1.2252662771	189.425940255	3.64974991368	0.529460963809	-54.819667127	1001
