-832.492375908	3.19723555787	62.7754029247	3.24853857459	0.735752381035	-3.08297658194	12.1154732275
-1570.47890644	6.87145110478	71.7191236352	4.61274175128	0.420284134425	-3.38173976129	19.3512680092
-2291.40623924	8.17143145592	51.0173284838	5.45714231118	0.199304855783	-3.11375427845	11.4705515599
-2996.93758253	10.8297762575	43.4923800075	8.7785974217	0.127434470426	-2.54500577821	9.37209609253
-3776.95329871	1.59806488337	251.070815737	5.44516468799	0.588506603216	-0.960140861744	1.0888006404
-4183.05347939	9.6175549981	434.475982831	8.8871638941	0.925847965309	-0.157294649611	1.88653503564
-4636.37276661	5.83600040765	689.024448906	7.22820997185	1.34587206336	0.672514428906	6.73216513606
-5008.23866851	0.28091176503	1525.07711265	1.56108740372	2.74992956942	3.14099549074	1.01647176968
-5397.90690888	0.919816357112	2377.77492964	19.1427630819	3.98104698865	4.96835200043	2.82122832836
-6138.61017762	0.841441537953	-1101.37193664	1.65107535193	-4.84554353475	-9.74245559533	1.13165204029
-5889.15962062	2.24434926402	47.4037001935	8.86619633299	0.143939766004	-1.42674992788	2.16862510639
-5519.4158559	0.190311314393	-798.605573083	2.21348355611	-2.97930768246	-7.14256602398	1.09914032687
-5355.08648269	5.35607943781	-89.7070613763	10.3613636515	-0.24821663898	-2.24045750356	5.28439044123
-4963.67585753	6.57792315813	-646.776501165	10.061100846	-2.19712888661	-6.2165046995	4.18365472942
-4802.74061338	1.83574304594	-32.7943593809	9.30370342587	-0.0877162814386	-2.11495801862	1.23626426986
-4441.71942406	0.921708065703	-412.256106392	5.70294997998	-1.34008238069	-4.96388857927	1.1994286278
-4321.21227439	4.99881149036	-32.2941025109	7.51446753137	-0.0868965241643	-2.3055740634	1.32948811235
-3937.03908575	3.66096392248	-304.691340234	8.74168415477	-0.988881769225	-4.64067387408	2.54929770737
-3889.12610454	4.65495636138	-53.7718589251	8.69482315771	-0.150296734512	-2.68399664872	1.49184744453
