-695.814692794	15.8869277324	50.0387326519	1.34072604072	0.586473602356	-4.8246118733	3.38173150203
-1300.61483658	9.21399224247	36.3198193249	6.66813298087	0.212839240829	-4.59185783224	2.63012339334
-1909.39937802	15.9206160653	-70.5672499319	6.69234346798	-0.27567879363	-4.9608772206	5.15780305071
-2553.60745471	3.21709697777	-189.541259474	2.83927952992	-0.555363721664	-4.53651849023	1.34410306888
-3281.99290139	0.00104403253504	-280.049223651	0.00959583590309	-0.656431600225	-3.86496521327	1.00027051463
-3645.47742484	0.368293120551	-288.852436957	0.213895395579	-0.615531011148	-3.42693744539	1.06927248595
-4058.00976999	0.846161863163	-265.671937903	1.49048329206	-0.518937230473	-2.95342501549	1.3648876811
-4451.08872531	0.000433148753939	74.3677599295	0.00422423253735	0.134095581362	-1.55423505145	1.00007287729
-4844.48094185	1.01334723569	441.00315596	9.02824341586	0.738360163585	-0.436061158913	1.62901010268
-5272.42308024	0.0120205602385	-1926.85393424	0.0101386458135	-8.47729482919	-15.7953017522	1.00239078495
-5125.78538325	0.385874717388	-1141.08675101	3.51363034622	-3.46487213573	-7.44136422261	1.30806145075
-4744.51407118	0.0277692056042	-1508.09432212	0.0632319026911	-5.62615282338	-11.8934593157	1.00647324421
-4637.9077964	3.70974147237	-1014.02771945	4.97897092611	-2.80578305089	-6.83110201147	2.10251553787
-4245.88728516	4.72488170195	-1191.30903384	5.02041425972	-4.04693041015	-9.8132630011	1.82351075072
-4160.6642263	0.0982450112583	-784.074442665	0.206176333063	-2.09719280328	-6.02218875112	1.0147640837
-3816.28128353	0.532631969391	-890.927216127	0.585105398585	-2.8960538032	-8.26448553158	1.03942051184
-3735.113602	0.0967841383105	-615.338818915	0.279707931156	-1.65574517914	-5.63348678361	1.01816050897
-3375.10534497	4.00722114685	-676.799961581	4.36766795631	-2.19656765731	-7.45857709771	1.9259480777
-3356.26227278	5.14804963783	-500.412298584	2.56766267384	-1.3986932178	-5.59689023249	1.41409489625
