-812.899526235	1.63407257142	63.3567763196	0.812708313102	0.742566305593	-3.00347853414	438.706757021
-1544.13071186	2.59091014484	98.355574447	2.51983154064	0.576377476148	-2.47117806801	265.20729217
-2241.69030651	3.13452157474	134.797334802	4.1789772982	0.52660074863	-1.84096151327	175.86580541
-2953.05943909	3.86078160469	221.857845619	8.73277993313	0.650052654317	-1.02068897595	100.323373587
-3720.93588089	11.2712667465	545.41292471	41.6485310035	1.27844053372	0.649687543167	18.1934132165
-4096.15315254	13.0199499189	926.264079113	33.3901930471	1.97382535946	2.06572239503	14.7867855614
-4504.73087001	4.25572569314	1392.41160136	11.8534592253	2.71979880822	3.34398072541	60.9648298984
-4818.42184891	18.2045568979	2466.5876808	86.218452128	4.44760618512	6.18820075423	2.86837829763
-5147.28257457	5.40605942264	3623.80097615	30.9493932886	6.0672361306	8.44529216144	24.186995837
-6033.92283598	4.89285733198	-274.608574769	21.5556241058	-1.2081548111	-3.68021383586	5.71076939906
-5732.97468232	5.72066019753	1043.27680938	23.5342755803	3.16787548666	3.61308243441	6.54582312706
-5421.36408537	4.64106313141	-109.754719534	27.6010389621	-0.409455042783	-2.52986863652	4.04006367327
-5227.28241678	4.28591510419	690.538200248	14.2166086517	1.91069764769	1.63463561895	21.8579803676
-4886.58095359	4.00027457071	-125.668843194	15.165995261	-0.42690271683	-2.77447289725	30.1513660397
-4714.90305008	11.1663657822	529.360694039	42.2654774256	1.41590055417	0.808677986156	9.67239249949
-4370.55268596	4.60825138541	-12.7172544736	29.0814560778	-0.0413387901029	-2.2089349375	12.25273588
-4248.0794689	12.1775823899	399.982019081	43.3097697692	1.07626608216	0.161779062721	7.86142468404
-3894.62211579	7.66250753101	10.4821764907	20.0135321567	0.0340201110589	-2.25392866628	19.2070273022
-3817.71023456	5.68196944021	252.916741096	29.7284268499	0.706922934226	-0.683839081476	17.067367975
