-862.016640553	1.33440013513	61.2650012648	0.50693471049	0.718049880282	-3.28951163219	779.635096207
-1628.88061537	1.79740593326	92.2435054814	1.41467580376	0.540559893827	-2.68011791161	658.232526578
-2354.77796181	1.93338269175	124.58189442	2.93809384124	0.486692997033	-1.99615532602	562.663848123
-3094.2720987	1.87381323097	205.547648391	4.51922319488	0.602263102537	-1.16007642743	548.6880005
-3895.11219091	2.31361698587	522.148671178	7.73719915035	1.22390943745	0.522449696415	492.8998898
-4300.88630413	3.20557694123	885.769639893	11.3161360765	1.88753360654	1.88267642609	393.274801411
-4695.94364243	2.45983006504	1475.32237913	8.90090748047	2.88174850351	3.65887608233	450.766122776
-5059.28679092	5.57525611947	2406.42962287	23.9570010568	4.33913270469	5.9934987966	297.469570779
-5350.94403426	3.51265404146	3855.6942464	14.7682628114	6.45548902777	9.09237255489	383.992707586
-6279.5579465	2.1034007124	-185.111777472	9.91258638997	-0.814408962762	-3.0239786337	191.435685429
-5983.4103914	4.31539228997	1113.10482006	17.8487758873	3.37990592894	3.9664622624	177.540834204
-5657.43997152	3.34000645009	-100.287582163	14.6827111544	-0.374136587654	-2.4664745947	156.527086162
-5451.87598966	2.55260550207	757.693511561	10.3401958639	2.09651429811	1.96816290557	318.289164053
-5098.27089972	1.83071719548	-103.858535244	7.28220106846	-0.352812119015	-2.63041096986	350.174444137
-4939.72913206	2.89178343131	507.039717755	10.3025979859	1.35619781642	0.6925918467	346.912751587
-4567.75955165	2.43045842785	-42.5393071374	10.1971270762	-0.13827854845	-2.41456793714	273.767227201
-4454.65993973	3.1177367925	331.550353271	12.2292899613	0.892131102729	-0.228816383405	312.731193396
-4084.88229229	2.47210766839	-30.0929014298	7.08022315282	-0.0976671066011	-2.56119551341	357.379463856
-3998.07376126	2.52165562222	205.612333635	9.43568744533	0.574703254426	-0.992348326812	361.585070635
