-809.668425687	0.750865057051	67.2573430319	0.260425442749	0.788282479639	-2.47010799876	1.02691472666
-1365.73064549	3.37788269116	256.721182283	2.64784597166	1.50442217383	2.94251826287	2.07734911712
-1935.16268387	11.7813439749	606.719423375	6.64833024739	2.37021676301	5.32851777489	3.54009666318
-2525.71519557	3.28738616415	1201.21397785	0.121486354263	3.51960658648	7.34891891103	1.79207366659
-3045.81668835	0.121228477979	2331.41230083	0.500554411098	5.46479896451	10.4177514361	1.00563693043
-3227.53942669	0.0385072674914	3636.48063336	0.206062336829	7.74916986974	14.3166443679	1.00404595688
-3357.16554068	3.03993191546	5251.69903933	20.6452739014	10.2581483624	18.0015647929	1.41263358696
-3360.81692401	0.340160404117	7588.76084148	4.53987563328	13.6836082977	22.7661485157	1.04339627746
-3238.77978513	2.58095682795e-08	10755.9189454	9.30577218294e-08	18.0083565496	28.3469205984	1.00000000036
-5123.08262709	0.0728362231414	3463.02630141	0.35520605562	15.2357656367	23.7259912199	1.00534511206
-4589.34326166	8.02452088465e-08	5640.36962902	1.64925632039e-07	17.1267956144	26.877670012	1.00000000177
-4606.08375302	0.152589523981	3012.53892843	2.44578646058	11.2386898811	18.377698914	1.03679386511
-4188.31393055	4.78620890271e-05	4532.9162025	0.000261988889559	12.5424376554	20.717830741	1.0000022001
-4151.3186164	1.81437787987	2431.23786661	5.45713617139	8.2590244657	14.1144637283	1.78020493295
-3828.36836635	0.724198648636	3502.24689688	4.03201308678	9.36758882545	16.269958798	1.14733585322
-3744.33846521	0.0369426954136	1963.21962715	0.0635980022104	6.38165448852	11.4158088935	1.00341891213
-3504.05027358	7.70767056132	2719.46453983	1.05058680506	7.317497553	13.4009615267	1.38547439123
-3363.95504492	0.0450429161237	1605.80011585	0.0657519010559	5.21165602662	9.82709097733	1.00167801271
-3210.31020139	4.26400616254	1901.81775745	9.94755428384	5.31573585693	10.0699412849	1.36236386869
