-755.034036622	3.81892282971	63.7553338669	1.77764501235	0.747237556605	-2.94897905546	16.6723265365
-1449.10080058	9.04169561965	106.061924565	3.97966087666	0.621537769872	-2.20773804509	7.96700326113
-2104.72259058	4.56666588388	159.508277266	16.3065922562	0.623136787861	-1.4655508375	16.1231841901
-2792.15844339	10.897983275	239.112954399	13.5122131718	0.700610835983	-0.873226281042	1.82032476502
-3487.38924027	6.68601917528	589.232887199	18.9484131702	1.38115393432	0.889349549269	1.2795598416
-3816.79249303	7.16217324978	1020.89858636	23.4753774977	2.17548706101	2.4934963168	1.58154620683
-4144.72004366	1.16364897584	1634.19841551	4.07381946007	3.19208120541	4.26228769575	1.04120152687
-4431.3377359	2.41708086197	2790.90018961	9.20373808861	5.03238747277	7.23784036241	1.16684822949
-4632.02780409	0.700954306274	4186.92978484	2.63905463222	7.01006811193	10.016659932	1.01597746991
-5625.13319993	1.72998763426	-106.963164355	8.19296884023	-0.470590045248	-2.45095398393	1.41116359036
-5371.15021364	2.39425773266	1018.12481743	9.00506071211	3.09150229594	3.48579531135	1.05621011017
-5062.20257625	0.0490555057968	24.8353426034	0.121351552212	0.0926516537184	-1.62862386807	1.00246356423
-4840.26367515	0.612617964984	1002.66718583	9.81862661517	2.77434880893	3.1848262383	1.12881682584
-4547.2565498	3.67677523315	69.8037065227	30.7939202466	0.237126333003	-1.48333329816	2.10072253339
-4398.85920091	0.47715872339	679.324549076	0.979434469687	1.81701440308	1.58860466889	1.02685845989
-4081.30644517	4.43572114936	48.808370305	18.3845393222	0.158656805956	-1.78469523407	4.44912593657
-3929.23952886	2.48242526211	626.212765284	15.995753211	1.68500464356	1.45306283018	7.40516760767
-3693.84745458	12.7404803303	145.258887628	11.8066158672	0.471440591921	-1.23329193013	1.30416436683
-3564.33317126	6.85407103648	355.182172021	22.3457543127	0.992763160485	-0.0168857760117	6.90153291784
