-897.681407736	1.78690776991	59.6819065617	0.826208064481	0.699495388507	-3.50598686046	418.291976984
-1690.56486456	3.78754590549	85.1822570371	2.16845106222	0.499179986489	-2.92150526406	230.768373866
-2434.79604392	3.61413861553	109.515325867	5.28315475406	0.427833774849	-2.22504787798	171.102899193
-3185.74201849	2.75360342801	169.11597293	6.80399029247	0.495516788165	-1.47142265608	208.732275061
-4005.5914943	4.9669122086	455.926076059	16.3570071903	1.06868456834	0.16026225731	163.942258739
-4422.72752655	5.41499107006	815.501293834	21.2030900867	1.73779505298	1.56504423415	93.643073568
-4838.5468527	3.06240516118	1348.96231758	10.7293404812	2.63492928393	3.1789602288	203.679262382
-5207.98886365	15.9429139319	2302.25694686	70.6495493532	4.15129464738	5.65634323255	35.2876592156
-5535.09899026	5.54138022749	3644.77986513	25.4429544773	6.10236054114	8.50383214288	130.158969684
-6454.07452387	4.19445156505	-381.597288759	18.7169084456	-1.6788572633	-4.46470850466	35.5255061811
-6152.31613711	6.76824345233	943.273501814	27.3775813083	2.86421875455	3.10699395671	39.9117674706
-5806.99445523	7.24475138693	-226.988031686	31.9649506861	-0.846810001608	-3.31488877535	19.7727332018
-5609.26987284	3.89427197599	604.31576547	16.7815517985	1.67212286175	1.2064113407	90.733418147
-5239.81098206	2.8307782973	-229.003140912	12.3720896526	-0.777933977373	-3.45701888092	112.153184466
-5079.00470581	4.99663990105	389.799787337	17.2013856993	1.04261185449	0.082854587057	108.497802373
-4691.60266513	5.48690407416	-114.136352229	22.5086021836	-0.371012368881	-2.90825344273	51.3144769581
-4574.04936878	6.48117443161	267.780888602	26.0857140519	0.720541109614	-0.592800837188	63.9790240679
-4200.63981632	4.66184959963	-95.5693294605	9.83782404848	-0.310172148404	-3.05703524148	117.124768756
-4109.82448048	6.10842434894	157.260521864	23.0275710112	0.439555994089	-1.30768851943	68.9620285818
