-911.602183207	0.794380840186	49.0024428536	0.366675337947	0.574327878857	-4.96631601151	1.0396460801
-1568.79924692	4.34594720216	189.498126829	4.19027265574	1.11048563023	0.644511684048	2.17898426283
-2300.85095815	16.1496516053	454.658294323	5.0886786633	1.77617308615	3.01839256211	3.93331197135
-2952.98351314	3.81952230577	886.002494217	9.2369807376	2.59602391562	4.65511179362	1.85964845188
-3605.72305673	4.41582838063	1892.64334395	78.3657408999	4.43633045195	8.01801756033	2.00737111447
-3878.21698484	0.198983371747	2930.38119328	6.65772757989	6.24450504191	11.1248812846	1.17673994807
-4110.25021446	0.380350907217	4354.22167138	3.50663556029	8.50510502857	14.592943336	1.05000479686
-4227.75216087	0.751957170154	6475.5302641	47.9457702082	11.6762962366	19.1631702916	1.57130597816
-4230.80078109	1.94857967356e-07	9307.34668022	6.60207209494e-07	15.583049519	24.3047907416	1.00000000266
-5989.71506294	3.3808090969	2313.03973072	20.9248222501	10.1763394726	15.293715513	1.51357145921
-5498.24511699	2.84491227449e-07	4382.06494183	5.96418860441e-07	13.3059950967	20.5097455991	1.00000000655
-5388.85293199	0.410898415649	2061.66235712	27.6354624755	7.69131434371	12.0104194752	1.77296135171
-5000.37523061	0.000349407642056	3495.41120627	0.00210719387385	9.67169371241	15.5650554878	1.00001851395
-4850.99411715	1.89988372069	1628.77150232	6.51338788853	5.53301010625	8.81399519	1.98067908537
-4542.97806205	6.2336812026	2780.14878078	66.0310923106	7.43616638655	12.5144966023	3.1140154137
-4365.18685752	0.0514684430606	1310.9964211	0.0816432393115	4.26153349296	6.91851235246	1.00460728246
-4147.07338268	0.527039418001	2037.08821332	0.316116067364	5.48136877604	9.50608212362	1.01759389808
-3916.47190588	0.0421002224685	1078.53480977	0.0880696614565	3.50040605038	5.83421760515	1.00164212778
-3773.01150976	13.1587266194	1397.49803025	18.2175942891	3.90612105723	6.78087570305	2.76913332539
