-717.682647119	2.55215899365	67.7038445526	0.707714442635	0.793515652852	-2.40905257458	259.491312592
-1385.78470157	3.5017362458	118.87821818	2.2738458065	0.696643049965	-1.76961563538	184.690974828
-2038.8748986	2.82514969889	182.026643239	3.69693621613	0.71110728369	-1.1234499646	264.52706025
-2703.43673186	2.30708341148	323.448833318	4.87275517318	0.947718445778	-0.152489243591	322.718495149
-3414.03091048	2.33349874408	722.518407346	6.63848240017	1.6935733945	1.61832039563	389.882901808
-3757.28582058	4.68731586111	1155.8970641	14.7852756961	2.46316249274	3.10372645307	245.52011885
-4092.47779379	2.97742572424	1798.08262199	10.0805293301	3.51219637038	4.88472035267	307.1455993
-4389.53714643	4.20031634639	2783.84202715	17.3229747155	5.01966060835	7.21499657231	250.646476095
-4605.6777028	4.0815318876	4302.8406765	15.5164557598	7.20413471615	10.3401003893	201.151793814
-5533.57660378	1.64651707531	319.27275274	7.39036297477	1.40465720198	0.674420573245	182.119462812
-5233.19740277	5.1066650301	1619.1053495	21.8127469972	4.91635978186	6.52718794125	92.6373169124
-4985.24684866	2.56760169512	303.411354645	9.4196959795	1.13191769543	0.236782607554	159.145271692
-4774.20394177	4.64765610014	1179.08440034	15.6246830741	3.26248973532	4.06100347162	137.434248774
-4488.15029239	2.39264646864	236.774715146	8.85299790373	0.804334364851	-0.380452707279	220.995549918
-4328.07880997	5.2794953184	863.544540686	18.2495724988	2.30975440276	2.54668944816	148.274996458
-4021.20291714	2.82039723436	201.728726877	7.82106679601	0.6557407116	-0.73025837214	211.190872895
-3913.52567221	2.87472491445	582.831588287	10.1895260737	1.56827517279	1.20545099752	283.113724171
-3592.13982029	2.00873450014	156.231779968	7.57179496051	0.507053330972	-1.15019643886	300.454428994
-3507.6850824	3.69536568473	398.582984313	8.02967480007	1.11407197318	0.266165055107	221.95099481
