-695.655896554	4.58550120676	68.0941859975	0.990917035499	0.798090607916	-2.35567658058	103.012319975
-1347.08708688	7.00984336016	117.716284606	4.18513766333	0.689833956074	-1.80933610003	47.3894012005
-1983.91671969	6.24425655353	178.662724669	7.34561359884	0.697965762458	-1.17455489293	43.0944809419
-2639.1068828	4.61423424109	303.037372033	11.9547852171	0.887912020858	-0.326926224925	43.6287172948
-3334.28128528	9.43129333122	670.532507179	43.8825919905	1.5717191462	1.3339968952	10.6581672193
-3655.24304943	9.67036398454	1092.01570637	28.0440585904	2.32703431209	2.8149651997	5.36766563414
-4030.93410697	4.16146211891	1538.51690921	11.867084398	3.00518643483	3.89888907754	29.1303664276
-4302.03308156	11.973013497	2610.57797223	59.3854626447	4.70724103035	6.6542262974	1.89356372488
-4587.53483609	3.45466884897	3725.49257538	22.775217866	6.23749574174	8.72905477332	18.8886000532
-5438.74405102	3.50321444781	-0.777005784037	18.4388811212	-0.00341847765324	-1.67234405217	4.61134978801
-5148.85414265	3.78068116143	1267.05664537	16.9278618368	3.84737554883	4.74556894202	3.87413808407
-4885.8425212	2.61401684503	110.069239854	21.7356395309	0.410628403998	-1.05787887568	4.79859473808
-4689.63408013	4.35961214005	897.265453129	9.84435837433	2.48270550424	2.66134785326	10.620801789
-4394.32571148	4.84094962093	85.0461762	17.5082524426	0.288905688578	-1.38265340107	11.0510753803
-4224.59982021	6.28249144225	742.888142787	31.1159940587	1.98703028937	1.91918394598	4.22338053099
-3930.78456247	3.57288417548	137.753068338	17.4966683997	0.447781019864	-1.17139187551	13.464620475
-3809.56237365	8.15321870014	571.787510517	37.7189284998	1.53855792115	1.14241341934	3.89389245315
-3495.32011722	6.48549190629	161.953787147	20.1664959128	0.52562421841	-1.10686483741	7.39301918156
-3423.6860218	4.4084066677	369.73489089	20.1210640709	1.03343919751	0.0780239492528	16.208294982
