-715.121804835	3.12304909213	64.8827519914	2.22487274464	0.760451339883	-2.79481386537	18.7479623669
-1376.82417912	7.87591219618	103.624222088	3.89496574061	0.607252491085	-2.2910704121	8.43357770437
-2017.12700287	6.81597595435	164.913672448	15.2059289179	0.644253564045	-1.38343162813	20.6243394972
-2659.73827887	17.2651868597	246.932239639	34.0769745035	0.72352166481	-0.806402426821	5.91989432191
-3350.17986239	14.6245457048	524.00217183	50.2078382478	1.22825401796	0.53258694116	2.39839013655
-3664.78547912	16.6691869411	945.076168811	62.8798883508	2.0139130413	2.15075819878	3.82153137564
-4006.18031403	8.74074262889	1420.63087283	38.6059077854	2.77491953606	3.45115759435	1.29946044274
-4301.77999965	3.98449417587	2427.1666076	8.54969694535	4.37652441887	6.06061418665	1.23381686498
-4508.81820242	4.96190669602	3694.36568483	19.036008972	6.18538079497	8.64219757146	1.13395992599
-5402.12877538	10.3613643046	-204.909013394	59.3134003073	-0.901507939355	-3.16914185194	2.26741419765
-5122.94171675	15.1004560921	992.463987601	59.1087255186	3.01358403584	3.35593310357	6.59073421207
-4877.25003905	1.29361515201	-142.542730475	4.06786913498	-0.531775217075	-2.74942439613	1.04056597247
-4673.18853938	3.15848213484	775.614700073	6.86725082557	2.14610166738	2.05716860386	1.15280077925
-4371.8685624	5.44837729951	-16.4890479168	31.115598711	-0.0560140379644	-2.05331610409	2.73858903975
-4244.26657145	2.5281943214	506.825708692	8.09806184107	1.35562539849	0.691478835979	1.11207696864
-3923.44256967	5.93497043702	-20.3831067822	18.5300561061	-0.066257459475	-2.26179354595	5.67417174738
-3787.06377944	2.58227245145	522.013346101	15.2666411179	1.40462628829	0.858311582491	5.73864063199
-3521.97004818	29.2327500552	91.8068546293	30.7070890079	0.297960961946	-1.63807335001	2.31714509711
-3419.65340003	6.29356142794	319.962097328	20.0852426532	0.894320177084	-0.246583583204	7.77633274908
