-788.613148576	3.21667067159	64.7727092268	1.11223477565	0.759161595457	-2.8098613117	139.264231734
-1515.95492096	6.91827097824	112.093185099	4.01365698486	0.656881803436	-2.00156062141	54.6950907092
-2207.80887111	7.78525914528	176.962035925	8.81926350699	0.691321833136	-1.20039189657	29.2212735436
-2906.38506262	3.99564826157	371.866902234	10.3342063956	1.08958538822	0.261293075359	31.6843202858
-3658.58111192	9.16071052628	854.981865231	23.3673029365	2.00406595184	2.34279518403	18.2813015616
-4039.61370645	11.4599794663	1272.74135994	34.2244492989	2.7121522133	3.63189470923	5.45187379781
-4401.40551523	21.9000581662	2048.27290055	49.7696489682	4.00089326201	5.83494370343	3.60721786597
-4649.70115323	7.20333024612	3344.62785214	19.8695248924	6.03083670526	9.02998365309	7.64842607691
-4912.4513085	10.3812184155	4997.59150291	31.0327581764	8.36733803319	12.27874931	1.26196602402
-5875.23301309	7.59419194141	844.947190868	26.1945488462	3.71738943196	4.52892801477	2.18419129062
-5528.96102871	2.46011445752	2302.24015407	10.3282763625	6.99067599597	9.98434012676	7.79942887872
-5314.54596564	6.25557155434	672.360984521	16.8016431053	2.50833492037	2.70735077926	7.60411053779
-5063.88073315	4.02615834115	1680.31845828	13.377365281	4.64938872961	6.55038565208	14.7433130123
-4777.83262706	3.7999444558	522.793906095	10.471622316	1.77595443056	1.50876756466	11.9834953834
-4619.09247043	8.38676482743	1156.53200848	20.0433789538	3.09341877884	4.07044824848	16.3460720624
-4336.22708003	11.488144008	268.676982969	23.396065837	0.873363148274	-0.268627817201	4.90368257823
-4199.13331186	12.4985251389	722.813158425	32.9019706138	1.94493564471	2.00444022554	4.76768143323
-3841.54339971	8.92777670229	283.143921115	16.9773647282	0.918949194428	-0.189116498383	21.0159852932
-3753.94740715	4.84319471849	530.773423013	10.3257547565	1.48355503863	1.12828287189	24.7587063592
