-786.690277754	4.39770544268	50.5792830109	1.47990044049	0.592809064898	-4.75069604114	1.92567577101
-1456.91718453	12.5507362857	24.6316654841	6.07181275772	0.144345018214	-4.99141501152	5.01043556797
-2155.18709593	13.1984146039	-87.0503039867	2.16607982032	-0.340071673636	-5.21128913713	6.50310695666
-2812.2999815	10.9246550489	-207.012971523	7.36599714772	-0.606556559859	-4.6858322834	2.16206308483
-3597.72876659	0.00639979477252	-271.773448502	0.0282589858845	-0.637033294981	-3.81970299118	1.0006662184
-3994.20282977	0.924349059063	-260.509288419	0.527044539481	-0.555133089418	-3.29881864224	1.11392138906
-4444.13377032	1.80279797006	-212.801628371	1.37456287004	-0.415665608262	-2.75262343771	1.58210163229
-4866.12122588	0.00134689743553	208.853995561	0.0117218490318	0.376593270807	-1.11896944855	1.00017351854
-5289.97652044	1.00008357211	658.548036515	9.76097387701	1.10258992345	0.170981153041	1.61983361962
-5788.21218072	0.0378987225073	-1997.9692656	0.0407221997359	-8.79017045514	-16.3167548685	1.00625281323
-5617.92544527	0.584274828784	-1118.24110248	3.94233521147	-3.39550208045	-7.32574885182	1.39957425833
-5208.18315504	0.0214917240372	-1563.47323186	0.0876078977294	-5.83275144578	-12.2642887209	1.00668729588
-5090.4420168	6.12367958818	-1013.35461906	7.31532406702	-2.80392060311	-6.82775905403	3.20804451895
-4670.89878796	8.96022159591	-1246.9144964	5.58550351839	-4.23582466932	-10.1805494295	2.78391843489
-4562.71134423	0.0733732584047	-783.961092147	0.336760711237	-2.09688962047	-6.02159924178	1.01509822216
-4189.78965725	0.247891805897	-927.873881952	0.342188022056	-3.01615287543	-8.51924511523	1.01851654167
-4097.04340935	0.292441668264	-624.122584599	0.488092323052	-1.6793804143	-5.68362291336	1.02621818593
-3707.05281198	3.58092833575	-707.6734847	3.79432966807	-2.29676828703	-7.69237603525	1.70546528537
-3685.56897954	2.63813680351	-512.976726141	1.65197916943	-1.43381181832	-5.67883274635	1.15665910738
