-916.68630274	0.479816723291	52.4558608642	0.222373756075	0.614803294476	-4.494089397	1.02288545366
-1569.20262826	3.74789753443	206.302711002	2.36381473607	1.20896285298	1.21897300128	2.12562147155
-2295.64939091	15.1410203411	507.789678307	5.42491574854	1.98373673437	3.82556892925	4.09593599174
-2942.62739737	4.36109916871	985.293301396	4.11491541787	2.88695008313	5.50365411191	1.85858191976
-3579.89425486	1.1269755952	2012.09383387	38.1012331246	4.71632078801	8.67132126982	1.29936743322
-3841.22494177	0.206040095047	3199.90542544	2.86829563129	6.81884855413	12.3432047182	1.0633201486
-4054.04368067	0.837166542794	4726.69137161	6.86524339525	9.23265042233	16.0075842591	1.0977389588
-4145.51067881	0.286113650897	6966.33872963	30.9772003426	12.5612932647	20.7516751795	1.29176615886
-4115.96777341	2.78775199262e-08	9993.50000008	1.01064592348e-07	16.7318582535	26.2194489794	1.00000000039
-5970.67481726	1.07502520201	2678.4309643	6.26211369327	11.7838973471	17.9729464719	1.10515450334
-5449.40234371	5.77119491429e-08	4855.94287118	1.20598182501e-07	14.7449097382	22.9079078771	1.00000000128
-5369.4596653	0.502779846282	2367.58304768	18.2231247683	8.83259346111	14.0589319548	1.37210230087
-4959.8016644	0.000129573004962	3878.66485055	0.000758032869534	10.7321445844	17.4684871832	1.00000638782
-4835.12809399	1.8332830105	1886.55724656	5.81752402423	6.40871988268	10.5167272767	1.80833157119
-4515.67164749	4.56169601666	3006.17295249	32.5615502475	8.04072156713	13.6899950744	2.58719611118
-4353.02250122	0.0327580584146	1518.06961799	0.0352580797883	4.93464697354	8.34635110992	1.0027324668
-4123.06336338	0.593272894554	2275.31473173	0.188890971686	6.1223853953	10.8658355672	1.01887592618
-3906.76112894	0.0178798776867	1244.14801478	0.0298183006728	4.03790698182	7.08837286387	1.00063930383
-3760.93028769	14.6482191407	1569.56060808	18.6919655881	4.38705000586	7.90303109799	2.49901422949
