-818.047216073	2.96016528183	63.51544925	2.79583045928	0.744426014666	-2.98178131112	27.3108633901
-1547.61966701	6.07368446162	82.6516408495	4.755760851	0.484350220312	-3.00801386752	29.0172159942
-2255.26510707	7.56982858027	78.1068254518	5.5308534066	0.305132982164	-2.70220840649	21.1057504699
-2958.52234931	9.29597871036	100.299757374	9.46996810328	0.293882433259	-2.05952816899	12.2241406048
-3725.82092776	3.29090816691	355.604677882	11.8532070217	0.833532565121	-0.3884198085	1.20159013156
-4122.28721114	9.68418056067	574.642156887	11.0961227215	1.22453551579	0.476294891015	2.15246826139
-4566.21612948	5.6304421158	866.50305969	8.260099218	1.69254119024	1.34657866993	9.29990153791
-4919.03310178	0.661189944682	1769.74687078	3.52636585854	3.1911037219	3.93287080263	1.03592799245
-5293.11261936	1.32300578398	2680.22378429	21.6977783274	4.48742927362	5.81231234327	3.5617585359
-6065.28651729	1.2250322608	-887.96033747	2.8066347844	-3.90662802384	-8.17761519709	1.21429495351
-5805.53571808	2.56745345056	292.151519375	10.2005280716	0.88710841485	-0.188150383086	2.40816585983
-5452.54486379	0.343103954937	-618.35429579	3.99546233177	-2.30685555676	-5.93556367859	1.17876819959
-5280.98440448	4.93635766782	107.253555914	9.91996666333	0.296767241722	-1.26225132788	6.14685415789
-4904.03279237	6.12078007494	-505.260550661	11.3961397382	-1.71639283295	-5.28176042025	5.4183428356
-4739.05056778	2.80253274574	125.996873086	14.5165995765	0.337008479162	-1.28912222534	1.40488180375
-4387.92574825	1.37839185362	-294.93352173	10.4607318961	-0.958712823939	-4.15491022754	1.41321866018
-4264.97101419	5.55265970051	96.0170210249	10.4790206614	0.258361271531	-1.57319761243	1.45608093235
-3891.51282674	4.27504944188	-211.031054096	10.5493761665	-0.684905458669	-3.93140349684	3.05963124695
-3837.52969723	5.58512830139	43.7811079557	13.3620196492	0.122371770115	-2.04777702757	1.89285110443
