-798.869642057	7.65268084502	65.0796397506	2.46488695034	0.762758941761	-2.76789107766	33.1580331384
-1532.30834076	12.4046577582	121.682528951	5.16314151479	0.713076704829	-1.67375083785	16.9232713633
-2221.65649647	12.4934267042	215.379870143	10.2851574425	0.841405366235	-0.616744990889	8.64221633454
-2898.29047392	3.92260557479	480.306965882	9.31362032941	1.4073192552	1.18802522325	9.78113937787
-3642.40094893	14.0680675023	1057.70824801	24.483961679	2.47925385673	3.45155495529	5.31059985964
-4001.66142484	12.4007948644	1568.75615834	19.1122446038	3.34294588116	4.96996276597	2.30347944097
-4353.69199758	12.7212072855	2462.16996222	23.3663229552	4.8093587574	7.4069258567	1.44866345285
-4547.56138268	5.10607149182	3979.92797322	11.9613047801	7.17637260893	11.0861367525	3.23803571691
-4767.03917418	0.797398714271	5864.68405029	2.4142390776	9.81908863061	14.6983045912	1.0152770976
-5822.24301563	3.3981251101	1402.98420097	11.2480304143	6.17250249275	8.62073399211	1.22945901523
-5437.91458214	2.1446073253	2981.0504704	7.24887055985	9.0518610447	13.4196072994	4.38688050929
-5272.70904231	6.71566448778	1121.3278701	16.3953520852	4.18326749843	5.71373215993	3.59600219024
-4996.40983792	5.76259907912	2203.86124305	17.2947091675	6.09801527478	9.15056426822	6.65455787454
-4741.96670119	3.83175698249	885.591603684	7.63780335302	3.00839453921	3.90512692301	5.82460855776
-4581.27518708	12.4141807708	1534.66796709	28.6840443841	4.10483296085	6.03704429093	5.77563720538
-4325.37076276	6.61844152564	524.884846975	12.3366917885	1.70619409735	1.49801085787	2.49260502573
-4179.00630195	7.50587014358	990.941422661	17.7888015451	2.66641146788	3.53486737134	1.51766934239
-3838.08174444	16.9303516043	469.397095983	30.1065089548	1.52343755615	1.22134107171	5.84984530222
-3733.08098167	5.17962295279	751.183084706	9.44539049622	2.09961803272	2.56574762506	10.5439268767
