-738.252129792	7.29138681483	65.4115225229	1.7207011127	0.766648738218	-2.72250882811	15.3359489941
-1402.55353707	4.1652491223	113.444342031	13.2861156764	0.664799772769	-1.95537159449	2.89948028973
-2076.25302722	18.5404848097	100.53908571	7.12242462194	0.392767096465	-2.3614156587	4.82715947836
-2697.37586269	7.22460556656	224.963037155	43.4706213217	0.659150993816	-0.994151912761	4.02373278014
-3368.2258091	8.7963828897	564.648385345	5.52859084779	1.32352819381	0.754890944137	1.60949224027
-3747.09850082	4.53608458872	665.494321131	9.25856905875	1.4181372216	0.886971585272	2.77944952775
-4116.80677052	4.81881612573	1097.97608717	24.831467928	2.14467765883	2.22571385075	1.6305831433
-4365.31552821	4.8092498679	2010.35791482	21.0764201435	3.62495943925	4.71161005915	1.11986380349
-4678.31486625	14.1445007621	2918.43594546	62.2426555245	4.8862617262	6.47702511739	1.74291829683
-5542.48863493	16.2762916474	-1031.01079763	59.3406132959	-4.53598601756	-9.22653259389	2.80975359368
-5256.50011172	5.88355924271	304.2466115	29.1616275601	0.923834761594	-0.126940540032	7.27025217755
-4979.26704277	1.39278521675	-716.753112111	6.10105569554	-2.67394584425	-6.5944638754	1.50514604603
-4768.90956309	7.44908052747	232.768292125	54.3311960378	0.644062599374	-0.638881581232	3.09604169032
-4445.21499028	2.0651773369	-432.91301495	7.11309904266	-1.4706249977	-4.8038888808	2.08368567192
-4323.74086553	11.8733562862	153.955685139	27.184376074	0.411790943983	-1.14371503017	2.63237722403
-3978.30235947	8.88061316084	-275.393454091	12.6278880478	-0.895195752985	-4.02017494399	4.87085558697
-3895.74091047	7.24717355941	128.560103351	19.9643133221	0.345927747136	-1.38744764406	3.98870473778
-3539.37494204	7.96668012967	-120.827138883	24.540485979	-0.392146868295	-3.24830751659	2.4146767433
-3493.05595638	1.88815283816	127.265268843	36.0535586354	0.355716813706	-1.50331115525	2.20813278166
