-728.690354829	6.85673445847	66.0646561561	1.67959031739	0.774303720957	-2.63319815576	16.6840348595
-1389.15523615	3.24357070566	114.904196682	12.8219043401	0.673354726002	-1.90546675796	2.82124875375
-2052.91501245	16.8295984169	104.023636487	8.20622340683	0.406379880802	-2.30847807593	5.14412003093
-2673.83654512	7.23803085649	229.340837678	43.6381298822	0.671978130228	-0.956739093688	4.14866246804
-3339.32796119	9.26767816546	564.591638853	5.76134124052	1.3233951808	0.754580583801	1.65551619345
-3714.67459912	5.03304028189	666.464104599	9.10060961312	1.42020378474	0.891355272468	2.82858128414
-4080.72979798	5.63146126773	1097.9407237	21.0062360691	2.14460858333	2.22557954019	1.67132155634
-4327.58672404	3.38983160504	2003.5518963	15.3975886356	3.61268722599	4.68958233462	1.09567306225
-4636.03864183	11.628635184	2913.42278358	51.2427954735	4.87786831909	6.46303627347	1.61574621548
-5487.27788211	18.1575523457	-986.133691946	68.3767726114	-4.33854684003	-8.89747124855	3.7390471656
-5208.12096603	5.84592136056	324.521975583	26.7742133555	0.985400233273	-0.0243326524209	6.99612330983
-4937.49825203	1.31214109028	-707.355973414	5.79976340182	-2.63888852877	-6.53153856015	1.49969529096
-4727.19213893	7.16754756155	244.005430623	51.1092421145	0.675155410876	-0.583072260428	3.11162746359
-4407.76120675	1.88861296516	-426.648473099	7.1997655075	-1.44934406706	-4.76251019073	2.06842811303
-4285.18009805	12.3687510189	162.441313665	28.6020123088	0.434487767279	-1.09958327519	2.87800513904
-3942.85329708	9.11920978527	-266.28059105	12.7426315465	-0.865573421117	-3.95733871392	5.05243612271
-3861.61526975	6.72746848247	134.7966605	18.1417293644	0.362708988815	-1.35185051526	3.99351261099
-3506.15351565	7.17792616552	-107.273119582	20.366936459	-0.348157030657	-3.14566567361	2.3657624272
-3463.17078768	2.02471765343	131.073827197	34.5098280519	0.366362045157	-1.47847255084	2.22144186858
