-951.538664981	0.0800468313786	63.848129042	0.036952783807	0.748325152508	-2.93629007566	1.00324485704
-1609.22806567	6.14997006931	267.34406428	6.13330997339	1.56667375387	3.30565933924	3.11761642833
-2325.39941235	12.8905483909	694.350522748	7.25071671976	2.71255737828	6.65981666335	4.03428066532
-2967.80497568	4.37002789896	1349.33384454	0.480899610995	3.95360391584	8.61475588663	1.99994721775
-3576.82675584	0.0176377957588	2660.46112373	0.208354985442	6.236084964	12.2173992798	1.0013013255
-3790.16285014	0.0195774930624	4185.3183737	0.113514843465	8.91871738276	16.7975414469	1.00179892748
-3946.5884659	6.77536474144	6055.61861758	41.8659836017	11.8284451832	21.054853513	1.88038997609
-3946.86191416	0.134114486289	8817.59835932	3.72262799084	15.8993760109	26.7432893774	1.02414757682
-3803.33764648	0.0	12532.5302734	1.05367121277e-08	20.9828908881	33.3044183123	1.0
-6016.14773314	0.00444791942331	4024.37013824	0.0221225058499	17.7054272549	27.8420445019	1.00027659858
-5389.32666016	1.05367121277e-08	6567.11035156	nan	19.9408131321	31.567642903	1.0
-5409.0551655	0.0868017411025	3490.16658487	1.40415708774	13.0205453979	21.5759991436	1.01767357578
-4918.38280999	3.54068021e-06	5261.46681023	1.88640902749e-05	14.5583144482	24.3361820316	1.00000013851
-4876.03824993	1.37744320624	2803.14345151	3.25462375597	9.52240447749	16.5709827049	1.3761562108
-4496.36786921	1.60906798977	4054.45303638	7.27533190245	10.8445949344	19.1418528451	1.28413035724
-4397.06110563	0.00883660169779	2250.9576755	0.0197202770042	7.31697765987	13.3998587059	1.00073148392
-4122.05320636	0.707704638072	3128.38855684	0.0655445549833	8.41782463946	15.7350251062	1.02219366301
-3950.37972486	0.00133208442018	1831.92353861	0.00180796215129	5.94554406617	11.5394778594	1.00004436176
-3797.19474157	15.9378139018	2206.8874192	22.9819390604	6.16843046105	12.0595404824	1.95837449859
