-864.44657901	8.76915743405	43.0137120237	4.40731116752	0.504137601102	-5.78522587888	1.7141114813
-1546.35690407	9.69889821689	150.893588856	13.4632865656	0.884257617332	-0.675176652523	6.43984781105
-2254.25440048	18.1251991282	267.873684984	4.30417297382	1.04647827984	0.180745373254	4.37879816422
-2933.51851003	7.32603144988	562.86833568	24.9587941689	1.64922747996	1.89359725071	2.08150653238
-3623.51339755	0.342379432687	1280.65213757	0.929502938512	3.00183132465	4.6708891762	1.0151582446
-3925.88003056	2.66322423519	1971.6847161	10.0809935908	4.20156776155	6.79131033097	1.71224397705
-4213.33345778	0.0234776777266	2985.3289584	0.262068049198	5.83124568574	9.393885131	1.0053658796
-4422.02059203	3.05631069631	4676.90592592	39.5651314386	8.43312235981	13.3419105673	1.61568660859
-4531.35720065	0.000270456916782	6761.36650153	0.000955055894763	11.3203808378	17.2004282307	1.00000457043
-5926.5052226	0.0862955755017	1012.89080768	0.835358241903	4.45626617248	5.7603744649	1.01982800174
-5544.61268828	0.000147726172549	2671.80563407	0.000301892575671	8.11284933892	11.8546065783	1.00000411706
-5331.19109407	8.85970524051	998.131943005	34.3649625513	3.72366818631	4.88878503512	1.81378930656
-5029.31628889	0.0694359024771	2113.18244066	0.453894771885	5.84710985874	8.70020741149	1.00328953943
-4797.88482107	1.95303621605	720.710386926	9.99231224956	2.44828562439	2.81604987148	2.889085817
-4554.51327393	0.0828225818726	1771.51972083	0.604194836405	4.73834907405	7.26885446642	1.01352329811
-4310.09110646	0.788188747226	584.973227747	6.84313345435	1.90151777869	1.91234028451	1.13629151625
-4135.89815556	2.38959268885	1195.38347997	11.1506946292	3.21652132669	4.70178528331	1.18315992206
-3861.64227752	2.57639313588	532.71890761	37.8068917334	1.72894974781	1.70086432614	1.56206775775
-3732.40920489	9.17330993721	885.02345081	15.4240855588	2.47371277993	3.43862591609	5.68206822682
