-790.43436653	10.0914929206	63.2343001435	2.23798196899	0.741130836699	-3.02022614761	13.2035171858
-1492.91717365	8.85909209827	87.5708150916	6.67303415986	0.513177272061	-2.8398528892	17.3799652897
-2198.02301769	15.4621341619	165.379282568	13.3657194671	0.646072521657	-1.37635804077	2.34085535464
-2836.23154327	14.311317191	191.330460955	38.2590261922	0.56060615593	-1.28157695229	9.74679368237
-3590.02845942	12.667951833	369.032980911	52.5793106169	0.865008326169	-0.314977161369	2.59208614906
-3921.24744547	15.6408959037	826.423725038	67.3972084453	1.76107024219	1.61441661815	8.38731253808
-4309.63750548	21.5536227343	1194.90821651	105.858646518	2.33401527251	2.59386233864	2.33133355304
-4677.80965149	3.0977470249	2003.21679505	3.47127973142	3.61208299108	4.68849777717	1.11820677306
-4925.41909908	9.47379986567	3188.52164246	37.1017003168	5.33845921442	7.2306785498	1.28144499717
-5781.44864132	1.76769909248	-599.683289045	11.7900546161	-2.63833804682	-6.06382394574	1.14764756624
-5498.2443451	5.76517950947	618.770639479	25.0443862604	1.87887655802	1.46477667806	8.95508369905
-5222.10615645	6.81604605538	-505.970166513	28.1948061757	-1.8875911401	-5.18301473881	1.2531306045
-5029.28827539	6.77657883328	386.690971537	20.4836733043	1.06996184923	0.125576398491	1.20781203261
-4668.52675262	16.8001678403	-250.485623951	54.3866051608	-0.850910939209	-3.59891545196	2.54974219473
-4555.83571072	9.65276692731	214.399897588	40.902584351	0.57346330626	-0.8293589202	1.40534801067
-4195.86406451	11.7005897395	-215.173805174	31.2465458756	-0.699445370556	-3.60494037971	5.11471589438
-4067.94441729	4.78581117591	322.591808201	36.6029691876	0.86802557362	-0.279950121957	5.00200935852
-3807.07372517	18.7746074419	-154.026026011	20.1966105581	-0.49989451289	-3.4997159648	1.49299750417
-3661.45111689	8.74203297822	171.72738487	21.9677231086	0.479992056965	-1.21333872777	7.549890952
