-805.285578198	10.3796052664	59.4915912913	2.35886146319	0.697264818781	-3.53201091417	7.66346693938
-1501.59025849	11.070903211	96.6590514739	12.109869162	0.566435613321	-2.52917336333	2.9420449326
-2236.73310244	22.0979114596	54.0932093402	4.39979442905	0.211321125719	-3.06702524282	2.92217561325
-2866.33090249	7.17996596174	194.781324022	55.2339126938	0.570717327296	-1.25208576948	3.00279515855
-3588.78818291	8.32711320182	456.90739734	5.22179135868	1.07098477218	0.165629341473	1.51489029364
-3995.75827995	2.79162786175	530.551772054	8.2522947439	1.13058097124	0.276994261884	2.26263333514
-4394.80820988	2.7855694082	948.565758304	17.4155633252	1.85283433177	1.65825301994	1.29616671589
-4670.24531103	5.07332187543	1833.69406136	20.9174796146	3.30640954401	4.1398363135	1.09758659223
-5014.00878776	13.9193752285	2719.70443351	62.0358655745	4.55353070219	5.92248006827	1.6736192211
-5894.18258195	12.5070431986	-1333.42574086	45.1575807434	-5.86647640345	-11.4439899488	1.7701257639
-5598.40198828	6.24591563745	53.8934011471	31.9317998804	0.163645528063	-1.39390738541	6.65667107418
-5286.58905353	1.57516358636	-935.38350704	6.73068971943	-3.48957653502	-8.05846126513	1.46177648876
-5071.44223758	5.71093746635	57.7403756809	42.0209092186	0.159765817373	-1.50815885675	2.63161090923
-4721.8810942	3.48920519361	-607.913798658	10.134945556	-2.06511053694	-5.95980791928	2.4102388855
-4604.81527707	10.3854583878	-27.0734227109	24.6821970727	-0.0724142813231	-2.08520477469	1.99240386201
-4232.10824159	7.38501051387	-430.846052599	10.1253475321	-1.40051098074	-5.09207245865	3.0618560103
-4145.49479278	8.32995811604	-17.4047707744	23.8970330769	-0.04683251636	-2.2205884781	3.79297450075
-3769.70047142	13.9935372269	-257.209242369	34.161863847	-0.834777681768	-4.28110156384	2.22075641742
-3714.98780632	1.01779094332	38.0963279665	20.9259749707	0.106482346058	-2.08485194889	1.44351678416
