-813.127547349	7.41013910606	59.1214123211	4.18186485335	0.692926175841	-3.58262985497	20.9148714967
-1541.12900862	10.2361995129	123.923685478	5.07606519726	0.726210196749	-1.59713735447	5.76834091821
-2225.94531072	14.1569027057	172.14835011	10.6329430075	0.67251663526	-1.27352180845	7.42028150816
-2933.21034708	4.57133470684	351.053887773	5.83404123722	1.02860239591	0.083424408122	1.30010852545
-3642.05314604	0.781676034489	838.314941096	1.20310961644	1.96499890663	2.25163973234	1.02319702908
-3971.41734363	2.53184256366	1377.20335667	7.51018870752	2.93475583456	4.10409157818	1.25605218413
-4290.39626252	0.134292139446	2161.73944533	0.229159409808	4.22252756394	6.26588994562	1.00575470481
-4556.8384787	2.06640233276	3557.20538582	13.117931707	6.41414404153	9.71799226545	1.18899601322
-4729.35935756	0.0195884054673	5237.06805475	0.0714558614368	8.76828742234	12.9469902694	1.00038379112
-5909.88113738	5.29135531146	217.204688715	33.3713993827	0.955603407084	-0.0739934332013	1.4434625317
-5591.70921008	0.00620456831694	1640.63669418	0.0130106451827	4.98173899705	6.63615199174	1.00019815644
-5294.16639995	0.205263039932	435.362325368	1.22117297207	1.62417889925	1.12035543728	1.0159033099
-5053.70393136	9.32871412376	1369.26732839	82.4377349974	3.78871996143	5.00554820998	1.88663840109
-4764.72726472	2.44011001564	345.403735685	19.876252584	1.17335203714	0.337066096418	1.87070299497
-4583.48620914	0.137039817921	1088.73526354	0.171198126517	2.91208032698	3.71785334908	1.00868936944
-4283.95304173	5.57782533814	220.602755614	34.2484057051	0.717092752165	-0.600115648965	4.35270760435
-4126.94307466	7.62297561394	777.671355828	38.6100494355	2.09254732318	2.31756079384	5.77559634973
-3873.55768803	2.9286585549	357.574279654	5.77188543736	1.16051439474	0.374529531918	1.11942831466
-3735.83010366	8.40568630928	534.51826166	15.3460416273	1.49402216829	1.15270590997	5.32752590127
