-738.155315682	7.43083204651	63.3089464849	2.32135028466	0.742005721142	-3.01001887211	20.2718854249
-1407.05326463	9.4954416657	86.6777288723	7.38260514571	0.507943661419	-2.8703828613	10.3273511078
-2064.42661197	10.7251317306	63.9043257673	4.03611009331	0.249649340909	-2.91797395296	18.7080295239
-2735.41485132	8.41328613548	80.9028264631	9.71437662259	0.237048624254	-2.22529494228	4.08692669015
-3471.30601109	0.436409059603	267.250755294	2.14006876299	0.626432163145	-0.871648846862	1.03654457677
-3838.20095675	2.64177912113	441.66280404	3.26648695261	0.941162744621	-0.124808247102	1.42383505514
-4256.0945353	3.9659372315	683.297057191	4.25824655595	1.33468474408	0.65076177977	3.94869021427
-4604.20467753	0.110250860461	1445.65437012	0.646873758962	2.60671914004	2.88394325231	1.00738521402
-4962.0019317	0.732637033592	2236.33685718	17.1186471009	3.74424088667	4.57367990202	2.76111561496
-5643.16969988	0.33218400376	-994.542626817	0.645778002353	-4.37554238953	-8.95912975748	1.06000221582
-5413.06966622	1.33815587276	75.9228081158	5.89319778137	0.230537092884	-1.28242278246	1.81120087572
-5074.18837093	0.174722980655	-713.419469394	1.89064851102	-2.66150923262	-6.57214106782	1.09782245792
-4916.93896448	4.54618066401	-54.7138906787	7.05172662295	-0.151391627832	-2.06666369567	4.33888282062
-4553.99516488	6.06396348608	-566.444820961	9.16437073068	-1.92423855314	-5.68589611265	3.61061062599
-4413.97550974	0.488565248875	3.21665882032	5.11568230013	0.00860371587378	-1.92767319614	1.16501633326
-4081.89887179	2.34217246739	-356.503270876	7.22616218856	-1.15885185095	-4.57945418319	1.34799096292
-3969.50036146	1.00535723643	4.82123159455	3.92538667666	0.0129729032605	-2.09372651722	1.16509480377
-3615.30716755	3.68229861156	-253.267370014	6.63243762689	-0.821984257098	-4.25125056287	2.36672985038
-3570.07070135	7.41786661315	-25.8574025301	10.4384984907	-0.0722735505322	-2.50194452421	2.18417394076
