-825.621449824	1.2165257987	62.743739249	0.391592349775	0.735381270319	-3.08730633012	965.703743183
-1568.90526243	1.43284374027	99.0989997053	1.06560084604	0.580734052544	-2.44576422565	940.232371989
-2276.93657172	1.44002907228	138.605961842	2.04171928081	0.541479572853	-1.7831005372	919.853205293
-3002.00311523	1.43820052858	239.256220398	3.2362945341	0.701030611279	-0.872001925372	895.949174582
-3782.38538827	1.49243776171	586.501088573	4.70399864952	1.37475063522	0.874408679817	865.533228822
-4176.64127014	1.93132230476	962.975815717	6.39050233832	2.05205635031	2.23166951092	821.802981704
-4552.98215709	1.9130940052	1591.44841032	6.81474118901	3.1085775826	4.09992306109	803.865573323
-4898.38704798	2.24665144824	2551.25428093	8.79599107872	4.60027203087	6.46222477296	779.318473404
-5164.57780418	2.42398827335	4061.06366144	9.52276202589	6.799333721	9.66544016369	745.580744968
-6102.9054984	1.09898896221	1.30969289623	4.87602015973	0.00576206251014	-1.65704333559	657.367032789
-5809.68738406	1.99851126547	1283.21494493	8.22762737714	3.89643969043	4.82734152963	642.322966829
-5503.97355049	1.37555302146	24.2015644374	5.71058949369	0.0902872572972	-1.63286778659	681.955546621
-5292.63200451	1.61082757237	905.148546872	6.22368437166	2.50451777859	2.70049928916	742.671362436
-4955.65258822	1.23232193874	10.1550187007	4.57244458831	0.0344970556155	-1.87732612729	777.440809883
-4799.68767033	1.73852958344	614.514041137	6.23805263537	1.64366334937	1.25154048465	767.098333319
-4442.53719037	1.32929633568	22.187234588	4.93736847064	0.0721219690544	-1.96825684376	786.235000707
-4330.97480392	1.54514953199	401.581328749	5.53379751371	1.08056948249	0.170907630116	808.29758154
-3969.87482868	1.36620390234	21.7043336317	4.31735792958	0.0704418439496	-2.16894554315	824.395795155
-3884.68684092	1.41438048005	258.093371233	4.5071957312	0.721392037972	-0.650078204999	847.593175324
