-789.568397546	10.2935180114	58.2981767491	5.28667270699	0.683277531562	-3.69520057359	14.4695783356
-1486.04979142	8.14601165427	133.122529386	7.54689049044	0.780116713642	-1.28267673265	6.58224096422
-2152.94024706	10.977054	203.303833455	9.46816667114	0.794228988681	-0.800205136131	5.92041929555
-2838.45459469	6.58560921344	416.286130624	12.2402641262	1.21973556271	0.640901179121	1.60754392985
-3520.19477293	0.809276957115	959.929368945	0.92746831834	2.250061484	2.91677854337	1.02502746487
-3830.55744142	2.86138195029	1532.20601437	6.94805560897	3.26505923664	4.80474609308	1.37191336443
-4130.15235555	0.123648257802	2359.79466043	0.154037393911	4.60938899017	7.01810418519	1.00595017249
-4370.0482104	2.8252519655	3803.23623791	21.1751889739	6.85777243878	10.5142727671	1.33298124528
-4518.28310897	0.0125750116171	5553.2072337	0.0453845927994	9.29759106275	13.8291524127	1.00024222458
-5728.49124278	1.68250354627	448.1662362	9.94913337953	1.97173083503	1.61953194851	1.10918559642
-5399.16276298	0.00446891417927	1912.97025455	0.00912177362942	5.8086708356	8.01435517671	1.00014111602
-5126.1069657	0.840760070004	648.415782648	4.54006080916	2.4190040588	2.54700842133	1.05767174788
-4888.39899728	4.43348345922	1533.29756804	35.6943709058	4.242586515	5.82020545281	1.2609951663
-4620.02168242	5.40694809259	472.694333052	46.4137112627	1.60576392589	1.1778487592	3.11570991464
-4428.5258642	0.179168512498	1275.40120501	0.16302975272	3.41136259888	4.68865893736	1.01213311851
-4155.10974879	5.143400576	327.379106188	34.6249917112	1.0641806518	0.136142901254	2.62626837777
-3996.60868432	8.47578863364	887.399480306	38.0323166181	2.38780224216	2.94386888127	3.35836621425
-3741.52318912	9.58601816836	447.935449791	30.0835292666	1.45378335908	1.05881637187	1.85758000815
-3610.5290496	9.52762022989	635.628694078	12.5821084457	1.77663407946	1.81212656178	4.63561672741
