-836.986173842	6.73900396001	62.7828290507	2.90036183111	0.735839418149	-3.08196112006	20.5092019553
-1587.33283164	10.0309798888	101.210187684	3.8803631677	0.593105910526	-2.37359369083	6.59008367299
-2285.24010594	10.1251214127	156.627035839	29.5537395833	0.611880898457	-1.50932289487	11.5444999008
-3016.13487111	4.07431028982	217.779441477	5.39559748753	0.638102761669	-1.05554314427	1.22897800952
-3758.53008356	2.14211752518	588.802219362	5.99290057549	1.38014445473	0.886994122387	1.0680486834
-4113.89092695	3.04552730981	1044.43646742	10.8085042604	2.22564518285	2.59989399331	1.2435184514
-4461.69128413	0.32443359708	1717.8499609	0.988192053961	3.35547784276	4.5799964901	1.01201112653
-4770.54482606	1.28097250503	2964.81690042	5.66536208958	5.34598388158	7.80072296249	1.08399364388
-4985.86758487	0.115041877458	4461.7031396	0.428153322749	7.47011402413	10.783393914	1.00241733283
-6057.94017212	2.92531806375	-152.87471247	20.7184516861	-0.672580306427	-2.78760037764	1.50859103333
-5783.14865268	0.0700654379658	1062.23524129	0.232894674737	3.22544213739	3.70902570045	1.00188291309
-5448.34157425	0.00395352753229	6.49180898863	0.0478319808004	0.0242185842984	-1.75145621871	1.00125583448
-5210.59809693	1.80188078861	1041.6290817	21.3631849131	2.88215515875	3.37833074532	1.18298952703
-4896.68479704	2.67178766202	36.5190926294	23.2140136049	0.124057001428	-1.70318556437	1.79640035281
-4734.71063492	0.155282635141	701.083258876	0.291524006468	1.87521322595	1.70176659282	1.00890023614
-4398.25424654	4.64525985494	23.2742334676	25.5813983814	0.0756553746819	-1.96076162394	4.22031576215
-4236.42235315	4.59514334357	615.684726919	26.2861639758	1.65667594361	1.39297071064	9.62339461199
-3987.14071308	0.780376813648	124.369932102	0.503763183756	0.403645073737	-1.39147975954	1.01677362392
-3848.22404671	7.78528749487	336.678131604	18.9755861513	0.941042857236	-0.137565176749	5.09105984579
