-775.965982526	12.0605371489	55.4102674963	3.86155528951	0.649430100721	-4.09009849944	1.68230259627
-1360.40280261	1.7346137477	172.111721947	5.24305721731	1.00859885644	0.0501609433948	1.9035023393
-1973.74280229	5.50483011034	380.102264937	3.44628427595	1.4849116829	1.88573121519	3.30471314893
-2579.03687381	4.3298669885	732.846719939	8.08464622106	2.14727116895	3.34623779554	2.1899583462
-3163.46350857	5.3088248958	1579.77261657	55.6560587208	3.70296568998	6.30685164605	1.97941134222
-3410.18772518	0.326118921962	2397.21274857	10.277743962	5.10834806384	8.71481371854	1.45483774573
-3628.28440087	0.0817080100271	3550.89584173	1.06473886825	6.93596797744	11.5419096748	1.02041071177
-3751.41677024	1.90491942053	5303.78430603	48.5539504731	9.56347267429	15.3708066457	1.97158780433
-3781.64198344	0.000129839180199	7617.26110839	0.000447755889097	12.7533830134	19.5887365173	1.00000214333
-5230.85875763	2.02100599328	1775.94161916	13.3182166801	7.81334819288	11.3554439942	1.36557109158
-4831.68791006	0.000110365625166	3471.18399543	0.000222054422495	10.5401352641	15.9000345531	1.00000304656
-4711.08273629	1.28715468121	1585.83648013	25.5339538615	5.91618061235	8.82418435857	2.17098355469
-4390.99907274	0.00680768954416	2774.96106946	0.037897607671	7.67823066983	11.9869352382	1.00038450125
-4239.66441878	1.82727260735	1245.42887862	7.9458459087	4.23077795884	6.28193203229	2.66080152236
-3979.57127	0.855219896396	2305.00200793	18.7473009755	6.16527380506	10.0433701681	1.26178091895
-3813.86512324	0.246685808222	1011.80925044	0.582474666532	3.28899373013	4.85551702315	1.02676741114
-3629.46689495	4.98404094728	1630.78430198	5.2930603954	4.38809183367	7.18697362855	1.24718046134
-3419.59132768	1.53920068045	845.797118465	3.16313514139	2.74505127146	4.07174220696	1.07026555178
-3283.08509856	4.4727325868	1138.27887349	32.2226533617	3.18158235681	5.09030370938	2.79937706919
