-813.581975511	3.71429874168	57.8565897511	2.51621500092	0.678101958486	-3.75558397706	3.17835618847
-1521.64657472	10.0032765995	46.5408566025	5.08139088029	0.272735954389	-4.24245373646	8.15741321575
-2239.09428087	10.3758497194	-24.2451667155	3.08513967565	-0.0947164345775	-4.25714831228	6.7475848564
-2920.51135047	13.7973805192	-95.0392538218	9.29299373577	-0.278468940499	-3.72890141835	4.10757047914
-3709.12312775	0.087286184976	-37.2136689106	0.317515605509	-0.0872283376286	-2.53683864957	1.00603620237
-4111.36239051	3.01281947012	53.2275952184	2.26597477096	0.113425511832	-1.88064190082	1.27491340293
-4566.95411018	3.84491738479	196.219404416	2.9914983138	0.383275535595	-1.19916045528	2.51611323984
-4971.92332501	0.0160083260564	805.770808768	0.108317890828	1.45291864577	0.812955817713	1.00134485914
-5383.43075149	0.887681987274	1445.95256412	13.0861979641	2.420920933	2.368173124	1.91680521547
-5996.51066717	0.168395114503	-1608.28027049	0.228815802522	-7.07571330582	-13.4593605907	1.02517720981
-5788.46065059	1.07847578883	-598.047872665	5.21001368311	-1.81595256276	-4.6931979273	1.62093114811
-5393.90658806	0.0472041635407	-1229.52929273	0.397432524766	-4.58692775396	-10.0281263823	1.02162734634
-5254.37247312	6.17148717977	-603.656599178	9.00676523426	-1.67029896919	-4.79299119675	4.02610358043
-4844.41966722	8.33431836207	-984.395157682	6.38876827725	-3.3440346594	-8.44655090011	3.12096387223
-4709.89159637	0.198872179104	-448.357126632	1.54018354638	-1.19923732761	-4.27620207608	1.04680748652
-4339.98436696	0.461648012556	-701.674672485	1.1005355233	-2.28086825397	-6.95952612196	1.04529366446
-4232.67791109	1.31366536226	-361.212314744	1.84827900859	-0.971945098213	-4.18297912618	1.08338456425
-3841.8694968	3.35973916756	-529.869468382	4.96444421752	-1.71970183645	-6.34590223161	1.8431584199
-3809.80017274	3.31786400607	-309.352572422	3.20720433981	-0.864665689032	-4.35083949226	1.22115907933
