-782.7881381	5.33156112647	53.3365623914	1.80562770433	0.625125462321	-4.37366067992	2.27677175308
-1453.6514858	12.2580139803	34.8480395259	6.11136148146	0.204214404558	-4.64217032752	5.33005658722
-2146.87952747	13.5674422529	-63.450597317	2.43931916668	-0.247876800362	-4.85276044718	7.89286624553
-2807.02612682	10.819292577	-163.693529422	7.56745288126	-0.479628804642	-4.31562298737	2.31611610392
-3586.44169627	0.012192799945	-191.113639895	0.0537977294958	-0.447967792324	-3.37855492887	1.00120208378
-3979.24205136	1.11632750125	-154.730804109	0.747394927174	-0.329724094808	-2.82067088845	1.1379755086
-4425.07556296	2.14565755797	-77.4184097061	1.54666625752	-0.151221447916	-2.23843760916	1.73065556347
-4837.09501931	0.00271356593628	396.198637921	0.0216010027566	0.71440213793	-0.512627258036	1.00030583361
-5251.744376	0.974766684621	899.777210666	10.7767283121	1.50647368274	0.844112670607	1.70700347853
-5778.99506993	0.0527785103357	-1850.44425271	0.0616713929831	-8.14112643227	-15.235027817	1.00859155399
-5599.18932526	0.66714790206	-940.056666386	4.07937307769	-2.85445094029	-6.42400777736	1.44131631335
-5199.36844739	0.0296011597398	-1437.68972705	0.146938795822	-5.36349881989	-11.4220146044	1.00993684462
-5075.52561757	5.9583343874	-870.385445897	7.39641756499	-2.40832936318	-6.11770173373	3.30042411202
-4663.57422699	8.67873243917	-1146.21845675	5.8299190822	-3.89375569018	-9.51542972622	2.87345718916
-4550.19268327	0.0955555728172	-666.930574956	0.512381532789	-1.78386378381	-5.412951091	1.02140801245
-4182.91337364	0.351891666719	-842.729772635	0.551066197354	-2.73938287992	-7.93214808346	1.02780063941
-4086.72398988	0.366901526085	-530.523040722	0.671207278288	-1.42752405683	-5.14937381735	1.03444502964
-3701.25833938	3.64120715363	-640.312945819	4.18995376282	-2.07814832622	-7.18226831733	1.77210440019
-3676.71646133	3.22562589212	-439.88558668	2.26275948364	-1.22951611788	-5.20214794072	1.2058533678
