-648.176187132	4.93796086947	71.3804313415	1.97025744204	0.836606694215	-1.90630945836	33.3882111991
-1269.84852399	5.90500437399	122.738612335	9.47495535158	0.719265501738	-1.6376488406	3.27033963687
-1856.52199021	10.0176505072	140.220859714	12.9969774891	0.547788350616	-1.75856687555	7.42338697916
-2456.4270013	7.85779087833	268.892112218	35.6417559567	0.787864998798	-0.618732674533	5.89427219789
-3079.00779444	11.3711870161	561.613997782	6.94400683558	1.31641563032	0.738295142374	2.07000252389
-3420.83208778	9.68425624453	675.683835168	13.6217915475	1.43985059866	0.93303098271	4.06052196208
-3738.81586221	21.7540956672	1135.55904735	52.7817630814	2.21808848808	2.36845403458	3.78080654098
-3997.58996088	0.418849657713	1905.61829469	2.2826873743	3.43609910158	4.37261957668	1.02698530207
-4268.34547907	6.51433299024	2812.40776486	29.1144545413	4.70874148919	6.18116160767	1.38319273822
-5011.25835113	4.40405276499	-640.760590523	21.6414115997	-2.81905978666	-6.36502322944	1.39215192875
-4761.81357954	14.5922442285	541.764820357	61.2382353981	1.64505093807	1.07507199007	2.97242995588
-4559.07653878	4.147367752	-617.622709921	13.6072121938	-2.30412627528	-5.93066481811	1.79366573058
-4343.37019047	11.3172945452	364.912903279	40.8696949338	1.00970261407	0.0174154820739	4.84402132391
-4065.53265504	8.17817411357	-349.939516483	27.722331947	-1.18876028867	-4.25583049767	2.44784307398
-3932.14530866	9.50382990835	255.343338429	26.5730791861	0.682976236157	-0.616421729519	5.99865823584
-3624.91528434	6.20679346072	-183.804956712	15.1438783973	-0.597477587728	-3.38864170714	4.65052239507
-3554.36423243	7.36369720739	186.754344434	15.0506552991	0.502516005776	-1.05528554793	4.86067663213
-3220.79170901	11.0868599524	-24.0855898455	26.6353150943	-0.0781702580747	-2.51570335949	3.1187483717
-3189.91164022	8.25455995495	166.071859716	20.1072674481	0.46418440256	-1.2502228553	3.12481059001
