-805.412597387	3.87739733138	63.1720975419	3.10373459767	0.740401797774	-3.02873184368	13.05893295
-1521.0954868	7.67001923351	76.7166289019	5.282370868	0.449570216977	-3.21090105271	17.1988027192
-2224.12030708	9.25665454547	54.4486434429	4.65200037476	0.212709668488	-3.06162545862	16.207270419
-2917.24406914	10.8631047988	55.495828034	9.61245885757	0.162605069099	-2.44242393901	7.62950712026
-3685.06582441	1.07096576555	256.343856778	3.99708492314	0.600866540243	-0.931301320986	1.06571223547
-4077.90283804	6.12672678894	438.503082522	6.27017724118	0.934429526091	-0.139091054768	1.66189209572
-4521.69073455	5.25119734971	688.385098765	6.29106714762	1.34462322017	0.670086175348	5.58190828007
-4887.01079932	0.20967570726	1501.24598206	1.187840115	2.70695867297	3.06386587689	1.01282960685
-5267.08914088	0.838474226855	2335.57723264	18.3748379616	3.91039647734	4.85060256188	2.78987256003
-5989.93142863	0.635508611516	-1069.14535421	1.2464280498	-4.70376099706	-9.50615420275	1.10234224679
-5746.20822644	1.89540799283	56.4477866205	7.67128012279	0.171401834972	-1.38098036242	2.03563791677
-5385.84291138	0.173881616234	-772.645600057	2.09590355621	-2.88246044062	-6.96873231362	1.09740035307
-5223.51385575	5.32009971301	-79.2793295477	9.39986742261	-0.21936343047	-2.1886681062	5.1854420012
-4840.59230899	7.00884659429	-622.807399357	9.3969679071	-2.11570476889	-6.05818345929	4.40665300402
-4685.79544418	1.10697954561	-21.0713039925	7.2925274577	-0.0563601932215	-2.05398916917	1.1996830499
-4333.81910016	1.29978210199	-395.23349117	5.85165958332	-1.28474855694	-4.84651196977	1.22525120416
-4215.11481518	3.21292930233	-20.40424368	5.81887134521	-0.0549034565489	-2.23770892145	1.2485264019
-3839.96225049	3.48909428864	-288.417982925	7.66219118318	-0.936066266314	-4.51743903514	2.44674159446
-3793.56822152	5.6213370048	-44.8613483144	9.25986828787	-0.125391130086	-2.62588420103	1.63197335139
