-832.267033508	0.43881887431	66.6885116596	0.171792302588	0.781615552514	-2.54789102773	1.01747090725
-1404.00505346	3.84514145828	258.683315429	3.16906052963	1.51592054956	3.0095933883	2.20245452992
-1994.70713282	12.6516116305	619.47229344	7.10352164669	2.42003726527	5.52226042861	4.27352495001
-2595.46663076	3.48484725902	1224.45166937	0.232846486021	3.58769398276	7.54750894364	1.83779459868
-3129.67244525	0.0877663779045	2383.09648553	0.411485375053	5.58594599584	10.7004247815	1.00424604696
-3316.37620146	0.0343357021256	3723.01730325	0.186644483154	7.93357545927	14.7078138444	1.00353833013
-3450.00028552	3.55855720733	5379.66714357	23.7269788368	10.5081085732	18.487587997	1.46989731771
-3453.36954513	0.281127750684	7782.7137348	4.39987084435	14.0333327752	23.3938783548	1.03868630985
-3327.92114257	1.05367121277e-08	11036.4326172	3.16101363832e-08	18.478013326	29.1296724951	1.00000000011
-5264.09979464	0.047297980631	3551.56363569	0.2318178364	15.6252902772	24.3751911601	1.00337284414
-4715.65478514	2.78775199262e-08	5786.69824223	6.05288029062e-08	17.5711176031	27.6181977696	1.00000000062
-4732.86348748	0.140531682428	3087.938579	2.27795485234	11.5199786246	18.8825916197	1.03307482838
-4303.594704	3.16125281263e-05	4647.9581306	0.000172588085509	12.8607550799	21.2891872186	1.00000141379
-4265.77077507	1.75800195177	2489.67647999	5.10032897024	8.45754306572	14.500463747	1.69334810669
-3933.81129077	0.833892485244	3589.07513413	4.37525214952	9.59983151107	16.7215320056	1.16272141838
-3847.40289494	0.0291594891058	2008.9474827	0.0526149714292	6.53029775316	11.7311177091	1.00265827467
-3602.67578023	5.70258886025	2783.67795424	0.722405913797	7.49028211994	13.7674799645	1.25033947666
-3456.56128791	0.0252859945335	1641.42897755	0.0364630752901	5.3272902017	10.0969011307	1.0009279892
-3300.54626501	6.39798624804	1946.63858812	12.3146179574	5.4410137369	10.3622531727	1.47489246363
