-894.531526208	0.634233322964	53.3455887554	0.286537164	0.625231254854	-4.3724263986	1.03038785573
-1530.62153358	3.14813273473	205.198669795	1.97593313885	1.20249301649	1.18123157553	1.99429209946
-2232.60658404	13.7673812615	499.345664236	4.60750482001	1.95074925626	3.69728677112	4.62047910263
-2871.56526088	4.4770025187	969.588130426	3.6190458489	2.84093328328	5.3694372336	1.91111367368
-3493.86157756	1.0259124989	1972.71141916	35.3657026284	4.62400893951	8.45592928913	1.28608872011
-3749.02218668	0.212087758799	3134.8011823	2.89650934235	6.68011446195	12.0489156874	1.06612644277
-3956.67215968	0.727026529015	4625.37945964	6.05933942288	9.03475777537	15.622801345	1.08856364971
-4045.9629477	0.35570878424	6811.60275136	30.0203702844	12.2822824274	20.2508711488	1.29413673877
-4017.17968744	8.29661542599e-08	9767.4013674	2.69047470171e-07	16.3533071679	25.5885380779	1.00000000107
-5827.08222114	1.41950991654	2621.5337583	8.2596972983	11.5335751085	17.5557477495	1.14783170399
-5318.61914052	1.42926917175e-07	4746.99218771	2.97463905479e-07	14.4140845954	22.3565392586	1.00000000323
-5240.56610123	0.507714739392	2317.95843695	18.4357745739	8.64746204082	13.7266346061	1.39043790346
-4840.77086401	0.000182042510442	3794.04544774	0.00106816296421	10.4980053379	17.0482243736	1.00000919559
-4718.92484002	1.8691909219	1848.39016215	6.13288532886	6.27906457898	10.2646252085	1.88957369901
-4406.33940897	4.33493263348	2947.23296002	37.2315567074	7.88307259747	13.3834620582	2.6073273564
-4248.54285326	0.0403245635064	1488.70438751	0.0440219606725	4.83919216436	8.14386805162	1.00344235896
-4023.85456214	0.921271593697	2229.71209267	0.295215474719	5.99967844515	10.605544035	1.03032832095
-3812.98778061	0.0307046217664	1222.0505105	0.050233342758	3.96618909476	6.92103293953	1.00110642691
-3665.96107002	12.4227638662	1536.39489301	18.003903963	4.29434912529	7.68673138565	2.36141012972
