-828.711090845	3.43240326243	61.7255971595	3.23626002125	0.723448245094	-3.22652891787	6.67692702757
-1559.47004774	7.91588142391	63.0194120627	4.68844180299	0.369302603104	-3.67913764497	13.4941115543
-2282.09477613	8.95183258719	25.0506196695	4.53307659256	0.097863025934	-3.50824266019	8.65155384307
-2981.07936052	12.4128445001	-5.93396160968	8.88600820029	-0.0173867526939	-2.96740482694	6.96490695925
-3765.84275228	0.603932617809	149.41662131	2.06030779184	0.350230543573	-1.5161123136	1.0345799916
-4171.61398474	6.979348508	300.179231339	5.85638064351	0.639667879344	-0.764352790835	1.58496281945
-4627.66502362	5.42872846624	516.172893422	5.79365184332	1.00824096768	0.0160237563578	4.54976546719
-5013.14049235	0.104208586122	1272.94816363	0.613127708577	2.2953054416	2.32497845759	1.00682987444
-5411.7657056	0.788842938949	2055.26487328	16.7593213499	3.44107675316	4.06841241213	2.37283262675
-6109.90008425	0.491704346757	-1286.29795421	0.817316751897	-5.65913523712	-11.0984254869	1.07332757117
-5874.19613281	1.75961965905	-182.429748401	7.22588773257	-0.553941890399	-2.58987205808	1.92445799785
-5494.47472216	0.106123119154	-955.276881474	1.21405328809	-3.5637914983	-8.19167169203	1.05677549939
-5338.58132684	5.72559378898	-273.347527379	10.1215378912	-0.756344076803	-3.15250906199	4.72442619541
-4939.22034673	7.25857934106	-768.690634161	8.56352793965	-2.61127668389	-7.02177462117	3.58781133645
-4786.42946397	0.858395725575	-179.678843957	5.07146899674	-0.480593624716	-2.878869621	1.12969998884
-4421.38871522	0.740089629338	-516.591817849	3.10918258357	-1.67923672294	-5.68331810875	1.11103993467
-4304.74522838	3.40113263027	-149.457272006	4.78308274082	-0.402157559389	-2.97432002942	1.20661943091
-3916.63106439	3.23617916008	-385.402887347	6.81701223699	-1.25083269124	-5.25188607328	2.16951603283
-3874.94314305	4.13049080906	-144.352432235	5.87825195607	-0.403476830028	-3.27474380768	1.34303896757
