-685.306135628	17.1880155114	50.1943724625	1.3213397467	0.588297762074	-4.80332940456	3.82177574748
-1286.40402935	9.19189881091	37.7034256598	6.7146571495	0.220947368221	-4.54455952902	2.56337097181
-1887.92873096	15.0438475145	-66.5791242898	6.98890786079	-0.260098738195	-4.90028928696	4.40259616112
-2530.21644934	2.84508835423	-184.435811402	2.63130243706	-0.540404547868	-4.49288717263	1.31992962326
-3252.42806752	0.00094773157571	-273.779414054	0.00932997281576	-0.641735251158	-3.83067410346	1.00026634169
-3612.61581927	0.350216064525	-282.182784165	0.222167888447	-0.601318293504	-3.39678878594	1.06795756152
-4021.41170951	0.802300106302	-258.852230162	1.5172227652	-0.50561628933	-2.92752374715	1.35734934109
-4410.99252004	0.000416645454479	78.5522831811	0.00407391094113	0.141640868172	-1.5406918139	1.00007083949
-4800.81814328	1.0121994142	442.271293004	9.02345839698	0.740483372597	-0.432522519709	1.6375232811
-5224.91663947	0.011206939017	-1907.48540897	0.0096820691447	-8.39208198754	-15.6532820545	1.00226800176
-5079.60338702	0.379649833277	-1127.3850516	3.52882915443	-3.42326737915	-7.3720237941	1.30520639363
-4701.77033478	0.0292356615426	-1492.09501706	0.0641701443945	-5.56646522027	-11.786324437	1.0067238168
-4595.75878636	3.46033783392	-1001.52633089	4.76483019609	-2.77119209892	-6.76901378458	2.03529273216
-4207.10085212	4.25774487023	-1177.83767276	4.84349160673	-4.00116759018	-9.72428166958	1.75398613585
-4123.17647687	0.103057616538	-773.759564993	0.206284289581	-2.06960321989	-5.96854350224	1.01533582464
-3781.84610296	0.586846408418	-880.11895857	0.645448847174	-2.86092041089	-8.18995899085	1.04384344602
-3701.45285746	0.100093760856	-606.392244722	0.284010818845	-1.6316718611	-5.58242137264	1.01850488954
-3344.54407367	4.02372779572	-667.909857374	4.44930437556	-2.16771464832	-7.39125413913	1.94844132336
-3325.54071402	5.48345954669	-492.849077367	2.75367844675	-1.37755339719	-5.54756451856	1.46329804945
