-691.782424625	7.49465261515	65.7679474334	1.15658684766	0.770826178177	-2.67377064226	36.5915858177
-1339.06041794	10.7067610281	104.519360944	7.1065499095	0.612498130467	-2.26047027103	12.1506754809
-1973.57520806	9.58493183465	120.427769405	6.23621857001	0.470464446628	-2.05926513582	12.6505352117
-2631.01344447	6.18143093964	189.136115173	12.0524433633	0.554176632122	-1.30032989942	5.83889847076
-3332.52645922	1.71082207188	466.964651907	9.62225567	1.09455884114	0.220634906715	1.16568092852
-3677.58805519	3.13471835809	703.887008561	5.95585076751	1.49995023991	1.06051705982	1.69624390725
-4072.52082531	3.9696219181	1012.43364744	6.01436232954	1.97758753592	1.90082343463	6.2664633555
-4383.29919187	0.452999618879	1886.02273033	2.47354085548	3.40076552963	4.30919840129	1.0265780603
-4707.52575482	1.05539108566	2775.09382366	19.5217906803	4.64626772373	6.07703991527	4.22281911865
-5438.59587409	0.650041907277	-584.876096315	2.09187465437	-2.57319302667	-5.95525021564	1.15353406649
-5192.07925933	1.64114497754	531.470242507	7.18780258966	1.61379179331	1.02297404091	2.04059356677
-4888.7363823	0.372838237653	-371.180258522	5.49321641166	-1.38473889122	-4.28043175841	1.30222866777
-4719.03447804	3.63905549773	315.508838204	5.95669090987	0.873003107958	-0.227950125658	5.16307360439
-4387.92079327	4.30610423997	-291.03359786	11.5581166207	-0.988654231687	-3.86674382404	3.79794222363
-4240.86363124	1.006202983	303.456235857	11.3424556726	0.811665575766	-0.366197884056	1.42412063132
-3930.23070389	4.07501151701	-138.202203981	15.944625867	-0.449240983106	-3.07419551722	2.47099913618
-3815.82020435	1.08448385875	247.912195191	8.29776784533	0.667078704318	-0.70620770921	1.34343496234
-3484.72037087	3.66352182764	-70.7559851244	7.69629071323	-0.229639948741	-2.86912881044	2.72038689048
-3428.95900434	6.63059281457	154.23225634	12.5183310852	0.431091744783	-1.3274382206	3.89213551979
