-910.164469451	4.02975824465	56.9486482855	2.53228283802	0.667460527861	-3.87973753251	41.3082371251
-1726.2115194	9.13850470756	82.3416960619	8.30705832758	0.482533900338	-3.01860926751	10.5076285267
-2474.62455468	8.2617739382	134.016760005	14.7848575582	0.523551346554	-1.85282006997	6.86357417296
-3217.46140439	5.03918615929	347.169162818	9.88568127103	1.01721999128	0.0502254281535	19.8922701223
-4056.77713975	12.2116446739	812.540517138	27.7607757647	1.90458400477	2.11067315452	3.59461613374
-4457.03034016	10.0170847855	1286.50739078	26.9302595154	2.74148698014	3.69412094334	2.1725793188
-4871.4150735	6.40719924904	2100.14124051	13.3444148093	4.10220773618	6.03193979809	1.18695443657
-5116.61602539	4.53751493474	3576.02616627	13.6107369325	6.44808056858	9.77890584751	3.80006464166
-5402.42627837	0.637646814951	5387.8885882	1.97348579821	9.02080233576	13.3678434059	1.01379901074
-6457.02576728	1.24450620634	873.450251877	7.91487257671	3.8427901421	4.73792668922	1.18045518428
-6074.57989218	2.67372875231	2475.69914809	8.59521301901	7.51737848773	10.8621670743	6.13075403937
-5847.32721433	2.97765546472	670.944869629	11.7405462653	2.50305190944	2.69786816132	3.14348184761
-5571.32698283	5.45826054933	1769.82177888	20.7535468344	4.89704162424	6.99490447095	6.31693992697
-5255.70988432	3.79503642771	519.419713688	12.0993368164	1.76449214708	1.48648027451	7.95438362417
-5108.87169928	10.9610547134	1138.15940292	27.7432046178	3.04427689375	3.97489665502	2.55105998257
-4785.80968922	5.82439191299	219.441813889	7.65838504388	0.713318987443	-0.608120729366	2.06505385117
-4631.26602299	6.36057621313	697.033952122	18.6393127458	1.87556931311	1.85729722576	1.49028821114
-4267.20614153	11.3540635735	188.322660608	29.0779793388	0.611204918606	-0.907178699366	2.23818825566
-4150.13432557	5.32013772106	505.016414757	9.72388856863	1.41156209828	0.960301163509	12.9760724243
