-887.993255419	5.70298557682	57.8090908897	3.23724984346	0.677545253172	-3.76207905714	20.9118800766
-1688.46590041	11.5311431952	92.4063133422	7.05864206052	0.541513970751	-2.67455235776	7.59113648299
-2420.69973295	10.2074428588	163.706227954	13.4953120736	0.639536548124	-1.40177522445	4.9511216733
-3140.33295021	4.69891821855	411.532542219	9.51377118432	1.20580735227	0.600276865154	12.921415484
-3958.02665926	12.5945565249	935.745626115	24.6029123636	2.19337511723	2.78451178656	3.01871856269
-4342.51928186	10.0699723416	1446.16084466	19.4922599422	3.081701011	4.41579833223	1.84798365471
-4735.88599941	5.36237423012	2322.9695201	10.3315973565	4.53745841111	6.8782422032	1.14366326193
-4957.78284718	4.1303347698	3863.65793481	11.2319123324	6.96672129754	10.709827994	3.04652878728
-5214.65089073	0.311638250325	5766.08409769	0.963295427996	9.65400528336	14.4231689823	1.00632264283
-6298.86879288	1.05594109094	1165.32630301	4.97877736528	5.12691412008	6.87810762534	1.10089982349
-5904.68821478	2.47651599274	2796.76078996	8.09375411992	8.49227153226	12.4869693087	4.98461492724
-5706.41846904	3.1147694108	911.451174376	11.2101161564	3.4002936838	4.30835147256	2.74478138569
-5422.73373304	5.99195346336	2027.26159906	21.0566706652	5.60936957171	8.27348099771	5.26623263995
-5130.21105833	4.03435579481	712.267577067	10.1768038221	2.41960501928	2.76028323748	6.74996092412
-4979.11853941	11.1141169922	1345.12379127	27.2892275293	3.59785216947	5.05126968379	2.41540867926
-4676.73346525	5.69929450539	373.852978623	8.5684716069	1.2152489238	0.456595752075	2.08094382993
-4521.82103393	4.73829534854	851.620515791	12.5196906241	2.29152869953	2.73964908855	1.28736952202
-4171.79048628	11.4032379312	306.697622442	25.752336726	0.9953931978	-0.01074908873	1.98599373574
-4049.81772448	5.6647218163	628.954718547	9.15069712891	1.75797977312	1.76860031835	11.6114567025
