-722.148218151	5.77181145536	65.2424516452	1.34933454463	0.764667161119	-2.74562788522	60.2886008249
-1388.59363174	8.90213258511	101.773363186	6.806943866	0.596406198042	-2.35434165	19.5725895229
-2038.39657249	8.8313510836	114.993068832	4.93592252323	0.449233185679	-2.14182955512	21.5743935809
-2708.14176062	7.08831847084	181.065379909	12.107506695	0.530529044335	-1.36930265335	7.54235182721
-3425.04960531	2.46202272482	465.333029593	12.2071639785	1.09073434045	0.211711168424	1.21333294064
-3780.19037192	4.10219967833	708.921921808	7.29941845945	1.51067940417	1.08327624828	1.81673915022
-4186.56642761	4.3625023946	1022.9019538	6.82650199922	1.99803528795	1.94058209032	7.46189713967
-4504.10351288	0.631772811203	1922.43113974	3.41057451114	3.46641503731	4.42703446235	1.03572393143
-4837.55698426	1.23437819654	2833.10069758	20.5362000451	4.74338713056	6.23890365006	4.35150232565
-5588.48008258	0.874210164723	-607.568518457	2.684820074	-2.67302952671	-6.12164238476	1.19537441564
-5335.39145878	1.89712852644	535.00181963	8.07069951644	1.6245153103	1.04084635468	2.17334970729
-5023.37532113	0.405925645113	-388.3995062	5.80936834599	-1.44897765767	-4.39573564221	1.30966867295
-4850.87830481	3.99153362643	313.390824232	6.63503637622	0.867142629404	-0.238469255705	5.76879281739
-4511.12982344	5.0509926694	-309.982580977	11.7739173389	-1.05302478025	-3.99190606549	4.61217155981
-4358.14089378	1.3923892287	300.097840456	12.7966821216	0.802682751837	-0.383664107392	1.4601213621
-4039.60705995	3.599907649	-148.608515025	16.0529529097	-0.483067805466	-3.14595050268	2.24909783043
-3921.60708617	1.83266911823	242.705076865	9.21007157819	0.653067462381	-0.735928989284	1.38103900186
-3581.89084988	3.78649044771	-81.7845610569	8.58802958291	-0.265433409992	-2.95264598228	2.89647839067
-3525.40808773	6.92168239246	150.162698757	14.1458701117	0.419716999186	-1.35397900625	3.60771452427
