-900.642457949	3.0560354442	58.2029580638	1.60247744032	0.682161531168	-3.70822094855	116.246162753
-1709.73482526	6.81542514265	83.0559055166	7.24996044887	0.486719268023	-2.99419416149	29.6883421283
-2457.02055457	7.2509562684	121.643289367	13.7088721879	0.47521301026	-2.04079885632	16.337791959
-3207.64000425	4.4946448776	292.865868722	9.26012777104	0.858109095894	-0.413852207754	36.9483357005
-4043.52554462	12.6493633244	709.707432004	30.9504933995	1.66354464122	1.54825406338	7.12034198762
-4453.78242149	10.8754519631	1138.04447153	37.6762546531	2.42511945432	3.02302783943	3.91178809632
-4877.53615102	13.0485687315	1865.65791736	30.2544990776	3.64419125439	5.14137150621	1.5262789417
-5143.61129483	5.47895314087	3237.42066996	17.7712244119	5.83752700447	8.6830068895	6.20827678952
-5452.40989033	2.85306690467	4912.16574827	8.77357227248	8.22431190442	12.0403752905	1.06512909654
-6453.43211423	2.51877941525	582.176345913	15.929986876	2.56131533334	2.60216098211	1.48867509387
-6091.00761167	2.75774266264	2118.21231777	9.11468033138	6.43188156457	9.05302725526	8.32006310359
-5840.23402968	3.87626062309	437.266215961	14.354023778	1.63128162437	1.13310430899	4.50910576049
-5577.3516531	4.8556629905	1498.2066068	18.1859699104	4.14549092046	5.64592596754	10.6856556702
-5247.92825589	3.35404699545	336.991528691	12.7192443808	1.14477539134	0.281501601143	11.9300264593
-5102.26731612	12.2737173825	942.16645221	31.6436412786	2.52004732656	2.95558348887	4.3438831072
-4772.13705381	6.95511671878	78.4712527412	9.88334531376	0.255079164526	-1.58015976625	2.39635778434
-4619.56072556	10.025977367	559.875987904	32.0361219231	1.50650656093	1.07442462448	2.54871315249
-4246.07508306	12.9180383948	104.672896617	35.5041928306	0.33971795561	-1.54064141989	4.61060891946
-4140.46169473	5.01263939486	393.655590662	10.9725730406	1.10029950576	0.234029645781	19.1830195407
