-928.689371365	0.266782927589	55.9997212055	0.123084929729	0.656338729736	-4.00949553489	1.0120826969
-1582.57458022	4.07918224876	225.414159977	2.63254931948	1.32095862737	1.872294026	2.30150629719
-2308.7639779	14.3725738065	566.620658801	6.01677934284	2.21356648891	4.7193340366	4.03898272419
-2953.7767383	4.6457297567	1098.25190626	1.6387898344	3.21792346258	6.46900185324	1.92146763352
-3582.66753141	0.0942606377232	2199.57695963	8.56421349361	5.15577870419	9.69671197023	1.05212318806
-3829.99188652	0.118354861586	3508.38591055	1.09087919765	7.47620601637	13.737621097	1.02098761105
-4024.32714272	1.88343327987	5151.16679967	13.9179234338	10.0617786501	17.6197430763	1.20571680238
-4088.68351576	0.255690809391	7543.84085968	17.1981833656	13.6026112221	22.6207646936	1.13562279187
-4023.80102539	1.82501207499e-08	10793.0341797	1.49011611938e-08	18.0704976253	28.4504878144	1.00000000004
-5992.36211859	0.206411019333	3096.90657413	1.13393898093	13.625002716	21.0414185816	1.01639350668
-5437.27636718	nan	5392.78564454	1.49011611938e-08	16.3750150435	25.6247174362	1.00000000017
-5388.21979795	0.364276524219	2715.11338455	9.21606329225	10.1291030741	16.386071812	1.14814670294
-4952.88180627	4.16274639604e-05	4312.5314177	0.000235740465751	11.9326398343	19.6232882863	1.0000018965
-4853.66162778	1.71190144516	2172.85433261	4.97453583869	7.38128397055	12.4077831075	1.63345186671
-4515.80269956	3.65444303174	3320.06720918	14.5170686414	8.88030610183	15.3224851587	1.85488069622
-4371.91664395	0.0200876791643	1747.08888128	0.023192201656	5.67909848029	9.92551531487	1.00162445769
-4127.70675986	0.608728119043	2542.49520533	0.129960257136	6.84131091655	12.3908528973	1.01903223332
-3924.98667062	0.00683392808944	1427.70663961	0.0101841954357	4.63365012812	8.47842515228	1.00023508774
-3777.05639249	15.9480564732	1767.63292602	20.5618907379	4.94067830101	9.19481646453	2.32813674659
