-909.87992482	1.70061113474	59.0855023336	0.500693556778	0.692505296681	-3.58754025152	618.612587521
-1718.6287404	3.58438566712	82.6515425704	1.8444122954	0.484349644382	-3.00801722717	395.511680911
-2469.5002099	2.61644228728	109.189781631	3.21344337727	0.426562000162	-2.22999357286	414.067772426
-3239.66017327	2.51748489004	192.908919628	4.73289279361	0.565231105059	-1.26808739551	391.20224577
-4071.20392621	3.38352163137	528.688057153	10.1881691894	1.23923766991	0.558215184845	279.75714533
-4503.18539788	3.97737863217	884.223642476	13.644163364	1.88423915847	1.87568809384	203.234820301
-4915.77511835	9.46735150896	1523.08987239	30.5384837175	2.9750527902	3.84029715019	100.27916992
-5282.27219368	4.6851461317	2541.00834455	18.3280340812	4.58179715955	6.42906373121	134.560498575
-5589.80922095	20.1048066825	4075.23770646	69.2089221824	6.82306495753	9.70499174973	30.3301841674
-6550.75401644	5.08099270025	-87.9803361274	22.2966232408	-0.387074097973	-2.31176240953	33.0429036839
-6234.40454638	3.64552035451	1288.90359709	13.8134691461	3.91371309434	4.85613019053	91.4668074062
-5915.77193133	3.93111155298	-93.0753161747	16.0940367946	-0.347230239649	-2.41817966945	69.5360983541
-5687.9389107	2.80296871145	859.664006295	10.468034947	2.37866347443	2.47460002512	141.929101032
-5320.21663759	2.03606488626	-69.6151558123	8.31060249524	-0.236485817752	-2.40422584435	176.945262174
-5159.9340695	5.10992182826	544.448683905	17.3255508724	1.45625695662	0.887147067134	132.768362693
-4782.41831219	6.38141060497	-109.245217823	22.7733446489	-0.355113215569	-2.87452743967	84.7185819335
-4658.53248932	2.96699915257	317.514581523	11.1602734452	0.854363842333	-0.308930004233	205.990856595
-4275.25622433	3.75208135999	-59.4911683704	8.66398269743	-0.193079763232	-2.78382263471	211.214059786
-4180.81715438	2.87969774631	186.007952961	8.05835636702	0.519907410347	-1.12020391177	255.286644097
