-861.326783354	4.0995623469	45.8674569909	1.79984571763	0.537584613094	-5.39499963914	1.22510798376
-1502.29528291	4.9560289446	161.729643543	9.38138250714	0.947758419264	-0.304748310783	2.65555265583
-2196.9622532	15.4139512412	349.956088201	4.05656098736	1.36714229776	1.42774801211	4.49562051071
-2849.31253119	4.7828139552	695.729831454	21.8261947696	2.0385171521	3.02903571513	2.31297814018
-3506.70090065	2.15299658828	1575.76053816	16.9570062887	3.69356143235	6.28490861587	1.16324117135
-3782.6755499	1.22264567135	2360.72340911	16.0375630651	5.03059099089	8.54987189873	1.89257465667
-4038.0680447	0.0603841344093	3531.58350887	0.819507631939	6.89824518065	11.4685613826	1.01360110797
-4197.72727539	2.5822252171	5369.41710279	59.7591829767	9.68181788256	15.5832276322	2.12761062014
-4256.82761522	2.63402735264e-05	7728.59235933	9.1205642017e-05	12.9397820437	19.8993978383	1.000000414
-5770.63546561	1.33737069729	1603.29517368	9.82054615562	7.05378111125	10.0895140562	1.22908811619
-5354.63572702	2.14253697169e-05	3377.32351733	4.37796103196e-05	10.2551310303	15.4250331993	1.00000056058
-5198.37160604	0.703754571458	1450.21777836	22.1274478239	5.41023643453	7.91605159206	1.77985256023
-4862.97140035	0.00492052696942	2686.61957945	0.029247397247	7.4337925242	11.5481866585	1.00028370569
-4675.91721204	1.88964618662	1117.74351993	7.82624157165	3.79702504813	5.43854188336	2.50941864854
-4406.0664195	0.508287260444	2237.49653612	7.99344953558	5.98471443216	9.69229011158	1.09422244904
-4204.00408374	0.205995478328	904.178714602	0.904148367249	2.93912921033	4.11336858065	1.02511583201
-4015.23660184	1.27603687466	1548.98722251	2.67073062905	4.1679933841	6.72009084307	1.05933976789
-3769.32231857	0.637352554661	754.811361794	2.31226287202	2.44975519918	3.38272549969	1.03440019437
-3629.4604327	6.29750130848	1087.21310287	31.8755879782	3.03884935998	4.75726365662	4.79370931175
