-804.008759099	9.16050327944	63.0948304692	2.69999111814	0.739496197331	-3.03929748272	13.2754106807
-1521.66688071	9.47300053903	87.9020716052	4.49428128242	0.515118481742	-2.82852895216	13.6451012557
-2222.77147671	13.484420734	180.721983085	24.6878804234	0.706010484006	-1.14327046924	2.89521343138
-2902.69987914	15.7314827603	156.121319777	36.938565778	0.457441917516	-1.58247536504	3.20322989902
-3643.97108433	14.1001280222	408.065836173	53.5300992067	0.956500812051	-0.101497006097	1.97299630371
-3997.76323939	15.328142841	795.581119359	64.8360948352	1.69534609439	1.47499958337	2.48923160289
-4366.23309813	7.61986085722	1280.83377825	35.4076003283	2.50185374799	2.92020785319	1.22955577485
-4701.56663718	1.74062520885	2296.342521	3.99829912779	4.14063010169	5.63720115364	1.08654080153
-4942.98272267	2.33317385409	3558.30143782	8.96918595306	5.95757194979	8.26252072101	1.0576268482
-5859.57371567	10.8202744015	-464.654188868	63.6832845993	-2.04427044658	-5.07372316529	2.09279319709
-5592.75441065	22.4706802951	691.97799555	90.6120640531	2.10116827068	1.83525841803	3.86475683867
-5289.76856062	0.407485684481	-365.173660362	1.46771165157	-1.3623304525	-4.2402102511	1.0124856682
-5082.26401163	0.886839202422	581.354783762	1.5897819744	1.60859054199	1.092375477	1.0534600182
-4745.5582329	2.68433248702	-202.280640062	28.3313151317	-0.687156439173	-3.28051082859	1.9567946108
-4611.43164763	1.40165516548	338.436806918	4.99622470709	0.905229398143	-0.184272174413	1.0553983727
-4261.92580187	7.86944783403	-166.605339893	10.6515274333	-0.541568401432	-3.2700446126	3.10859005759
-4116.19764622	3.40953226233	404.50280591	23.6120321746	1.08843055281	0.187582888005	5.33481611153
-3863.99812448	8.08466358018	-74.4981202205	8.45511938241	-0.241785122186	-2.8974672416	1.15559449269
-3719.45858395	6.46447237055	209.193362512	20.5890732462	0.584712522416	-0.968993621077	6.5861848006
