-756.758846094	12.1640428887	60.1697804373	5.33600785399	0.705213461971	-3.43927410576	12.860616837
-1416.58696842	5.41225897778	138.859763675	11.017337609	0.81373771213	-1.08655053677	6.43197746935
-2059.74807659	6.37916626244	237.164489736	9.31522980547	0.9265094004	-0.285791253491	4.33018387799
-2715.77792032	8.1371725238	474.098418917	19.5634237767	1.38912795607	1.13496678829	2.33480817406
-3366.15246025	1.13367041395	1073.76395298	0.897792879254	2.51688821247	3.53936750108	1.03986204721
-3654.75202179	3.30264877664	1672.39126267	7.61646581123	3.56378743344	5.43842185452	1.64390168483
-3932.83034466	0.134635056547	2536.27626063	0.137658597772	4.9541106554	7.68838177733	1.00731440501
-4143.97981243	3.66171515685	4006.81888572	32.0732448863	7.22486072459	11.173169371	1.61027192099
-4267.3442055	0.0107206265677	5814.39732465	0.0384262464773	9.73489486812	14.5579833384	1.00020511267
-5492.24548431	0.634901133601	689.424336712	3.39257065893	3.03315848745	3.38855679792	1.04422282718
-5157.82161071	0.00429698881068	2164.45431648	0.00867709811899	6.5722938625	9.28704494231	1.0001354245
-4912.33989264	2.44727010195	848.971867473	12.667311806	3.16720605541	3.88997624048	1.17921217722
-4674.58025976	1.67166484727	1721.731729	12.2865843853	4.76397795714	6.75606492812	1.08261433802
-4436.11855428	5.87782279713	578.527775752	47.1034718312	1.96528489443	1.87690215046	4.70383132095
-4233.43520973	0.282853439035	1449.00962876	0.230370787099	3.87571944699	5.59155545198	1.02052273736
-3988.06755662	4.01250034471	442.599993893	25.3246851564	1.43871841875	0.930629351486	1.72154564307
-3826.51310222	9.34378032114	1009.18915059	33.4145213136	2.71551220169	3.63902206856	2.56704406508
-3567.36817797	8.18190565284	474.874373772	44.6398855048	1.54121416951	1.26281938705	5.07622601145
-3451.6084712	8.79549359018	732.82897208	8.40162287893	2.04831678988	2.44604602136	3.13301902548
