-929.217219022	0.104215515433	64.3722691302	0.0479544962658	0.754468280228	-2.86461821358	1.0043115216
-1570.56177442	5.77670515283	265.823001726	5.6310644467	1.55776011373	3.25366212291	2.93853274303
-2263.03301024	11.6543303257	679.983088126	6.20508358719	2.65642940038	6.4415454117	4.38701522471
-2897.95589642	4.23679232894	1326.07132868	0.468188078344	3.88544378323	8.41595370448	1.98532133333
-3492.99300172	0.0232250638685	2608.59156394	0.227651629383	6.11450341596	11.9337120731	1.00155326449
-3701.3220811	0.0217592498972	4098.69939962	0.124820642999	8.73413640687	16.4059999329	1.00204573531
-3853.27235369	6.16771016659	5929.99889891	38.5883842289	11.583072076	20.5777494837	1.7965467867
-3854.33960655	0.148533739645	8623.88214164	3.83938912022	15.550078293	26.1163255407	1.02604409499
-3714.19482422	0.0	12251.6953125	0.0	20.5126961857	32.5207698829	1.0
-5875.14891694	0.00691586091982	3935.85847809	0.034284163223	17.3160155691	27.1930328171	1.00044039887
-5262.99951172	0.0	6420.43701172	1.05367121277e-08	19.4954443923	30.8253705813	1.00000000001
-5282.26268436	0.0955053562439	3414.4054472	1.55175058309	12.7379080772	21.0686858406	1.01998363208
-4803.11571888	5.33374154531e-06	5146.73146547	2.84617971472e-05	14.2408453302	23.7663482021	1.00000021365
-4761.62732584	1.4534513534	2743.92751224	3.65726495703	9.3212452664	16.179848276	1.42084090562
-4390.85678586	1.43458293078	3966.98821906	6.55956831287	10.6106495646	18.6869689345	1.25552076945
-4293.99728563	0.0110327212916	2205.57363184	0.0236342776579	7.16945199237	13.0869205879	1.00093057634
-4025.15758394	1.07584659715	3063.93369897	0.0961841877303	8.2443903998	15.3671285533	1.03498132702
-3857.78783841	0.00228185042918	1796.15576036	0.00313418091715	5.82945903467	11.2686157191	1.00007758291
-3702.69865741	16.6042109634	2156.28804058	24.3529181549	6.02700106794	11.7295421387	2.14588923914
