-775.06552687	15.9854317042	54.5553319833	5.99249396906	0.639409920682	-4.20700392522	3.03835346864
-1394.08366521	2.77971449898	150.751950703	10.5712017115	0.883427597868	-0.680018524193	3.01424335453
-2030.30540641	6.43752843377	304.745026182	5.96486776909	1.19052026633	0.74089782945	3.39038687697
-2661.29620421	5.59648075316	597.694794477	20.6846857588	1.75127044318	2.19122524795	2.68704881285
-3286.99765765	1.78309616621	1348.06133981	7.20806116029	3.15983758483	5.03956645753	1.10495468793
-3553.3064727	2.22284572808	2032.81351559	13.7835331021	4.33183036953	7.06762926632	2.1706806656
-3804.86619809	0.0596499775787	3039.58724405	0.355378733145	5.93722844292	9.5999582458	1.00905185021
-3973.57557189	3.44319903008	4661.21548653	50.687196216	8.40483028008	13.2911283551	2.1763750601
-4053.05965285	0.00108938172496	6716.84444777	0.00383039326391	11.2458387161	17.0761928528	1.00001925526
-5392.7666062	0.175836523091	1222.24885109	1.48371454593	5.37734785245	7.2954921684	1.03839753091
-5025.58841694	0.00063400134403	2808.83586639	0.0012726246161	8.52893710199	12.548077858	1.00001859164
-4846.4660879	9.88738744523	1178.84753542	37.9417386104	4.3978525033	6.09889653709	2.68277827039
-4561.21286624	0.0726824426711	2236.22556913	0.431012272822	6.18756635491	9.31130190235	1.0035535871
-4367.45225259	1.77944717272	869.084166929	8.92603200343	2.95231803354	3.79609163748	2.96142522462
-4131.24177634	0.310058431161	1877.68944233	1.52546234489	5.02232514028	7.82101817733	1.04036606296
-3925.20211063	0.811445762174	708.644137755	4.30421293845	2.3035232431	2.76509245684	1.10052992984
-3754.13340155	5.47597139851	1299.61659961	13.7290323273	3.4969903627	5.29672888708	1.35483817006
-3514.24816714	4.8105706858	614.617583709	16.8226815307	1.99475352043	2.32106641271	1.37564867565
-3383.12449023	7.28505237935	946.072195677	27.3856680673	2.64434900458	3.83677279539	3.62217665936
