-798.585051623	5.1884539669	64.5244726745	1.77030782137	0.756252165554	-2.8438056261	67.1218584674
-1534.17249975	9.97313373673	114.18695993	4.94416396878	0.669151617928	-1.92998535153	27.5198199128
-2228.15549251	10.7982406844	190.516408995	10.1411345908	0.744273495839	-0.994472743087	13.6724272116
-2918.32069371	3.96653233116	420.26870003	10.2838138073	1.23140465562	0.674936340808	15.691734916
-3671.6354784	12.3991189604	945.924012951	25.4826742796	2.21723311858	2.84017985357	8.28964954728
-4043.29566664	12.2489293419	1408.75188778	25.5809726222	3.0019842764	4.24669958951	2.98488933863
-4405.73435562	17.1668840269	2239.34523458	34.0718547215	4.37411502048	6.56063694189	1.85702599291
-4623.594523	6.15713167461	3661.2707135	15.3595268571	6.60178853463	10.0548003959	4.38296902949
-4867.79184639	2.48992674944	5432.35462058	7.4305575024	9.09525066227	13.4919224605	1.05135897221
-5878.34549736	4.99657157464	1115.23028677	16.98376191	4.90651407219	6.51077862214	1.44466631897
-5511.2276986	2.16070886834	2640.03086326	7.79050574058	8.01636629948	11.6938034431	5.40947845821
-5320.65131915	6.65312437891	888.467136462	16.8151281806	3.31454857628	4.15444528069	4.74970217659
-5056.03617711	4.96689452848	1937.77629325	15.4852795644	5.36176652346	7.82905164944	9.01662340749
-4783.79122456	3.77463793549	697.898468595	8.97766487817	2.37079251103	2.6653720851	7.78952402578
-4625.15523699	11.1725726744	1337.30570412	26.0545392984	3.57694084369	5.01060965424	8.49368835871
-4355.35641986	8.49638224026	385.019238431	15.8994686821	1.25154604055	0.53359083772	2.99400679756
-4212.32505967	10.6648929974	845.934803944	26.4911377065	2.27622966477	2.7071960841	2.15586242383
-3860.47208628	14.106049709	368.203257677	25.9586405615	1.19501095307	0.45502062973	9.77401523886
-3763.82358363	5.13366373847	634.067381144	10.0365544111	1.77227008237	1.80194401219	15.0167843493
