-829.672350484	4.62593712166	50.3961929244	1.80539726803	0.590663177164	-4.77573211017	1.22833104077
-1437.96786004	2.0977238027	171.939926158	5.13409548835	1.00759210899	0.044288139002	1.95513239085
-2093.54998198	10.1160410094	387.869228214	3.40338431551	1.51525418694	2.00372756181	3.95539231596
-2722.55461893	4.06435002115	755.344827078	10.8862309616	2.21319155244	3.53850731707	2.10177185557
-3339.38368541	4.89814011735	1655.40082829	54.3088135937	3.88023719746	6.72048068428	1.7565372957
-3598.05308924	0.261938896468	2501.9748644	11.0016071209	5.33159122483	9.1883672081	1.44850532815
-3828.04442785	0.108374038917	3718.535884	1.29402940115	7.26341941978	12.1786070061	1.02180695424
-3958.54104061	1.68148559969	5569.72890851	53.3269539847	10.0430083778	16.2315381338	1.93960808917
-3989.80686668	2.2134542667e-05	8005.63580411	7.60281696867e-05	13.4036287089	20.6724663325	1.00000034622
-5519.73949592	2.92997905782	1854.70246714	19.5682534384	8.15986066976	11.9329578557	1.57822372431
-5097.65037571	2.10640497649e-05	3643.9709779	4.32596236569e-05	11.0647972151	16.7744606402	1.00000055089
-4971.40914799	0.407206932906	1654.62698545	27.4031013182	6.17281303252	9.28482076853	2.05125844473
-4632.71239734	0.00295797317343	2908.32855081	0.0173753225171	8.0472543282	12.6493056943	1.00017213632
-4473.36990137	1.89474634099	1297.26497519	7.73740912322	4.40686751211	6.62432096132	2.47266404844
-4199.41120826	1.55571818644	2406.12543767	24.3514465677	6.43575236875	10.5692893043	1.31416094301
-4023.89346756	0.161373285545	1050.31298025	0.392704706074	3.41415420468	5.12101308232	1.01722108093
-3832.19955393	2.2332875437	1697.41235951	2.3048947762	4.56737368892	7.56727440817	1.09237651734
-3608.84479885	0.549410116815	872.818208109	1.26193781119	2.83274875218	4.27636744606	1.02434830562
-3468.32400511	4.4573825051	1174.22265304	27.0970068135	3.28204815437	5.32472136518	2.83123870846
