-832.129256109	6.02740017873	62.0052172334	2.38371734427	0.726725502197	-3.18829316407	43.6490302191
-1593.97748662	11.0895139868	105.625439637	6.07669745004	0.618979906909	-2.22265919422	17.5729317722
-2302.0807505	11.6859310705	178.994559176	11.8358446269	0.69926211079	-1.16951363572	8.97727143056
-3002.04169602	3.88562667215	415.389685735	9.65653223451	1.21710894214	0.633240133294	14.1607872693
-3779.94587305	13.8514702979	939.740717531	26.4123398259	2.20273955758	2.80636191077	5.51861461954
-4156.30956518	11.9642933467	1420.55548724	23.3315031763	3.02713719387	4.30005509562	2.45373888777
-4532.21979521	11.9693761238	2264.46276593	23.3797576732	4.42317711661	6.6560333935	1.42736862678
-4749.43181985	5.2921478392	3735.69002527	13.5959755227	6.73597707125	10.2956589972	3.7264265801
-4998.41240359	1.11934181869	5555.77394072	3.38361427485	9.30188843385	13.8363146119	1.02258945195
-6036.85123321	2.88800358279	1131.36062908	10.6050494126	4.9774803582	6.62905434554	1.23619425324
-5658.88247259	2.24152466506	2697.83677306	7.65879627032	8.19189203052	11.9863428161	5.19837814667
-5466.23994394	5.3300640875	894.826706945	14.9135703209	3.33827382669	4.19703036859	3.74173754286
-5193.74563981	5.60621136781	1970.81167798	17.9729706924	5.45317440194	7.9931221007	7.592974185
-4914.12114748	3.7988127858	702.499555955	8.77950671869	2.38642261189	2.69576328887	7.43860113355
-4759.03672096	12.6849978748	1337.74219938	30.1461189128	3.57810835365	5.01287976328	4.98859673495
-4477.91284581	6.53129294036	376.834729356	10.8499724799	1.22494142212	0.477155917883	2.45671082965
-4329.66465802	8.22796631042	844.961556191	20.8591097853	2.27361086318	2.70164096373	1.65724309396
-3979.51192057	15.9619030427	342.290591044	31.8387517451	1.11091088116	0.258789253593	4.72178757169
-3871.95371829	5.36800221263	630.364929167	9.63697616089	1.76192142691	1.77779741092	13.7463529251
