-794.570564551	6.63065064639	60.6480582255	3.38936895642	0.710819065521	-3.37387353738	21.8422767471
-1511.15749449	9.34306116421	123.819509528	4.88985201316	0.72559971106	-1.60069858826	6.05093379893
-2183.92953346	11.3217789413	175.890344538	11.2038533606	0.68713515179	-1.21667312051	7.86898449224
-2884.42820097	5.36112392155	350.743027795	6.28833014772	1.02769156333	0.0807677891107	1.37153224769
-3582.5888863	1.05504847035	831.86729383	1.65000272543	1.94988570847	2.21637598516	1.03191156682
-3906.41942014	2.85760091544	1363.48735957	8.42084642561	2.90552768731	4.04209151035	1.29150903977
-4220.59869616	0.170963081354	2134.24957875	0.301744953739	4.16883158332	6.16148335844	1.00713820478
-4482.48740875	2.29549265526	3506.93567582	14.1310400697	6.32350064992	9.55529401216	1.21362630469
-4652.44555693	0.0305013886487	5160.88582184	0.111524867092	8.64073748262	12.7344095887	1.00060739583
-5811.8728005	6.65730199116	229.203509784	41.8878473816	1.00839284898	0.0139879137042	1.65273115358
-5500.7864273	0.00979076294884	1619.39834798	0.0210573414787	4.91724946205	6.52867072377	1.00031686722
-5208.03531449	0.140987527408	432.836063721	0.912738231349	1.61475433349	1.10343903159	1.01290288863
-4969.73031307	9.77731157427	1368.11522024	86.5147462146	3.78553211413	4.99982625741	2.02585220485
-4686.69453818	2.07728100394	348.968917842	16.6603133941	1.1854631214	0.360614916278	1.79763764225
-4508.92773973	0.170320984473	1077.60196415	0.213085112876	2.88230168085	3.65995168161	1.01079117975
-4213.1414247	5.79297051634	226.904372101	33.684408308	0.737576827705	-0.556663901511	4.40530307668
-4056.45400932	7.7199409944	783.099901522	36.9528721688	2.10715437881	2.34854594087	7.09155902095
-3809.10697307	4.24974964409	355.02431344	7.37969317864	1.15223842897	0.355219154246	1.17876555598
-3672.62055706	8.72275471915	531.402191219	15.1181877405	1.48531249708	1.13238356388	5.38823794073
