-829.390080084	3.17903149029	57.5301755152	2.53013586122	0.674276255423	-3.80021844907	3.08907419474
-1552.57166859	9.28987930059	42.7077977711	4.64029266123	0.250273691446	-4.37348607875	8.59714324919
-2282.21304587	8.87381935175	-28.0771494958	3.16589457546	-0.109686500594	-4.3153641107	5.5331361948
-2972.63392339	14.6433164506	-105.006417569	9.30794969991	-0.3076731421	-3.81408110893	4.7187497902
-3769.45212505	0.111755802958	-45.053274794	0.377180508979	-0.105604268003	-2.57971535613	1.00706440734
-4179.20484364	4.11268375131	46.0627611494	2.98816185737	0.0981575860853	-1.91302891542	1.31865973383
-4642.01922943	4.28577760738	190.2186665	3.47533687593	0.371554288935	-1.22195127402	2.68472890838
-5052.76625492	0.0183843963233	809.943630942	0.122882659169	1.46044283389	0.826461184644	1.00150650651
-5470.99174372	0.887080108167	1460.08024729	13.340288727	2.44457454707	2.40759534085	1.90717744719
-6094.03764594	0.19827816103	-1638.47071765	0.270182536429	-7.20853775975	-13.6807320229	1.02891942231
-5882.69442551	1.18202106143	-614.266745026	5.40187908685	-1.86520063164	-4.77527705671	1.65280090446
-5481.61620986	0.0441274587193	-1253.89110205	0.4036772413	-4.67781282679	-10.1912584357	1.02138717568
-5341.03233467	6.26790973916	-618.630899123	9.55615037097	-1.71173238977	-4.86736115398	4.08475145729
-4925.14176406	8.02335719841	-1005.47391877	6.4382477191	-3.41564015958	-8.58578079798	2.91511527435
-4786.54158295	0.248199243805	-461.819224095	1.70659230068	-1.23524489575	-4.34621527369	1.04868089052
-4410.62942995	0.379552315277	-717.938081391	0.991620091821	-2.33373419673	-7.07166775069	1.03931113149
-4301.86405561	1.79441049718	-373.511816962	2.24760434955	-1.00504042858	-4.25318243774	1.09891161635
-3904.78398584	3.18439525787	-543.350628072	4.92225550705	-1.76345520678	-6.4479923235	1.81185827106
-3872.29152632	2.83480541955	-319.619324255	2.78881954332	-0.893362098368	-4.41779705563	1.18029935903
