-631.661967999	4.49458944623	72.3937089278	2.04724231167	0.848482705551	-1.76775205156	35.3817639097
-1242.0793072	7.82291915915	123.663437935	8.82360302978	0.724685109611	-1.60603386416	3.79315225829
-1815.83469633	8.52096776739	148.071268847	11.852283946	0.578456845158	-1.63930281259	7.67956801645
-2405.89221926	8.83629343155	278.138544379	31.7310570538	0.81495742707	-0.539712378453	6.68176474015
-3021.00186753	11.1587710289	560.958177013	6.82571466499	1.31487839529	0.734708299476	2.11335917095
-3354.84595153	10.1001060342	678.919266437	14.6177775431	1.44674515112	0.947656019208	4.48396424456
-3655.4682182	23.7466211816	1166.2346253	64.8673467906	2.27800712153	2.48495996213	4.98676860703
-3924.77565383	0.273602988039	1881.3578631	1.59159728657	3.39235411475	4.29410052725	1.02299477778
-4185.26107507	11.103420079	2795.7902966	49.2096892365	4.68091929241	6.13479183639	1.50873790428
-4917.85942111	2.26345249765	-613.701353279	11.7774222083	-2.7000112548	-6.16661139171	1.25281831988
-4666.3747334	10.8820453405	574.478816541	47.0345453692	1.74438590426	1.24062827946	2.07280964397
-4473.28835031	5.88684208569	-592.536275438	18.8431186946	-2.21053788885	-5.76268051468	2.05699385049
-4255.65507819	11.7774352679	396.717905049	41.3988614902	1.0977060613	0.175375228429	5.50911272553
-3986.52456845	11.7288933588	-322.647497099	38.5280349848	-1.09604807038	-4.07556064895	2.7672418506
-3853.56021235	9.07667261404	276.562622435	26.5699031174	0.739732236975	-0.506065232075	6.77226592808
-3554.93805688	6.05383501868	-165.493193228	18.8390696505	-0.537953250249	-3.26237599042	4.50209665068
-3485.1983778	8.36037748665	198.850947427	16.5881562014	0.535065377723	-0.986240348062	5.29366641462
-3158.39867837	11.0349180551	-8.31983459283	27.4733164727	-0.0270021876746	-2.39631248811	3.22802406903
-3127.13769399	10.3366563381	176.143808195	18.3149398759	0.492336320622	-1.18453575781	3.72194813304
