-683.924023528	13.1579562677	60.0535655667	1.78988445324	0.703851378037	-3.45516553701	11.2339407191
-1313.48838153	11.2272541244	76.0976258631	8.37765171451	0.445942772257	-3.23206154662	4.39748383152
-1933.57301636	12.636741902	29.0359215124	6.09789708026	0.113432049884	-3.44769762593	6.42316850583
-2584.35784622	4.97125244328	7.40918358682	6.1045278744	0.0217092140397	-2.85337389417	1.99701357128
-3299.19836965	0.0394752045814	96.2232115875	0.28111379317	0.225545909172	-1.80703997673	1.00568287394
-3652.5624724	1.05280844667	206.849324208	1.2109507275	0.440786219518	-1.18622956235	1.19833283581
-4054.21677882	2.28275962443	374.24578061	2.22569042207	0.73101461313	-0.523015799763	2.17927751417
-4407.85729989	0.0139844606156	973.643801439	0.0929052871589	1.75561737663	1.35627788352	1.00122641877
-4765.42012201	0.81181074179	1606.77873626	13.61222717	2.69018802817	2.81694622824	2.17662766441
-5343.29799747	0.0785812801503	-1256.32420095	0.121722702769	-5.52726413934	-10.8786429625	1.0151621929
-5147.25438515	0.781701229428	-307.24177226	4.38437065652	-0.932929468066	-3.22151043775	1.52329773024
-4805.80844887	0.111235226255	-938.618806332	0.663260851122	-3.50164626301	-8.08012554341	1.04142253118
-4668.0267802	3.65637193178	-351.130981083	5.47910347465	-0.971568465502	-3.53882108632	2.88053642636
-4306.39976077	4.38156942077	-737.914046719	7.23601855958	-2.50672723107	-6.81848842662	2.29487981678
-4191.11908326	0.279398514494	-237.89569478	1.81445794631	-0.636308380782	-3.18164174787	1.07292159341
-3865.61140432	2.02697392225	-507.108306203	4.10826681173	-1.6484095583	-5.61792613292	1.22096047489
-3766.75180004	0.267852001428	-182.53715817	1.62893039249	-0.491168459333	-3.16313397602	1.07500152174
-3421.33493974	3.88479078494	-371.788918256	5.57879011317	-1.20664828538	-5.14879024269	2.15883217997
-3385.09532553	7.66933834674	-167.118669834	7.70379532299	-0.467110322278	-3.42322034841	2.13655983431
