-680.156332571	3.27168541104	66.7036143918	2.19785060359	0.781792562468	-2.54582585285	22.7450434623
-1316.51429291	5.86238994415	108.819383711	3.5966642159	0.637696867633	-2.11347486091	7.54478557552
-1933.31008802	5.45280749252	171.171126091	11.3120121844	0.668699001175	-1.28836787633	28.3918478244
-2547.91995064	13.6651413941	286.916962097	30.9424934202	0.840678553688	-0.464691748316	11.2025163385
-3223.42969659	14.3127500328	548.327143233	50.1924284981	1.2852714226	0.665626111295	3.24375960039
-3516.24095143	16.1726502089	1001.90524818	62.040783113	2.13501314714	2.40764122019	7.86859392531
-3857.17582714	15.0663222007	1425.52155163	67.2193084492	2.78447250328	3.46973240559	1.66817901184
-4147.85677007	6.52372674476	2363.4424833	10.1151212874	4.26162081678	5.85437063129	1.38229911981
-4343.59090543	10.7994943495	3611.9014478	41.6524665305	6.04731305844	8.41208743982	1.35093057522
-5205.39763849	6.39798785431	-151.452551415	38.3461048282	-0.66632343436	-2.77717238272	1.78733362015
-4923.88787274	5.19257522491	1045.48934735	20.2987747525	3.17459378495	3.6242794638	8.36358501907
-4702.66578708	4.78038470394	-116.98220216	15.550124329	-0.436418158542	-2.57826545574	1.17456010741
-4500.4801311	11.8869470365	787.454333571	33.5821327176	2.17886156374	2.11597021996	1.44404322889
-4201.30887709	13.9595653135	55.2754263603	47.9411418034	0.187773111356	-1.5792958149	4.20326290447
-4091.41407508	5.88497007442	516.578093184	19.9316232291	1.38171046065	0.742198690333	1.273323914
-3777.59440599	5.91842020594	15.8265536581	23.3156492743	0.0514458982545	-2.01211586025	7.09447757038
-3650.24001048	3.51891569637	529.486328902	18.7792583618	1.424734487	0.900966003017	6.36688345705
-3372.83774898	15.6425196591	126.862348779	16.6457889879	0.411734261343	-1.37260519285	1.7835476454
-3288.17280037	7.86111560037	351.014779551	24.480544362	0.981114958392	-0.044064619907	9.27358073094
