-787.307083644	7.49575348274	56.0346134167	2.37690097925	0.656747680158	-4.00472431092	1.32520893183
-1362.88739689	1.45974890234	186.147607813	3.35988860501	1.09085111836	0.529974867938	1.75414463848
-1971.6008988	6.3174373754	421.908243439	2.67106757498	1.64823137767	2.52085108825	3.67110070151
-2572.25929034	4.52112222232	814.792749583	4.3039070402	2.38737642163	4.04655110696	2.1018616118
-3141.76589111	3.30825603662	1681.73228346	57.5897731299	3.94195777297	6.86449380094	1.90665082052
-3381.67897869	0.288387263292	2618.44288247	6.04543093066	5.5797791151	9.71483458558	1.19877163226
-3584.00542296	0.175314967858	3861.92158166	1.92470620352	7.54349482939	12.7231862714	1.03422859758
-3685.78055675	1.25761318985	5710.82188412	38.4425432214	10.2974189532	16.688186495	1.60302536824
-3689.2555929	2.72784854602e-05	8188.32868935	9.31685371069e-05	13.7095066755	21.1822568233	1.00000042952
-5218.63634232	4.2505325876	2074.0930262	26.0622775129	9.12508092794	13.5416389731	1.95866853144
-4794.45554578	2.9117069154e-05	3863.57450485	5.91937398526e-05	11.7316160531	17.8858120279	1.00000076952
-4698.67681803	0.585330857356	1835.39978725	25.3812194025	6.84721077694	10.4953153571	1.87428357488
-4360.31947242	0.00222799419162	3092.79761146	0.0128775771138	8.55767446155	13.5654724733	1.00012885339
-4229.25385769	1.88525717768	1459.21746016	7.63093925678	4.95702739323	7.69405308902	2.49282218796
-3956.13462936	3.30491133109	2517.94392696	54.7973079836	6.73483740234	11.1508309258	2.06128470167
-3806.34834996	0.15246392381	1182.65621061	0.215152999891	3.84434997002	6.03356379593	1.01529854471
-3612.36338855	4.95328388717	1826.34833622	3.0462746081	4.91431283087	8.30321740686	1.22596572753
-3414.56757499	0.708390065933	981.322783826	1.23434987498	3.18490249807	5.09805062176	1.02885422731
-3275.86909626	2.6595154393	1261.24011815	20.6519984109	3.52526907165	5.89223069324	1.9945223127
