-832.875415316	2.86526654839	54.7932052564	2.11877189699	0.642197888882	-4.17447670434	2.42827736345
-1555.93996791	9.60153737718	31.4865132628	4.56189329743	0.184515388672	-4.75708342416	7.47552763286
-2290.6541138	8.13893542861	-54.8768629828	2.61899687432	-0.214382555646	-4.72250756812	4.58831525899
-2979.60819465	15.5561311207	-154.381081737	9.58963901509	-0.452342948159	-4.23603852058	4.19880223587
-3783.54099622	0.0539506865538	-137.490625747	0.180188632458	-0.322276170948	-3.08527765491	1.00354945015
-4197.09508916	3.37967105547	-74.8103187945	2.29359454866	-0.159417284676	-2.45940838045	1.25259106386
-4664.54681406	3.74174300062	35.8292478822	2.70579256796	0.0699853014686	-1.80832270111	2.25611837721
-5087.66293254	0.00843961488441	594.366594976	0.0602294702688	1.07172697108	0.12874466302	1.00077517847
-5516.54072101	0.939366920166	1183.80203509	11.8957939081	1.98200909102	1.6366621695	1.76491957043
-6106.45877792	0.134521852394	-1808.56395098	0.180146181236	-7.95687185074	-14.9279405345	1.01975656735
-5905.90056856	1.00592102955	-819.357476151	4.87676681324	-2.48795184574	-5.81318328633	1.57411219418
-5493.40841322	0.0299711008776	-1398.85812542	0.235089274376	-5.21863220117	-11.1619896274	1.013540504
-5359.84206046	6.49229383965	-783.212556797	9.27317480636	-2.1671246998	-5.68475701796	3.88709511254
-4935.08689797	8.14290075491	-1121.19727673	5.64403491805	-3.80875761542	-9.35015927577	2.66855431737
-4802.31077142	0.153766904775	-597.317081497	1.04498924621	-1.59766600775	-5.05090771051	1.03187269724
-4419.88220873	0.258405223282	-815.437802738	0.580882324822	-2.65066742506	-7.74396084835	1.02411391515
-4314.80171262	1.40024504651	-480.942520401	1.64648696179	-1.29411347882	-4.86637726562	1.07371702025
-3912.39326183	3.14904691828	-620.54680617	4.25236410905	-2.01399692916	-7.03258334514	1.70032502709
-3883.55441297	2.23422127109	-404.001561528	1.91167842866	-1.12921733876	-4.96811999039	1.13014605087
