-880.730169562	2.12628455399	59.7614169488	0.892695609543	0.700427281476	-3.49511446656	324.255521771
-1673.29447335	4.16263476065	87.9381124659	4.22254630851	0.515329686246	-2.82729690262	125.269661439
-2411.73404084	5.05585120839	123.257016396	9.16294819704	0.481517213995	-2.01628298222	66.9230124016
-3163.7854647	3.42157479993	255.521437939	7.74365947191	0.748688370715	-0.732998871699	91.0799418573
-3984.49735357	9.58755463595	644.835482708	25.4787387651	1.51148566769	1.19345363397	26.6162307333
-4401.83797091	9.49117201876	1031.83651537	36.8008963511	2.19879527531	2.5429387551	13.5664557341
-4817.64366598	23.4244385931	1701.5819522	62.6282333972	3.32370152703	4.51821054932	3.87385389467
-5116.49917197	6.2527122812	2927.59742291	22.2463210868	5.27887190349	7.68026187409	14.9893179481
-5437.43152183	15.9819847031	4473.95343847	50.0694228346	7.4906243823	10.8175774339	1.50388767619
-6389.96622614	5.13272560358	324.966623363	27.6245661487	1.42970768408	0.716170875514	2.7995485298
-6048.9818492	3.12130930704	1784.49725945	11.9622557615	5.41856683998	7.3641896562	14.6538996936
-5777.78932233	4.91281055352	234.938690079	17.9951308086	0.876471023807	-0.221725470544	9.25210666632
-5529.88166938	4.02170726378	1250.15748714	14.957281254	3.45914674822	4.41398841544	24.4704385694
-5191.67926431	2.86610430562	180.514860036	12.3027986446	0.613217104722	-0.752061543796	24.9128590572
-5040.89171568	10.9519035568	786.401869679	29.5737065765	2.10341805807	2.14548858892	13.063682837
-4706.28034599	11.0802797528	-21.4098432134	24.9481612167	-0.0695949755958	-2.26887323609	4.39988443956
-4559.13185168	10.0673394145	465.425638216	34.5213008272	1.25236086695	0.535319284336	9.55316907148
-4181.3980126	9.26015470659	54.0005088264	26.6987734336	0.175259719119	-1.92437314958	20.3870490676
-4088.02465275	4.48123972769	310.482544374	11.6805270756	0.867824052865	-0.308407203556	42.1789025524
