-906.320432406	1.90895164215	58.9900791945	0.659980407648	0.691386900008	-3.60058858385	459.342874576
-1715.88432851	4.00601655942	83.0736312801	2.8251019964	0.486823143486	-2.99358820984	228.44423402
-2464.84313881	3.45178471374	112.049870722	5.98485947154	0.437735255617	-2.18654286352	169.42123154
-3232.67603436	3.33601099711	213.866899156	6.44327456628	0.626638851012	-1.08897985232	168.342338983
-4066.518575	7.15769242114	569.348357271	20.4958382377	1.33454486457	0.780596230869	61.8209368805
-4496.83816147	6.88521847965	936.388202245	27.0281817562	1.99539939156	2.11148620764	40.5333904116
-4918.59052712	22.4640480989	1577.65223079	66.2116214857	3.08162949295	4.04752513412	9.44415530211
-5252.936435	5.8367652446	2709.69869156	22.6999644155	4.88596969579	6.97503116979	32.8235911904
-5584.11797473	27.7272796623	4212.04112048	90.342717758	7.0521113709	10.0867311891	2.7727287277
-6531.17131952	5.50655290737	84.6658511504	30.2340657137	0.372491847675	-1.04583436483	5.70977321734
-6199.83879309	3.7976839828	1515.64259899	13.802055142	4.60219856582	6.00359220052	25.4655615603
-5902.27481008	4.84711869977	37.819180109	19.2122410155	0.141089641296	-1.5416812258	15.9645784467
-5661.60080657	3.55881426929	1035.73413131	13.5958599833	2.86584401501	3.3490534362	44.4058706123
-5304.24398989	2.39543233235	31.9688033763	11.6456096678	0.108599464022	-1.73324123536	51.663684306
-5151.07796077	9.79021296814	633.233122285	29.0478229455	1.69373196547	1.34889401601	23.3927847879
-4793.64358437	12.4016132182	-113.357695682	35.2144977134	-0.368481262845	-2.90288434614	8.35400792978
-4651.82753918	6.6147460506	370.539023318	25.4506170507	0.997041276585	-0.00627617791966	32.6029950849
-4268.01942973	6.04208606573	-20.2426129289	20.1825161354	-0.0656978005068	-2.48660127364	50.6388992567
-4174.73313703	3.96207868983	228.077270354	11.3654701198	0.637494586125	-0.845836806095	78.0421923338
