-662.905596003	3.66179729134	67.8328411921	2.13282344192	0.795027544138	-2.39141334117	26.7399348076
-1286.44434225	5.15772286937	111.539132972	3.62929238446	0.653634980178	-2.02050078152	7.47802030331
-1890.65713947	5.06111017156	176.548794302	10.1395474295	0.689707458869	-1.20666989739	32.3703327238
-2493.03803643	10.9437019019	305.38164256	27.7946243466	0.894780830362	-0.30689201628	12.7908888852
-3159.5611216	13.1470913762	561.33799808	46.5856802518	1.31576869074	0.736785633041	3.70139285494
-3440.38419556	14.26827423	1035.63933607	55.1369761696	2.20689890808	2.56012854744	11.2183649532
-3780.42463193	18.2976485177	1437.18474246	81.9794668447	2.8072542242	3.51402923573	2.00450623567
-4069.79944093	8.5717186918	2332.74193488	11.4307939228	4.20626338914	5.75500810057	1.51018354392
-4257.60845128	15.4881713097	3583.61791813	59.8594016164	5.99995867716	8.33316441852	1.59993932685
-5108.04179762	4.1753338954	-130.888114579	26.3922691818	-0.575849117158	-2.62638366434	1.62320416478
-4828.61391256	5.03226134874	1055.84090964	20.4539454895	3.20602596107	3.67666579508	9.56137352446
-4612.88414562	8.41766046027	-95.2773322586	27.8139128791	-0.355445162831	-2.43292485527	1.37435785424
-4407.59248594	20.5424930958	813.79006076	60.740231232	2.25173169891	2.24676677885	1.88233154074
-4109.40591087	18.040239675	114.350523529	61.284528093	0.388453875475	-1.18909167941	5.36689955943
-4012.95375664	8.87395301848	528.591674757	30.7289570637	1.41384362996	0.804678498026	1.4586354713
-3703.15772512	6.26364626212	40.6907854842	26.783428497	0.132269731942	-1.84066868886	8.2148098387
-3580.95579193	4.32236901801	535.845805581	20.8269010878	1.44184647885	0.937264734041	6.97923660221
-3304.39404816	8.59838681621	138.112997035	9.1322477833	0.44824846271	-1.28740631228	1.56541932852
-3221.67634041	8.5193542839	368.5607399	26.0104753004	1.03015734965	0.0703663871921	9.97953535221
