-891.266136821	1.46034307589	59.9607901907	0.420266491087	0.702764014188	-3.46785180945	799.990295022
-1681.51227106	2.15395984839	87.0919764521	1.29607500198	0.510371210401	-2.85622189142	727.857479385
-2424.25100133	1.92431360411	114.672712229	2.20749619353	0.447981677055	-2.14669643905	747.313359943
-3182.95080723	1.71663767814	193.513315745	3.14203791422	0.567002010655	-1.26292220754	809.288128326
-4001.43413207	1.52365941063	518.388406533	4.41638853144	1.21509542788	0.501883896785	871.576144397
-4422.54188076	1.66255505419	875.446936392	5.51573321632	1.86553640897	1.83601497575	873.846478993
-4826.48630273	1.93258206038	1492.92172415	6.67040648939	2.91612531966	3.72571844205	848.818037968
-5195.42032089	2.11131003299	2461.63192158	7.85781502087	4.43867025086	6.17216140629	832.836225796
-5489.31663307	2.54808512675	3979.34344589	9.84812763558	6.66251168038	9.43740616697	790.998028888
-6441.23885742	1.16634174341	-145.672941388	4.86270590866	-0.640895737262	-2.73479339634	737.972166406
-6143.5379734	1.37071288338	1158.66427112	5.59647128643	3.51824569351	4.19702576866	790.683508701
-5812.44277486	1.23280403717	-115.781592405	4.99083401587	-0.431939119092	-2.57022590777	789.240646099
-5596.56736287	1.48117324685	786.244997424	5.71037545684	2.17551536837	2.10996404419	812.841942741
-5232.6765651	1.20217908521	-96.4313518645	4.32422980959	-0.32758164277	-2.5813527743	807.564906045
-5074.4172784	1.36779121543	509.576391499	4.97780519119	1.36298275115	0.705784489271	848.65408385
-4693.80832928	1.19620022581	-76.0918244155	4.36597966604	-0.247344579335	-2.64592373451	821.956340451
-4578.60831245	1.33110950502	310.59020526	4.65839244682	0.835731826499	-0.348453078877	856.802966175
-4199.50211618	1.69288467876	-55.7187520191	4.0272380787	-0.180836311374	-2.75525488973	758.248708543
-4107.50364857	1.42034949402	186.994656938	4.22423097898	0.522665328496	-1.11376883911	838.834459915
