-829.424774941	10.1856556157	62.5083315109	2.10825338005	0.732622199158	-3.1194964093	7.66613974425
-1557.39554571	9.35497388718	81.1870326498	5.07319601371	0.475767410619	-3.05808120313	15.2193765357
-2280.54022241	10.217810925	168.003433209	11.11605989	0.65632405737	-1.33649172784	1.63751212
-2946.7595804	16.5428131184	144.222636376	43.7026316975	0.422578283528	-1.68416188249	6.36287366278
-3714.75119979	14.9554361427	337.979143755	61.3758577548	0.792218551031	-0.484818130805	2.43805752851
-4069.88901797	18.7638828226	752.579240788	85.9061332141	1.60371110568	1.28061930101	4.95568016891
-4462.85286344	17.73015691	1154.02688639	87.0411597074	2.25416173435	2.43859493691	1.75119145852
-4831.28671498	1.72248550685	2049.88169595	2.56196561054	3.69622640242	4.83952904165	1.07044420153
-5091.53669687	4.46912924934	3250.44530515	17.3893528324	5.44213639926	7.4034717834	1.11688653657
-5971.48155065	4.08942298071	-638.146598452	25.5333813407	-2.8075593916	-6.34585613445	1.2804453571
-5688.96265231	7.57628084244	578.375342342	31.9411960567	1.75621757583	1.26034749535	7.46534282382
-5396.90495023	2.06909352563	-551.122996436	8.49438547605	-2.05603996842	-5.485368056	1.06340926478
-5197.48462083	1.98649205736	372.936733104	5.55647689932	1.03190430077	0.0572658846332	1.07506366192
-4837.34979368	5.70593190723	-329.354020416	19.4876125207	-1.11883043196	-4.11985872476	1.6907187806
-4710.52077713	4.33799839981	181.301410824	17.9497966173	0.484933564102	-1.00149635278	1.15420002846
-4344.27213141	10.4940113269	-268.153360001	20.0926443975	-0.87166105605	-3.97025208046	2.99613393776
-4204.15461999	4.80195776112	303.28477981	36.8853267059	0.81607448879	-0.390151112656	5.0516995944
-3943.96481625	6.68581036955	-183.096305175	7.20282764659	-0.59424267871	-3.7198593011	1.12728334372
-3790.51194361	7.31894337143	140.371945745	22.1249795776	0.392351045403	-1.41783220694	6.37477764585
