-748.184023905	6.88326340101	63.3276587318	2.47832214601	0.742225036026	-3.00746012568	18.926719875
-1423.30129385	9.25926924224	85.4430155253	7.09746094151	0.500708067843	-2.91259128779	11.2643384959
-2087.07858175	10.4932750203	62.3102830909	3.8574109723	0.243422036282	-2.94219078075	20.7335252359
-2761.00736056	8.90347989559	77.5999113515	9.86076595199	0.227370946508	-2.25352175728	4.43277973266
-3501.80980259	0.494037691027	265.915113811	2.32108945728	0.623301437539	-0.878953794171	1.0393243234
-3872.17699697	2.91281433564	441.412739311	3.51220886749	0.9406298684	-0.125938608243	1.4454788829
-4293.88848676	4.13322191436	684.183983166	4.454290189	1.33641717737	0.654130327008	4.11193445142
-4644.60000297	0.120771552987	1453.63396267	0.703871163185	2.62110747314	2.90976925707	1.00798977471
-5005.58093626	0.742316347024	2250.61906539	17.2065537079	3.76815321803	4.61353330916	2.758533034
-5692.70461719	0.362961480033	-1004.93128162	0.721552581419	-4.42124782061	-9.03530456142	1.06421956445
-5460.63528282	1.40010417666	73.0964010615	6.04775256233	0.221954801452	-1.29672642979	1.8383018118
-5118.7103688	0.17256311073	-721.884056993	1.92206494927	-2.69308753825	-6.62882181505	1.09745363496
-4960.69444755	4.71018285688	-58.3829660715	7.32112812228	-0.161543844928	-2.08488618227	4.48404844825
-4594.83988237	6.34293563863	-574.516869085	9.16246086474	-1.95165966395	-5.73921378305	3.79627918141
-4452.75697914	0.528154034436	0.0482037386475	5.31970971074	0.000128932315966	-1.94415158462	1.16798099608
-4117.90390464	2.18161419798	-361.98926735	6.97332448012	-1.17668466677	-4.61728195862	1.32437127698
-4004.48225798	1.19255402586	1.2733233656	4.0629748603	0.00342624089246	-2.1139773292	1.17097704943
-3647.31150936	3.65349729079	-258.090370431	6.77760303295	-0.837637400315	-4.28777416819	2.37002294407
-3602.05766797	7.22319623935	-28.561869373	10.3107644637	-0.0798327560945	-2.51958247952	2.08045401177
