-695.832025943	3.59431267977	67.5396346171	1.46222648369	0.791591047905	-2.43150693767	25.3621458618
-1339.35980649	6.24163358136	134.297513039	7.96450807976	0.787002282822	-1.24251015371	8.51444492151
-1955.275064	3.15671278637	215.796891698	12.4030507724	0.843034507223	-0.610409565029	5.40393048535
-2590.02908871	10.0999956501	408.58069422	13.4669138732	1.19715831567	0.575050280584	2.73843114737
-3221.88295831	3.52766722834	917.430373476	4.59729863086	2.15044441225	2.68434122638	1.12614241999
-3504.99843325	5.46538723692	1451.38375072	13.9339462148	3.09283077913	4.43940729975	1.73882465044
-3782.82075039	0.425340251106	2203.88111841	0.636426283708	4.30484293112	6.42594413333	1.01776334501
-4000.81305646	4.31467082821	3520.41902867	27.0680025044	6.34781304067	9.59893297401	1.59412806741
-4138.49102704	0.128608922455	5134.72760699	0.468432566468	8.59694146091	12.6614170955	1.00270101546
-5238.94160354	7.74508825732	475.898373519	45.1584699773	2.09373982602	1.82287782556	2.01358686881
-4945.41312235	0.0510540776767	1780.04217147	0.120423119711	5.40503911285	7.34164371499	1.00169581383
-4694.84254232	0.130861091946	618.554968857	1.21318458983	2.30760419518	2.34705382006	1.02120041287
-4470.24441439	9.17771408479	1490.93895704	74.6774405721	4.12538156042	5.60983113818	1.95508391669
-4226.26991441	2.43690814665	498.385916932	21.8971369749	1.69303939274	1.34754737601	2.07023572749
-4056.00036548	0.565175367062	1201.06793662	0.489294864336	3.21254066688	4.3020691193	1.03802325913
-3799.87356753	6.75947208815	354.783495768	37.6367530938	1.1532615388	0.325105307563	3.35212189885
-3641.35863901	8.06627326513	900.065073492	26.6450668619	2.42188264504	3.01616177319	11.0831886282
-3394.23737668	13.4331182989	410.135320444	22.7066095924	1.33110229188	0.77256364826	6.71754448773
-3296.18449068	6.89803002444	609.381628682	10.6283899577	1.70327138941	1.64094880537	2.49486447948
