-801.711499665	3.21159375796	50.1025398442	1.45482192795	0.587221447714	-4.81588676261	1.8455744806
-1486.51273061	11.9219733251	20.3380471383	5.60570183315	0.11918381185	-5.13819148782	5.47613469506
-2199.2141313	11.1249168765	-92.6600415992	1.97254780439	-0.361986736205	-5.29651273357	5.16169474486
-2862.10201795	12.8930800532	-218.184445435	8.35116962411	-0.639289439999	-4.781304046	2.47838989735
-3657.20335466	0.00794206045653	-283.082322152	0.0318969228009	-0.663541142173	-3.88155396484	1.00073655763
-4060.41385629	1.13508626673	-272.132108387	0.683975000376	-0.579900774271	-3.3513569755	1.12396527568
-4517.84041008	2.01961941281	-224.568431063	1.38435236157	-0.438649714333	-2.79731378598	1.62197623595
-4946.56079344	0.00147852740093	203.109202226	0.0127022155921	0.366234596528	-1.13756251068	1.00018627097
-5377.44188411	0.999661122985	660.10215216	9.8126269338	1.10519193903	0.175317793607	1.60660331018
-5883.89277133	0.0439101111305	-2034.82020454	0.048703766652	-8.95229809159	-16.586964352	1.00706560325
-5710.82015007	0.619532458418	-1142.85238498	3.93027902047	-3.47023342481	-7.45029959713	1.4129259404
-5294.26193808	0.0193779624696	-1593.23799595	0.0897123374097	-5.94379298282	-12.4636001522	1.00641812273
-5175.73608459	6.44220733144	-1035.94031967	7.75337026064	-2.86641453179	-6.93993108176	3.39567326868
-4750.1607359	9.11799511977	-1273.22800249	5.27972731811	-4.32521283393	-10.3543559806	2.77112012507
-4638.13679787	0.0674569904405	-803.274312557	0.348307124012	-2.14854740275	-6.12204275147	1.01473419963
-4259.07941807	0.204046019099	-948.160533264	0.2930504457	-3.08209679612	-8.65912834221	1.01538511528
-4164.84364784	0.402089878971	-640.627445554	0.5667838511	-1.72379146577	-5.77782964429	1.02915920987
-3768.61798283	3.44642306991	-723.918038448	3.63936159031	-2.34949030742	-7.81539275066	1.65766243246
-3746.91972457	2.22119233477	-527.485158443	1.36647705578	-1.47436407077	-5.77345364408	1.12597680174
