-776.72416536	10.3911966641	63.4769094731	2.02662625484	0.743974313341	-2.98705130981	12.9921972874
-1459.24307564	9.36543244226	102.593617199	17.5149547736	0.601213001727	-2.32630143218	7.13958277877
-2169.98944493	21.4913192018	115.671967861	2.90475787964	0.451885380079	-2.13151566509	2.83187272916
-2784.34882654	3.1465390321	214.293295035	17.5342357094	0.627888208554	-1.08533585991	3.75925440609
-3476.58063281	14.9354319057	603.013404197	76.0064171748	1.41345528016	0.96471854005	1.84987758922
-3856.37691926	7.41006988143	772.557950061	29.1678247375	1.64628479919	1.37092854514	3.98721265048
-4240.67941613	17.1049096214	1188.60874216	103.2216346	2.3217105037	2.56993691811	2.61708382587
-4645.01106157	44.8859004053	1646.96793018	144.508916983	2.96971593995	3.53549593856	2.13544741002
-4859.43669775	22.8062621954	2947.66803442	94.835023509	4.93520425574	6.55859502066	5.84746305833
-5732.78807318	1.820859663	-975.044397903	5.4829368744	-4.28975890994	-8.81615900792	1.10249404663
-5443.15165815	6.30332623029	320.854463079	33.7369632596	0.974263952993	-0.0428928967292	7.66667284987
-5128.85708718	3.49111902628	-599.969138831	15.4444920965	-2.23826720574	-5.81245260885	1.87675295952
-4929.27202617	11.8536436696	266.502313379	43.7479463651	0.737403583312	-0.47134134717	2.81522872957
-4577.74674668	3.66667570972	-324.77535271	8.62102384968	-1.10327649167	-4.08961560779	2.31149266478
-4460.36768423	4.70592899443	243.557171388	24.6415855762	0.651451340877	-0.677718807808	2.0589028731
-4112.45251273	5.6424320996	-232.147537743	21.2611179279	-0.754620296039	-3.721979927	5.66689605034
-4022.59543295	10.9962040942	189.203576205	31.9957381546	0.509106364735	-1.04130578044	3.87981911572
-3723.28894819	27.9755129036	-242.957427971	48.4951509696	-0.788523136346	-4.17317545993	3.79602830714
-3604.42582925	7.52506195111	128.456903548	55.1127478356	0.359047529968	-1.49553956813	5.48647770426
