-810.274683398	8.08593357178	64.1262669543	2.72195320603	0.751585038094	-2.89825699531	27.9937568933
-1552.81657798	12.6152369112	118.917468249	5.4365157428	0.696873060878	-1.7682738797	14.7942552186
-2246.16785613	12.7856257113	212.090320913	10.763502893	0.828554377086	-0.666720094066	7.57167011226
-2925.82357641	3.92535014881	479.725008487	9.01997956821	1.40561409599	1.1830517973	9.56506481353
-3678.22890944	14.4237447838	1057.96999304	24.3812549285	2.47986738355	3.45298650237	4.71674572432
-4038.92836843	12.2302286124	1575.50655049	18.5538290774	3.3573306506	5.00047638947	2.19249212095
-4394.86751059	11.0532859185	2474.86430726	20.2429231054	4.83415463274	7.45513901327	1.35883678768
-4588.94436083	4.81940721933	4008.43315991	11.462532225	7.2277714891	11.1783939803	3.10555764314
-4809.7798654	0.607215329795	5911.10930393	1.8447479799	9.89681723052	14.8278507025	1.01157524598
-5874.84463251	2.77495536196	1411.47072895	9.33226570415	6.20983941723	8.68296145251	1.18293149749
-5486.78868718	2.1857037027	3004.05935917	7.18194290849	9.12172677358	13.5360487829	4.35030422021
-5321.09507352	6.16716744832	1126.49607282	15.5137975764	4.20254818791	5.74833958629	3.35055758046
-5042.0411509	5.98415931173	2217.64430527	18.2339073952	6.13615257776	9.2190179356	6.35709324834
-4785.30680001	3.88974054804	889.111141603	7.55101630381	3.02035056794	3.92837425255	5.85091954678
-4625.70485449	12.7821351858	1537.09103982	29.8196067767	4.11131404276	6.04964612138	4.87925702404
-4365.77939518	6.14211906363	524.568762478	11.2374475205	1.70516663103	1.49583134984	2.38280480984
-4217.61659809	6.68503325733	993.887526588	15.8498494696	2.67433880355	3.55168319431	1.43105516764
-3878.1339832	17.2098357905	461.494843784	31.3893552992	1.49779064039	1.1614989163	4.61337784642
-3768.85664725	5.29021534992	751.506815055	9.25124266943	2.10052288547	2.56785892527	10.4634284239
