-796.202243606	4.2892585015	63.2338875953	3.02108809647	0.741126001472	-3.02028256021	13.631510418
-1504.75500958	7.97361403021	78.3001730017	5.56496980144	0.458850007744	-3.15676791736	16.3129568582
-2201.40579213	9.49558083772	55.6527902447	4.38753270122	0.21741380161	-3.0433319611	18.1416893505
-2890.88116071	10.7012117573	59.4026539153	9.81813842142	0.174052230352	-2.40903608383	6.98286067034
-3654.48668959	0.937657076388	258.115602253	3.6237227569	0.605019487721	-0.92161121514	1.05976275986
-4043.28608522	5.30808809731	439.054343446	5.56713204303	0.935604237295	-0.136599204233	1.60935439557
-4483.57810964	5.05729860292	687.892799569	5.9538792823	1.34366161171	0.668216421679	5.25566508716
-4846.59775542	0.190816861589	1493.56073015	1.08738023858	2.69310107764	3.03899250757	1.01183380676
-5223.48933965	0.817768765734	2321.51990286	18.0675822303	3.88686065412	4.81137666077	2.7874151718
-5940.38248117	0.577127574071	-1058.55662446	1.11033238251	-4.65717532578	-9.42851234941	1.0939988001
-5698.58006025	1.78604533069	59.6255161422	7.31856305527	0.181050905443	-1.36489877137	1.98765664973
-5341.31438844	0.171644490196	-764.390753959	2.06359296576	-2.85166460444	-6.91345604179	1.09734183759
-5179.63770663	5.25532670563	-75.8966680505	9.0521603521	-0.210003711684	-2.17186809607	5.10326319415
-4799.58234428	7.04191267796	-614.756801321	9.30505387384	-2.088356525	-6.00500747148	4.40010128512
-4646.89794208	0.948502594112	-17.4203991607	6.79901174615	-0.04659498354	-2.03500167319	1.19119664157
-4297.83765231	1.43841270383	-389.507185482	6.00825800247	-1.26613459042	-4.80702718217	1.23784511872
-4179.88737405	2.74020534678	-16.7076861839	5.38289980186	-0.0449568107899	-2.21660964661	1.22878667407
-3807.73958478	3.4977931779	-283.361325442	7.48292475189	-0.919654784472	-4.47914599218	2.42516569344
-3761.68039986	5.93130169685	-42.1461829952	9.42473124279	-0.11780202141	-2.60817647254	1.69060383126
