-766.249618964	6.89643790766	62.0964069896	2.84197184276	0.727794281961	-3.17582371214	9.16214605427
-1447.29567531	9.84029732952	74.7143472777	6.63587080951	0.437836565524	-3.27934864578	9.48843774654
-2123.604624	11.4017595228	34.872984483	3.5680708422	0.136235184194	-3.35902048391	18.0472300674
-2798.39993391	10.0736941231	23.0286747008	9.20784317054	0.0674749683647	-2.71988923857	3.94490675012
-3552.93547422	0.247106016261	165.52710316	1.09342876857	0.387993295576	-1.42800017976	1.01928127468
-3931.85954207	2.64897840195	311.981985211	2.77423830624	0.664818994915	-0.711001106994	1.35475163191
-4362.65445171	3.9631991977	520.483869703	3.78051965179	1.01666160145	0.0323968558649	3.32107747708
-4730.09756144	0.0580994126776	1231.30231465	0.354357135744	2.22021209018	2.19019138826	1.00416902829
-5106.03772828	0.759098312555	1973.19600241	15.7668246059	3.30367096796	3.83940551946	2.38097733035
-5764.82836883	0.257509694856	-1201.01247341	0.427944452952	-5.28391729632	-10.4730697599	1.04250807358
-5541.98044192	1.24694940041	-150.396221741	5.53595721862	-0.456673147389	-2.42775943263	1.74041009778
-5184.25811479	0.115188959174	-887.032432117	1.1162374965	-3.30919621484	-7.73469179336	1.0580978153
-5032.89964725	5.17575911135	-239.084029028	7.88466643419	-0.661538046266	-2.98233917652	4.21074415103
-4653.64180602	7.15627589656	-706.63408156	8.15386013627	-2.40046778147	-6.61187731046	3.62836297057
-4515.66735021	0.359466982324	-147.618929201	3.43954021857	-0.394841789378	-2.71213355678	1.10679181894
-4171.08616267	1.42925006325	-471.499286099	3.98479011164	-1.53265864595	-5.37239006266	1.17178841673
-4059.98673758	1.10575972629	-117.844030578	2.86075602138	-0.317093086805	-2.79387742302	1.12426436808
-3693.27024052	3.63761110941	-346.118617563	6.0830005326	-1.12333481691	-4.95439425473	2.18734502764
-3653.08994736	6.24052451565	-119.229879268	7.82514958569	-0.333257244002	-3.11089988123	1.66916438206
