-742.670795775	8.99324795805	49.0796827469	1.293755191	0.575233160747	-4.95575408903	2.13932728917
-1372.20674751	11.8439650643	27.5601515704	6.68096859778	0.161506357862	-4.8913053059	3.33694032529
-2023.62879003	17.6277058461	-89.7421019362	4.28879956098	-0.350587481069	-5.25218315357	9.56906416688
-2671.52496375	5.84297823435	-215.442296068	4.37030498392	-0.631254829056	-4.75786955245	1.53480533496
-3429.83162175	0.0017942454035	-311.301494425	0.0114035243397	-0.729686501088	-4.03589146432	1.00030291574
-3809.79119188	0.490374995702	-321.702404907	0.265204449515	-0.68553275391	-3.57542830806	1.07826109372
-4241.05824515	1.09106551406	-300.433261206	1.35590206903	-0.586836553919	-3.08544861488	1.40431298814
-4651.59808148	0.000526003043923	53.4896689183	0.0050932594499	0.0964494326202	-1.62180713293	1.00008399789
-5062.77036257	1.01485706084	434.527998692	9.11419737947	0.727518975456	-0.454129588875	1.5935677448
-5509.9152559	0.0174755025562	-2023.32242543	0.0162888323673	-8.90171301003	-16.5026568949	1.00319824444
-5356.70392755	0.437310629631	-1208.46493134	3.53292585389	-3.66946374927	-7.78234615152	1.33206294303
-4958.23087721	0.0216979697535	-1587.59008411	0.0589684520752	-5.92272267263	-12.4257804876	1.0054824435
-4848.89947411	4.94482785986	-1076.40182773	5.80136725066	-2.97837026174	-7.14088342241	2.50122184664
-4440.6793033	7.20197001586	-1260.3495336	5.49260973936	-4.28146409544	-10.2692908337	2.26380730241
-4348.10424796	0.0772793452612	-835.55539079	0.205164379759	-2.23489079219	-6.28992903484	1.01251940177
-3988.3895091	0.322330754414	-944.773224156	0.365975503026	-3.0710859871	-8.63577171614	1.02308131156
-3903.4179291	0.104852033245	-660.046424446	0.283235841025	-1.77604378546	-5.888669628	1.01749966393
-3527.89895521	3.84532835021	-719.956088761	4.08100301194	-2.33663172137	-7.78538970813	1.80132058014
-3509.44743649	3.60410969959	-538.00338327	1.87291250718	-1.50376336765	-5.84205126062	1.23791667279
