-662.907891305	4.29500528828	70.2580798274	1.67564331706	0.8234522936	-2.05978183099	44.5096899555
-1290.11492706	3.24970148855	123.063553709	14.2527271074	0.721169703816	-1.62654078532	4.84838016922
-1894.09490362	9.99255709339	148.472121552	11.4861718564	0.580022820737	-1.63321302524	8.9808476422
-2497.45515705	7.24539491301	262.563038962	25.5343792214	0.769320552656	-0.672821130915	6.30018082483
-3115.36574294	9.84723189238	662.062654437	6.44303331605	1.5518659257	1.28767321568	1.82862327106
-3459.78223554	8.45219925289	793.408498763	10.3242797076	1.69071634168	1.46517874254	3.83253925212
-3795.39062655	8.96753541208	1236.30754573	24.2051019921	2.41488061876	2.75109710234	2.62153888424
-4020.75152806	3.28100873754	2157.56542568	15.6006668057	3.89039538581	5.1880481546	1.11209999647
-4296.94135959	10.1380645129	3090.9718089	44.2802492583	5.17513405429	6.95847321753	1.61578677484
-5119.52047249	16.5487118523	-658.607201064	67.6569851432	-2.89757688469	-6.49588348847	6.21480976138
-4857.79094915	7.40168927936	571.860334617	30.4286898945	1.7364349706	1.22737688245	7.83988354974
-4623.91147852	1.69451605292	-498.172631681	6.25318236	-1.85850136636	-5.13080072417	1.64680804306
-4418.46049545	8.76707093547	413.762635976	56.6350927999	1.14486829979	0.26002799447	3.51600185277
-4126.7282063	1.34556266704	-259.128184135	6.25384972565	-0.880270105162	-3.65600148121	1.90587573521
-3996.51983637	11.8544937045	339.359148508	27.339624474	0.907696419179	-0.179475293084	4.23884555399
-3683.38943175	7.70983664713	-115.495921418	12.110430154	-0.375431793329	-2.91762812575	5.60854799442
-3606.32030194	6.00529224391	272.578574195	14.3190621914	0.733450655618	-0.565416524353	4.53735813484
-3276.50845918	9.04959121912	15.0638579927	23.1958848456	0.0488900489649	-2.21923252023	2.89945576435
-3236.12953769	3.58713711219	204.382787002	40.3696059533	0.571266571231	-1.00036716743	4.6615225697
