-668.490284939	17.4723880963	54.3576778494	1.52044498865	0.637093336593	-4.23403150839	6.31678906889
-1275.71622058	10.6995500075	54.044385025	7.6361821302	0.316707684499	-3.98594713226	2.9225837813
-1875.14758664	13.126530114	-26.0467287245	6.90227484689	-0.101754436508	-4.28451779089	4.01583133248
-2516.60190023	3.01734869625	-107.013358684	3.26141730807	-0.313553562488	-3.83123248996	1.43065643802
-3227.78993778	0.00320103849314	-130.243774032	0.0311149621581	-0.305289648342	-3.0456428647	1.0007863896
-3580.79000487	0.489306797764	-94.8373183857	0.416518629769	-0.202093882591	-2.54993591005	1.09678990295
-3981.47081781	1.15030338268	-18.776225372	1.82170375654	-0.0366756175686	-2.01571443537	1.52620367733
-4353.39083764	0.00147958874387	409.800991442	0.0119932577497	0.738929103714	-0.468603149709	1.00018965935
-4726.42636353	0.963821308779	868.316278478	10.5044019372	1.4537994587	0.756323351167	1.79350278536
-5201.06454603	0.0204963711372	-1643.07044757	0.0232249596803	-7.22877451252	-13.7144595392	1.00412061596
-5039.11317714	0.481278149107	-810.409622551	3.53282481641	-2.46078198456	-5.76790072801	1.36062382962
-4679.42507661	0.0518772355274	-1268.24389095	0.160107120332	-4.73135787541	-10.2873678787	1.01361186886
-4562.7076934	3.23755441679	-747.311165683	4.81035221974	-2.0677866711	-5.50645252752	2.17972675794
-4188.60205511	3.7181172813	-998.081808668	5.4038660357	-3.39052882885	-8.53695426924	1.81368161293
-4095.10057025	0.161887616709	-563.991182597	0.489015991154	-1.50852799797	-4.87758756099	1.0280799322
-3763.95914493	1.07678099074	-728.795419247	1.48808888567	-2.36902712978	-7.14653271644	1.09071296862
-3677.78777814	0.149460744131	-439.438261746	0.561756349492	-1.18243439395	-4.62947853995	1.03165610946
-3329.40050463	4.00588858974	-548.037322229	4.76933154705	-1.77866596534	-6.48348370912	2.03647189348
-3304.00111272	6.83992438135	-363.13910701	4.59956428358	-1.01500344322	-4.7016237867	1.74629807971
