-702.853331732	14.4410873259	56.3023397701	1.94078150399	0.659885538185	-3.96811492592	5.72987157537
-1328.51621744	10.1602548526	58.3200114527	7.42468206642	0.341763455696	-3.83978570605	3.57391489678
-1952.55665504	14.5991245002	-17.5145115012	5.7039967849	-0.0684223829938	-4.1548956432	7.1186951019
-2604.011216	4.90215266001	-82.2900044215	4.76391806581	-0.241113112987	-3.61994593748	1.67742406456
-3333.08226427	0.00965647307511	-71.5076374758	0.068876280186	-0.167612937057	-2.72440068378	1.00157059468
-3695.26504783	0.734669344982	-11.7082671792	0.643010276953	-0.0249497688561	-2.17416980442	1.12929078038
-4106.54010342	1.66561672026	93.9138621543	1.80805381595	0.183442029723	-1.5877171799	1.7200932404
-4481.99359018	0.00351417274746	587.511789734	0.0264782597084	1.05936678846	0.106559039918	1.00038247251
-4859.59671709	0.929484598275	1112.67883449	11.7397514048	1.8629293581	1.43819833061	1.86891738712
-5379.44328064	0.0395134950078	-1566.59535695	0.0487111302291	-6.89231834487	-13.1537059919	1.00732163295
-5202.44312216	0.607465211749	-678.94751496	3.88327927912	-2.06160164784	-5.10260815394	1.42558660909
-4839.41768883	0.0585614212699	-1201.6586815	0.24420324351	-4.48295261411	-9.84149861678	1.01772965325
-4714.10332928	4.03035715185	-648.653927242	5.55101093727	-1.79480517153	-5.01647071671	2.57064787061
-4334.84844472	5.14617150481	-948.364511625	6.17697424803	-3.22163693297	-8.20856048164	2.15834510746
-4230.4441995	0.173684470371	-483.054393651	0.746803574572	-1.29204338623	-4.45665438814	1.03522592181
-3892.99204973	1.04437598251	-683.436491676	1.66911758999	-2.22158310481	-6.83376778232	1.09065557416
-3800.23981571	0.176980587558	-378.067552648	0.773399784693	-1.01729893913	-4.27918574471	1.04029451378
-3444.26564333	3.96592497643	-512.733300284	4.85135423367	-1.66408606407	-6.21613350131	2.02496403217
-3416.03763827	6.38710482818	-317.349731004	4.92586644694	-0.887018399989	-4.40299525303	1.64080333419
