-765.830000665	15.7762226726	56.9707963791	6.38224400788	0.667720112219	-3.87670896219	5.74694764682
-1405.1806194	4.13908716145	144.26438238	12.1471138953	0.845409536587	-0.901794737533	4.54831641022
-2045.88380067	6.49567487465	269.701180145	7.51566589084	1.05361759251	0.20850883045	3.71144070971
-2689.26120816	7.30380181073	535.080012809	22.7857229552	1.5678065458	1.65611738142	2.73819578549
-3328.1458114	1.14873278835	1209.6673712	1.86730802859	2.83544399041	4.28265626716	1.05040313561
-3605.4864031	2.98018500585	1851.01749809	10.102242269	3.94443157294	6.24586141837	1.95085675352
-3870.72770649	0.0895993418931	2783.39344101	0.190853358542	5.43680486164	8.62693349294	1.00734222029
-4060.9933852	3.74841787087	4330.92117481	42.0814484234	7.80926295639	12.2221286017	1.88742336073
-4162.95076451	0.00346720804083	6257.77573302	0.0123147453796	10.4772318553	15.795196797	1.00006374361
-5444.52537201	0.0998867998935	950.146953558	0.467796759741	4.1802212992	5.30030519943	1.0197737309
-5093.82937839	0.00166681518824	2480.97700612	0.00334984990522	7.53340452887	10.8888768222	1.0000506478
-4875.65588488	10.2189662107	1032.569996	46.2240461661	3.85214406891	5.11938984057	2.0771199785
-4620.2100169	0.338259391601	1971.21143147	2.2350716913	5.45428050738	7.995107479	1.01573708103
-4405.56777208	2.70340218144	700.496260654	18.3990652841	2.37961732758	2.68253107854	3.50287426729
-4184.01164894	0.297618475757	1659.68365605	0.497604950931	4.43921703067	6.68722143899	1.02581191626
-3958.59696986	1.88524356299	567.781676809	11.5039145241	1.8456348114	1.79379880691	1.2549529437
-3792.90566932	7.39748192738	1145.98068273	23.2088820449	3.0835889635	4.41980314247	1.67500715694
-3539.64405435	7.09548265655	526.796487161	34.7887927855	1.70972841514	1.65601503558	2.27954295235
-3417.54848857	8.07888392604	842.210600822	13.2740100686	2.35404736986	3.15940964958	3.07996234546
