-711.639081538	2.29213428135	65.2653386364	1.68817233393	0.764935405647	-2.7424982767	16.3912695457
-1372.60125791	8.46739251729	110.743695564	3.76994277272	0.648973605285	-2.0476926487	7.83654093389
-2006.26761424	3.4039637723	164.388712783	13.0967617392	0.642202750852	-1.39140685865	17.5118752114
-2659.99780619	15.5880452986	263.577991847	21.6732779323	0.772294406542	-0.664147312081	3.13718970479
-3333.60517035	10.8588519082	598.234924852	31.1236984754	1.40225458907	0.938583877195	1.63058975601
-3646.84714259	11.6024830979	1024.27992954	37.7976149125	2.18269254492	2.50878091513	2.16676172308
-3967.67424998	2.65298572874	1591.49593277	10.0990968875	3.10867040824	4.10010355147	1.0915429346
-4242.29022985	3.54996521738	2694.17486281	11.7030204645	4.85797803861	6.92478819402	1.25568598587
-4434.64789135	1.92623003718	4037.60108047	7.3062923869	6.76005092929	9.59996963017	1.04688783894
-5382.83755761	5.32543088195	-72.8785256975	26.9636871819	-0.320632891821	-2.20102839536	1.69909364264
-5128.97030819	14.6357122482	1044.14913841	55.7335256841	3.17052428486	3.61749704508	1.53757890687
-4847.51389895	0.276979250212	35.1839901322	0.756499506571	0.131258703462	-1.55932703963	1.00894581152
-4634.25001358	0.905464625551	979.186270962	5.8326230491	2.70937785035	3.06820812321	1.14368743544
-4351.91326044	4.32207824549	92.2747123745	33.0044005879	0.313461351327	-1.33490731441	2.42277936423
-4211.89573294	1.02685069096	668.863220618	2.35142214012	1.78903310238	1.53419776398	1.05512174975
-3904.64132926	3.89517874056	66.17568716	17.5837222333	0.215111119079	-1.66494179186	4.45507235012
-3759.60077178	1.83478157202	625.382774546	12.256177714	1.68277131597	1.44832539468	6.96928384223
-3507.96283016	28.6553102982	179.890903336	29.3902316393	0.583839483661	-0.971030689447	2.31027886266
-3405.74744548	5.53757882198	369.16640373	24.188852684	1.03185022949	0.0743163973771	6.93257299538
