-820.151917205	3.63742094669	61.8535097985	3.20085981532	0.724947431468	-3.20903791265	6.79894505613
-1543.35598265	8.20692895859	64.8220965223	4.90859791936	0.379866587148	-3.61751324067	13.0831651974
-2260.04722338	9.48521324303	26.4215739107	4.38780739395	0.10321881083	-3.4874150103	9.66526517877
-2954.62475067	12.3383410393	-1.56976370603	9.14213043091	-0.00459947251765	-2.93010825627	6.54390829086
-3735.40282454	0.529588601043	151.710883828	1.86431259214	0.355608263949	-1.50356443527	1.03151425433
-4136.93101735	5.95150085583	302.132197019	5.09605917137	0.643829557718	-0.755524850453	1.53444474276
-4589.65190613	5.19991945774	516.868795409	5.42874262344	1.00960027365	0.0186667939742	4.3162499798
-4972.70750548	0.0952580985677	1266.95239584	0.563269037727	2.28449422491	2.30557311495	1.00633179899
-5368.08835071	0.783974180622	2043.66804302	16.6826180834	3.42166048057	4.03605234632	2.37032241218
-6060.5958375	0.442743646573	-1274.31320696	0.734740594392	-5.6064077137	-11.0105473362	1.06689274871
-5826.72061456	1.67356636983	-177.89164318	6.90394521987	-0.540162084161	-2.56690599007	1.89651294769
-5450.16400794	0.105645021202	-945.831045497	1.18321550854	-3.52855251095	-8.12842028906	1.05666031191
-5294.84871374	5.71646382275	-268.561657397	9.74039166538	-0.743101723935	-3.12874000787	4.70424706904
-4898.37979867	7.43276258007	-760.039192434	8.39052349398	-2.58188734693	-6.96462992735	3.70326460411
-4747.70033201	0.724562222645	-175.418103669	4.66307665777	-0.46919726567	-2.85671051448	1.12369482015
-4385.64898862	0.821608904632	-510.242997273	3.17167430802	-1.65859920548	-5.63954087336	1.11656633115
-4269.64435158	2.91939161101	-144.856099656	4.33627480299	-0.389776788499	-2.94805737827	1.18774319035
-3884.61722818	3.2824179715	-379.702601822	6.61053801663	-1.23233230187	-5.20871896552	2.16526316248
-3843.31305238	4.42687856705	-141.140027145	6.05857608157	-0.394497895608	-3.25379318758	1.37605639538
