-734.775797786	10.942876535	58.3699358053	2.33646687823	0.684118575888	-3.68538811067	5.40580712016
-1382.76238901	10.7803637378	62.3063545476	7.15396280378	0.365123985946	-3.70351337217	4.89127762873
-2032.88694539	14.1932564679	-5.33234360266	4.1133008004	-0.0208313920838	-3.96982314385	12.3365170908
-2692.77570757	7.39490166634	-54.3941434893	6.58523203839	-0.159377087864	-3.38154704458	2.15261671471
-3437.68160189	0.0303385626144	-4.45325268245	0.1670171023	-0.0104383641791	-2.35766398515	1.00347006979
-3808.86328208	1.15258310972	82.9234349647	1.0445589582	0.176705955156	-1.74640856249	1.17909087948
-4230.57718486	2.39817475899	220.794005725	1.97972834855	0.431277125994	-1.10582605343	2.04225787331
-4608.11484724	0.0089355771984	786.089384278	0.0625950362688	1.41743025589	0.749256755454	1.00083244995
-4989.38087322	0.882316889975	1383.27260021	12.6649027787	2.31597749262	2.19326948984	1.97367847399
-5557.69094565	0.0768226178727	-1474.54086938	0.0984652547449	-6.48731980419	-12.4787165277	1.01329878839
-5364.6020696	0.771885969785	-527.947372024	4.33850498623	-1.60309471374	-4.33843910463	1.506978095
-4999.21984889	0.0678902889239	-1121.13336076	0.385688574527	-4.18254185465	-9.30228329216	1.02445065452
-4864.96317374	4.76547585777	-534.484362056	6.52112655639	-1.47890154801	-4.4494468351	3.10930387474
-4481.70689252	6.52881135207	-887.944811778	6.81392598645	-3.01638849302	-7.80947494687	2.66085762416
-4365.10794834	0.189134788146	-388.77004178	1.20470959914	-1.0398575561	-3.96630368482	1.0471931803
-4021.87140456	1.04463544853	-628.761099219	1.98417640356	-2.04385491849	-6.4567627155	1.09618495373
-3922.24267743	0.309420333767	-306.50014729	1.14684503015	-0.82472635511	-3.87069207014	1.05533501707
-3559.14179288	3.87206536764	-470.02191694	5.18655894669	-1.52546542492	-5.89268884589	2.02364172438
-3527.55757136	5.97475524534	-263.207217454	5.42082246195	-0.735685655548	-4.04988933981	1.56465271302
