-897.422774947	5.88659063607	39.5114681675	3.23839575074	0.463089927393	-6.26412902769	1.42765128441
-1605.08133296	11.1388921032	155.947649477	13.5015361277	0.913875122201	-0.502404610578	6.89230566395
-2341.30757422	18.5167108841	268.152947796	3.37489548691	1.04756925101	0.18498795692	3.13379860664
-3030.80287374	6.95826940873	574.331408308	24.1306790803	1.68281475639	1.99156102499	1.87004310451
-3741.46894059	0.221574641077	1308.877699	0.701759204482	3.06799165966	4.82526161952	1.00982486877
-4053.89505317	2.57212152675	2020.76874095	10.1239554106	4.30616351904	7.01318358225	1.6398815909
-4350.36201523	0.0168051223212	3066.40925559	0.291616915387	5.98961990172	9.70182831779	1.00522747466
-4566.29541773	2.84230955409	4815.30492884	38.1622851954	8.68267532164	13.7898398678	1.53742774209
-4678.71329896	9.79670017642e-05	6963.25418646	0.000344646504051	11.6583961605	17.7637803386	1.00000160258
-6119.2452474	0.118861432133	1038.68158461	1.13896910437	4.56973404673	5.94948531828	1.02409183779
-5724.93013623	5.58570320525e-05	2747.78963198	0.000114601407647	8.34357223257	12.2391401179	1.0000015071
-5509.70555629	4.58541447506	1000.93011771	16.1832650822	3.73410716103	4.90752223065	1.42842502244
-5192.91135021	0.0374342036132	2170.19256228	0.244295220425	6.00485508592	8.98334854809	1.00182638799
-4954.36831886	1.92335005204	731.878733254	9.05424809722	2.48622499957	2.88981927911	2.73795290803
-4702.66794349	0.0497021455017	1816.67760683	0.711287424209	4.8591345357	7.50370999356	1.01211569322
-4450.46467513	0.59249024355	593.260194996	6.03073656014	1.92845544833	1.96948168764	1.11269826832
-4271.39779301	1.52948960085	1218.81187487	8.67054043068	3.2795621275	4.83551028109	1.12360142922
-3988.79516983	2.12157323558	540.895805752	42.9840303162	1.75548803241	1.76278631964	1.50220865835
-3858.77649793	8.16410869135	902.777640456	16.102152	2.52333718907	3.5544149502	5.77660758743
