-717.750434122	8.51890146221	63.2595216968	1.99211669645	0.741426443211	-3.01677730688	22.1175439295
-1374.6264576	10.1095828651	88.8322016143	7.88305968153	0.520569174193	-2.79673264559	8.64316888658
-2019.72820825	11.1413165067	67.4643908769	4.68386588167	0.263557130367	-2.86388915022	13.9512007401
-2684.61328507	7.39546180937	87.5962313506	9.46008529451	0.256660577131	-2.16809289647	3.52523627774
-3410.32324146	0.341593729291	270.151374026	1.84019452935	0.633231174301	-0.855784659292	1.031871697
-3770.38716916	2.21270213664	442.363097272	2.89433616075	0.942655036693	-0.121642729669	1.38739660712
-4180.60460795	3.64314567189	681.494882552	3.87285611072	1.33116455477	0.643917115643	3.64686441312
-4523.41131576	0.0925984399118	1429.96538646	0.548442496269	2.57842968519	2.83316575152	1.00635259602
-4874.85863233	0.712651354312	2207.38608069	16.6954425441	3.69576935132	4.49289497962	2.76072214252
-5544.13399938	0.272580240133	-972.445574599	0.559006543951	-4.27832525067	-8.7971031379	1.05149791436
-5317.96733359	1.23303758505	81.0758968709	5.57950822614	0.24618427626	-1.25634445658	1.76595756143
-4985.15563804	0.181239071766	-696.155162602	1.87343788566	-2.59710236696	-6.45653545824	1.09877121001
-4829.50665539	4.20669707224	-47.5943707557	6.49996168977	-0.131692138412	-2.03130455407	4.04646289865
-4472.48553032	5.42421758512	-550.445450673	9.11116507977	-1.86988797212	-5.58021671895	3.25977538161
-4336.41911045	0.444196702389	9.92556392708	4.84352302953	0.0265482715718	-1.89278176111	1.16242598205
-4009.84381236	2.68116247413	-345.994432681	7.75212754576	-1.12469175317	-4.50699223884	1.40482698514
-3899.61427749	0.718243245684	11.5084230351	3.73969214698	0.0309667054541	-2.05555725021	1.1565969823
-3551.37418189	3.72099074171	-243.46844758	6.45999662372	-0.79018166059	-4.17704530793	2.35474143539
-3506.17836227	7.68600228769	-20.5753092274	10.6308618996	-0.057509668631	-2.46749583949	2.39585897154
