-790.664493696	4.57675755398	53.1716056127	1.79105573127	0.623192104079	-4.39621716769	2.20449022444
-1468.64413106	12.0442073844	32.8179536574	5.90041839009	0.192317816329	-4.71156840308	5.61389124533
-2169.50755015	12.7109700609	-66.0937282721	2.31265564299	-0.258202484781	-4.89291511063	6.95514902659
-2832.02130187	11.7427931554	-169.010351996	7.97278949382	-0.495207314465	-4.36106071803	2.48232843193
-3616.33584746	0.0136017951079	-196.181365131	0.0572215634557	-0.459846471874	-3.40627154767	1.00126563359
-4012.51496475	1.23305933627	-159.739328085	0.826845879796	-0.340397024766	-2.84331079018	1.14387977902
-4462.1048061	2.26992835739	-82.303808994	1.57504781622	-0.160764102652	-2.2569923688	1.75712374043
-4877.40862137	0.00285739414237	395.445973351	0.0227878022365	0.713044977338	-0.515063261962	1.00031849169
-5295.53845819	0.976462634067	902.239437962	10.698782098	1.51059612614	0.850983327119	1.69639656284
-5827.15135193	0.0575582516784	-1867.62750571	0.070172486707	-8.21672505405	-15.3610240074	1.00922183975
-5645.87166948	0.687691022279	-950.520410394	4.21149812059	-2.88622375249	-6.47696182862	1.44889074257
-5242.70896048	0.0280511954573	-1451.99545065	0.143032844492	-5.41686828493	-11.5178088878	1.00964587331
-5118.40561143	6.13153896297	-880.53199246	7.66406304166	-2.43640454084	-6.16809462265	3.40394053018
-4703.42915851	8.83245346017	-1158.42876406	5.73116274288	-3.93523465371	-9.59608151752	2.90019824556
-4588.11101814	0.0926253225206	-675.387230742	0.529409905779	-1.80648311265	-5.45693216559	1.02131097822
-4217.79388344	0.320122182352	-852.087058564	0.512980570058	-2.76979973442	-7.99666969087	1.02542970766
-4120.82118461	0.433100932352	-538.364149922	0.707171645586	-1.44862280496	-5.19412943611	1.03622333871
-3732.25103714	3.58115839142	-648.0427407	4.11513484971	-2.10323552834	-7.24080448839	1.74909542758
-3707.64710171	2.96678553991	-446.598473887	2.071636397	-1.24827918553	-5.24592795779	1.18394686287
