-750.795704636	2.97940855199	65.5063748853	0.80387703404	0.767760445165	-2.70953854479	242.963045507
-1439.2624509	4.98274315301	107.095453353	3.72478269011	0.627594393685	-2.17240707213	107.47089834
-2103.85172784	5.26750238264	150.179052711	4.65170589969	0.586691136752	-1.6072811863	77.1689791537
-2786.6665684	5.1145656571	251.916866034	11.4805250369	0.738126826102	-0.763803655016	41.2869400248
-3514.7594667	11.7150159381	599.144611904	49.6491346385	1.40438688324	0.943559176383	5.34315549141
-3863.75777407	10.7093705196	970.923233972	27.2016513017	2.06899192629	2.26759402064	4.83653035639
-4265.3385046	4.47198990749	1387.60368928	11.2961045332	2.71040750933	3.32572026243	27.8313167464
-4558.69130757	8.74935557888	2457.09133364	43.2936923605	4.43048292909	6.157465763	1.51789541791
-4876.75923689	3.6624243571	3529.16469254	26.5683075806	5.9087890517	8.18121686695	13.2817450136
-5726.65228705	3.55756032624	-226.516339598	16.1153200565	-0.996570502971	-3.32757755588	2.81412075699
-5438.58778792	3.83634914725	1039.12129284	16.4314120754	3.15525739828	3.59205253958	3.74822643557
-5144.94489808	2.28331473754	-69.5434903555	19.4759172707	-0.259441534175	-2.26060536883	2.71546412737
-4953.3844867	4.14163603894	705.649031811	9.3032607316	1.952508847	1.70968366133	11.9685435158
-4629.8354864	4.85464917105	-73.0924900219	15.5660909099	-0.248298478581	-2.42719440901	12.6991277211
-4458.23384773	7.07538413621	587.90220865	34.1667121689	1.57248370043	1.1131386129	3.56392309514
-4140.96358934	3.39229900065	31.3696151108	23.8965669267	0.101970274903	-1.90494126747	7.74860957288
-4016.47938632	8.5038736091	459.633204082	33.8971419414	1.23677466534	0.502257128565	3.05652775967
-3680.95566179	6.49417078861	65.403325415	17.9423906962	0.212267785819	-1.83802192905	6.84529467026
-3610.88066978	4.92298325101	295.763483129	22.53054354	0.826683075327	-0.404401778282	10.0336822708
