-816.436648325	11.6938474626	61.338086343	1.91669908181	0.718906466107	-3.27951784663	7.58172924819
-1522.42914721	12.0068303597	90.6407253735	15.7592888162	0.531167377352	-2.73490862601	11.0030398843
-2258.09491663	15.2738495196	110.124572501	2.04051834787	0.430213864442	-2.21579215287	1.79862419085
-2879.35014548	3.1589163688	196.672130317	18.9723231054	0.576257467866	-1.23592688022	3.69588677818
-3612.93393006	27.9184178294	505.816339504	133.556921503	1.18562667245	0.433124212069	2.57500067934
-3991.32082454	10.571119406	751.29098433	39.3806405737	1.60096589152	1.27479602858	4.95596376248
-4392.53946536	19.0282408955	1140.7631566	111.021026063	2.22825367926	2.3882192555	2.78541011288
-4840.75719924	11.3798361686	1539.1980161	24.8955753763	2.77539155402	3.18669788941	1.26597035233
-5067.04520909	31.2511931061	2820.86065406	125.590237155	4.72289394268	6.20474874698	4.63002100131
-5920.44310599	0.596510838426	-1018.08269018	1.46595338124	-4.47910813155	-9.13173725527	1.04205168734
-5632.78743241	3.43940523427	261.027031795	19.5025436454	0.792599938907	-0.345662618652	6.15974216336
-5299.86828602	6.90729684225	-646.758540411	30.6432622363	-2.41282148922	-6.12576477116	2.27544512338
-5118.63607051	26.1750987738	160.582212135	83.9234622361	0.444325969043	-0.997394212922	3.37524021984
-4731.19157818	6.78901174166	-355.635209972	18.9699757137	-1.20810881582	-4.29345181799	2.81511011513
-4614.93923121	9.41730776322	199.611463279	52.9681170911	0.533908136091	-0.9062700833	2.28634315038
-4255.45506308	6.33504563462	-279.187848691	28.8399862491	-0.907529836751	-4.0463385603	5.72779554265
-4161.98698177	9.71237477234	155.798294364	28.2936530285	0.419219894606	-1.23197702612	3.2456031239
-3886.49616218	23.1486450008	-330.858969999	30.1491115471	-1.07380932903	-4.83883603438	1.84061518418
-3730.37102606	10.389813789	89.105293995	54.7848406829	0.249056569419	-1.75218236354	6.35711547997
