-913.330889709	1.21268712479	45.6019304523	0.567530967527	0.53447253776	-5.43130821748	1.06336870165
-1582.41396034	6.32284100337	176.394863096	7.90418561053	1.03369866495	0.196579258808	2.60854670531
-2324.89206559	16.9673515125	405.540193584	4.58817490058	1.58428777434	2.27218632501	3.50342630621
-2985.79904991	3.77993708005	800.102890939	18.3264141272	2.34433452885	3.92101111928	2.0114340513
-3661.11221667	3.97311827951	1793.20682933	46.4806218929	4.20325260383	7.47417513736	1.46379911369
-3942.3563047	0.262205456253	2694.56000726	12.6750003048	5.74198114214	10.0589048611	1.4496937893
-4194.25742925	0.177693930065	4025.65400046	1.85809930096	7.86331350735	13.3450424383	1.02708208811
-4337.96529864	1.70683419518	6058.21838682	61.3522988277	10.9238239442	17.8125376041	1.93404289635
-4371.43847586	8.70156366864e-07	8716.8984399	2.97594507131e-06	14.5944773208	22.6571901914	1.00000001238
-6050.32824335	4.34465382332	1992.45958049	29.4400570015	8.76593030686	12.9430617908	1.98156897026
-5585.25732351	9.98933658725e-07	3961.63427881	2.07955301099e-06	12.0293713098	18.3820648314	1.00000002384
-5447.33421081	0.064200459219	1785.77551016	30.1501627128	6.66208060136	10.1630202426	2.00453463113
-5075.84310644	0.000840003231592	3153.00462921	0.00517116885506	8.72426540054	13.8644910152	1.00004725243
-4901.85105195	1.92739099853	1392.43481025	6.93353579428	4.73016372549	7.25293885603	2.13474293696
-4603.01237142	3.51614110551	2582.12666094	39.8818201639	6.9065093259	11.4846302055	1.54935605043
-4408.86980539	0.0798405659264	1121.00452555	0.229360428157	3.6439446016	5.60845486484	1.00808659376
-4200.46403133	0.447213219143	1823.01478999	0.600231469008	4.90534297082	8.28419013405	1.01710854026
-3954.50644426	0.0936504654614	925.990841008	0.285123702413	3.0053215836	4.67903302557	1.00424830481
-3813.26936734	11.5440292387	1250.72946449	20.6200750161	3.49589093679	5.82368245421	3.46761992732
