-735.71924184	2.97370472067	66.3605513072	0.704065895166	0.777771728358	-2.59273691851	264.572504947
-1414.88102253	4.65552596748	111.871884356	2.93351416301	0.65558495001	-2.00912574263	141.388197513
-2072.73448644	4.61242334305	166.333335859	5.08517892774	0.649799636722	-1.3618639845	109.305596735
-2748.37186705	4.00012900075	284.327105828	9.84751860382	0.833090167813	-0.486824740331	88.3012414892
-3470.66387465	8.62165329463	640.556978831	35.7512139599	1.50145691235	1.17005345825	25.0793781252
-3807.64431748	11.844930043	1067.82271823	34.4318300731	2.27548018774	2.70560625954	10.688783543
-4189.73077815	4.18939068637	1548.24396119	12.4923542821	3.02418629403	3.9358324471	49.9604519641
-4477.13025343	17.8255878768	2613.98188516	86.183501631	4.71337876643	6.66524308442	3.3198683236
-4766.20780174	4.32846028613	3804.50548411	24.5503261974	6.36978500867	8.9495342379	28.3229523344
-5644.07545031	3.9857913596	-27.0022381795	20.2065001919	-0.118797761484	-1.86464054995	8.03347592651
-5344.59669083	5.09395372774	1280.5475696	22.1488202434	3.88834029356	4.8138426969	5.57563215742
-5071.01374365	3.76513413663	86.232839908	25.0134645162	0.321703442948	-1.21749267189	6.83161212232
-4871.83369819	4.74915384794	894.670185865	12.5361245129	2.47552448072	2.64845844166	17.6717112713
-4565.10727719	4.68725731485	53.3025717583	16.6451127411	0.181071235473	-1.59232695765	22.4641974913
-4392.75153429	8.90326634132	717.188200366	37.2371041469	1.91828970638	1.78552459963	7.4130819948
-4083.99681009	3.97869303792	110.763003094	19.418272087	0.360046938244	-1.35749737733	21.7876651227
-3963.76044965	10.7210877524	531.961553646	44.3815997917	1.4313947875	0.915094133641	7.5020073006
-3635.63179618	7.10269306869	127.455923124	21.9920784967	0.413660718615	-1.36811017456	14.6511393443
-3561.53407785	4.9494127281	343.337311213	21.154146857	0.959655807758	-0.0941354291665	27.6878165043
