-838.940666431	9.84708897129	62.3729441037	2.1092103527	0.731035405564	-3.13800952783	6.81520435386
-1573.32642073	9.26851703964	79.814689712	4.84625263798	0.467725288316	-3.10499446939	14.1577774724
-2300.38914524	9.03446485647	168.458743268	10.390318903	0.658102776648	-1.32957461987	1.54227579625
-2974.46760351	16.3831836928	132.483842967	43.9446462753	0.388183133819	-1.78448197512	5.51523743121
-3745.77319341	15.2187891673	330.497028785	62.4283430695	0.774680574531	-0.525739632831	2.3766804108
-4106.70242845	18.9036633935	734.975255966	87.2423997623	1.56619783873	1.20104446256	4.27991985944
-4500.62542624	16.2354059183	1146.63423593	79.4985408847	2.23972166371	2.41051763061	1.63348903322
-4869.54625234	1.50375504429	2061.27340614	2.39600222706	3.71676726586	4.87639838803	1.06242913487
-5132.40674749	3.72729946646	3268.23684007	14.519465262	5.47192430543	7.45311769766	1.09560585372
-6019.19511072	4.83885419081	-649.093873013	30.0155103664	-2.85572249954	-6.42612701734	1.33303287652
-5737.96945053	9.69515853289	562.995168782	40.6427213825	1.70951618809	1.18251278354	7.12758393707
-5439.93671339	1.50215133433	-559.982624663	6.16424998186	-2.08909202732	-5.54469408248	1.04516099251
-5238.88400726	1.49711940173	371.325000496	4.05199346308	1.02744468694	0.0492612042416	1.06096190903
-4877.41679835	4.08882250765	-341.222175816	16.9478309636	-1.15914709005	-4.19825052672	1.62148439872
-4748.47914022	3.53257492275	175.691052022	14.5469625891	0.469927330686	-1.03067450726	1.12365294601
-4380.74334181	9.93637734351	-278.659302812	17.2822533318	-0.90581174208	-4.04269406018	2.68266831065
-4238.0556941	4.82467364404	299.108566669	36.5231213598	0.804837192258	-0.413988174281	5.07621408691
-3976.56697155	4.93537063998	-188.633611605	5.31340201828	-0.612214116214	-3.76179220118	1.09045906316
-3822.52874568	6.96678028618	132.807214857	22.3405628814	0.371207005145	-1.46716776662	6.12286793174
