-825.434066615	1.74987635291	62.4760551191	0.650649762292	0.732243907167	-3.1239099414	440.276332309
-1577.11895511	2.99485737052	100.313101147	2.66267542836	0.58784885746	-2.404260413	245.366263583
-2288.08527703	3.78409564822	145.600066047	6.15978632837	0.568802817156	-1.67684552933	143.590699825
-3017.10750264	2.63515206285	280.892790197	7.00977078532	0.823027481117	-0.516174508248	145.824418453
-3799.22300884	5.58231504965	691.163622675	16.0852306101	1.62007820245	1.44683347121	83.2828145169
-4202.03831952	7.60830826281	1072.63466462	29.2179433603	2.28573422008	2.72735757668	34.6988113589
-4577.93317693	17.5671801809	1780.49502174	50.2384096614	3.47784249531	4.81792259963	19.1338647179
-4889.87036122	6.70893647136	2895.96929488	24.3252394755	5.22184191874	7.57789722577	30.8650311085
-5170.39568979	30.8880067	4465.56788152	98.7208893049	7.47658466145	10.7941781801	4.26796957143
-6118.84157476	7.27390400677	361.256603297	31.0817865033	1.58936735199	0.98226712742	6.3738214781
-5792.12137572	3.49654434313	1764.74422396	15.5350417889	5.35858740178	7.26422512599	25.401911923
-5528.93496339	4.97441436536	281.791210949	17.6470824784	1.05126078245	0.0920093524622	22.3663772551
-5292.77312478	3.4131818331	1252.71761703	12.6630417235	3.46623054773	4.42670331705	48.557404802
-4971.00607212	2.87033629313	209.952754573	11.1804059312	0.7132189575	-0.55761771316	39.7846594004
-4812.29321349	6.21003933032	835.923776873	17.6721049228	2.23587612802	2.40304036225	47.1739942011
-4487.97496412	11.0060536626	59.0376201895	28.6742114274	0.19190807216	-1.71416114437	14.678333084
-4356.44998795	7.53614826272	511.469211123	24.6796738217	1.3762542758	0.798127586427	29.249189836
-3988.78805358	5.02316652996	104.936587184	12.7489619358	0.340573768558	-1.53864454463	71.2254355751
-3902.85807964	3.71321767607	348.104150686	10.0070682864	0.972979513152	-0.0630471199056	81.6830748683
