-756.062809044	6.81533909304	63.7477554371	2.54848035509	0.74714873443	-2.95001534364	19.8457460157
-1442.2987971	8.55434767892	93.7877246059	5.00888045323	0.549609234717	-2.62732909261	12.4002418302
-2117.01302726	15.0035489975	171.102648235	21.5809357898	0.668431484831	-1.28940819757	6.00450164758
-2764.4426424	17.0617294046	207.87235016	39.3579160423	0.609074574773	-1.140209454	6.90022534668
-3487.80466768	14.9671454811	440.147678438	57.5511202681	1.03170021729	0.0739663726907	2.60453124381
-3815.6374232	18.2049526907	865.764137275	76.2611156746	1.84490281767	1.7922460687	5.21288377915
-4181.54242699	14.7975020862	1289.58554395	69.4060985921	2.51894857965	2.95344708286	1.58266962209
-4510.54047745	3.17761343316	2226.05612074	5.13722514249	4.01389378862	5.40971874816	1.1505062991
-4739.83767342	6.01567846794	3452.36754005	23.3067084912	5.78020956806	7.96692030029	1.16608821912
-5615.71899913	6.26345336832	-393.367365151	37.9416517751	-1.73064033101	-4.55101258138	1.5356309461
-5333.81653749	7.55017260879	812.392216654	30.4236046794	2.4668020659	2.44464076082	7.47789067249
-5074.81905574	2.16630777317	-333.376669535	7.98661067032	-1.24370741474	-4.02729058095	1.06967275338
-4874.65442189	3.73993301347	581.224878353	10.012543293	1.60823109779	1.09173030096	1.13726285203
-4545.461538	7.67977051776	-149.601612271	28.135021848	-0.508203410626	-2.9325541517	2.3202974288
-4422.76605424	3.96857793963	351.16559522	14.9105084678	0.939275557242	-0.118072745005	1.15624247787
-4081.17681227	8.68009863478	-126.548933029	17.172391659	-0.41136078476	-2.99384232731	4.93859062581
-3946.71457227	3.80691787431	418.031426562	28.1803889847	1.12483317805	0.264801783032	5.60169445308
-3687.14228724	25.2743931257	-37.0839007486	26.5768984168	-0.120356533119	-2.61413693531	1.81277380706
-3558.12419673	7.53245781084	245.012210918	22.1587321481	0.684829127219	-0.73539073957	7.98642062661
