-767.814204153	5.79495204268	63.3537154274	2.74570464126	0.742530430734	-3.00389708607	16.3502589126
-1455.8545131	8.80229872773	82.7691938994	6.48800515982	0.485039097689	-3.00399534024	13.3006860203
-2132.75799229	10.0620891965	59.380336592	3.81773888661	0.23197587511	-2.98670276959	22.2725521021
-2812.56642037	9.77890952097	70.5875094119	10.0104140079	0.206824319089	-2.31344996179	5.28602326639
-3562.84381949	0.635749041694	262.689405748	2.74261674642	0.615740421379	-0.896595974163	1.04600232016
-3940.32826397	3.61234421547	440.82725677	4.13619833441	0.939382232532	-0.128585149872	1.49671961449
-4369.6223991	4.48999990572	685.933402066	5.03486427891	1.33983431885	0.660774624695	4.51083681769
-4725.39892502	0.144252088077	1469.84371182	0.835391622096	2.65033594173	2.96223221881	1.00930656661
-5092.73054281	0.768827203262	2278.85488344	17.5944073474	3.81542771697	4.69232319482	2.7712429295
-5791.76136404	0.435038871248	-1025.79396067	0.869463834813	-4.51303427003	-9.18828014059	1.07429499849
-5555.78395331	1.54043894605	67.729967451	6.51824328362	0.205659803487	-1.32388443369	1.89749722433
-5207.75170775	0.169069682277	-739.104544523	1.94613888428	-2.75733093013	-6.74413400117	1.09681969318
-5048.23814149	4.97985555217	-65.2813610463	7.9327569135	-0.180631488518	-2.11914710539	4.76886318832
-4676.62888301	6.78028788393	-590.544225594	9.20707138085	-2.00610531542	-5.84507803196	4.12557808747
-4530.36323329	0.640197022335	-6.80948748461	5.77812104905	-0.0182135870903	-1.97981682119	1.17431578339
-4189.89994832	1.86985750099	-373.093037287	6.4732401192	-1.21277865355	-4.69384615577	1.28335147451
-4074.52198544	1.68274840453	-5.8928709031	4.45181746601	-0.0158564554831	-2.15488065683	1.18880908828
-3711.37017098	3.58996294728	-267.899445024	6.883821457	-0.869472945856	-4.36205630338	2.38559680833
-3665.93118617	6.77402778233	-33.738318641	10.0772158475	-0.0943013542963	-2.55334217641	1.90539731803
