-799.01644491	3.45172436521	63.8150956058	2.652756127	0.747937987659	-2.94080712737	29.070121341
-1514.11418132	6.61223682022	85.7496259744	5.26806198555	0.502504848125	-2.90210987149	26.0635713221
-2209.81456277	7.99866355899	80.3093873017	4.78852081884	0.313737534478	-2.66874690523	25.6974299437
-2905.17292346	9.40727080225	107.838472439	10.0857368352	0.315971179881	-1.99510207619	10.3377140778
-3663.934484	2.52438036116	358.705767299	9.6389280604	0.840801476857	-0.371459198116	1.1614853494
-4051.57274518	7.35074045462	575.829266199	8.94232064669	1.22706519012	0.481660950613	1.93742442709
-4489.36229317	5.33364168332	863.822529771	7.58685792955	1.68730530878	1.33639801008	8.04032617969
-4838.2676437	0.53231858167	1749.88795652	2.87591959588	3.15529529288	3.86859729356	1.02975359452
-5206.0088073	1.17617065248	2647.43760872	20.8602725686	4.43253622891	5.72082503375	3.49216839828
-5965.66065339	1.00761976243	-869.078459921	2.34262149826	-3.82355621437	-8.03916384347	1.17837799514
-5709.91141084	2.27968863581	294.661515371	9.17003751047	0.894729934578	-0.175448002703	2.27397612295
-5363.09702046	0.308133531799	-604.21844354	3.76588978113	-2.25411982009	-5.84090689127	1.17481937537
-5192.9369309	4.91937077537	111.671665432	9.18186212619	0.308992012864	-1.24030875847	5.9779991792
-4821.46139143	6.35159725173	-490.58495301	10.8660236194	-1.66653916717	-5.18482483879	5.36547540191
-4660.45970283	2.02526215889	132.432955007	12.2933369577	0.354223304631	-1.25564967944	1.35477628655
-4315.46454315	1.74340568978	-285.162605445	10.3325787021	-0.926951419913	-4.08753650087	1.44027522873
-4193.66547062	4.14141884762	102.748187285	8.92197033643	0.276473400561	-1.53477734518	1.37583567682
-3825.99080481	3.89966660906	-200.690121254	9.40421222421	-0.651343756666	-3.85309370686	2.88229370603
-3773.31989852	6.23316662102	48.3801159869	13.1929445864	0.13522637293	-2.01778327914	2.02789981448
