-841.378276212	-0.0	64.9291652045	0.0	0.760994223621	0.178451480725	1001.0
-1593.99683478	-0.0	107.074818253	0.0	0.627472564288	0.33620397607	1001.0
-2305.70103987	-0.0	155.022396815	0.0	0.605611324733	0.411439686072	1001.0
-3028.73284933	-0.0	268.200722701	0.0	0.78583806577	0.640205207403	1001.0
-3790.77869306	-0.0	636.730526842	0.0	1.49248560838	1.37598163546	1001.0
-4169.02499737	-0.0	1020.64357004	0.0	2.17494049692	2.06902499437	1001.0
-4517.08352729	-0.0	1660.62785898	0.0	3.24370118323	3.14661559304	1001.0
-4820.09303454	-0.0	2630.83451628	0.0	4.7437596016	4.65413744372	1001.0
-5028.84469501	-0.0	4136.19115769	0.0	6.92510775646	6.84189073084	1001.0
-6122.04764174	-0.0	73.7316210126	0.0	0.32438566159	0.241168635976	1001.0
-5782.00315514	-0.0	1347.80849866	0.0	4.09256997601	4.0093529504	1001.0
-5534.30655072	-0.0	91.8219080299	0.0	0.342553734599	0.252931576721	1001.0
-5284.43211364	-0.0	981.315836477	0.0	2.71526637626	2.62564421838	1001.0
-4990.17694823	-0.0	78.9934585615	0.0	0.268343947369	0.171258357177	1001.0
-4808.39036908	-0.0	679.910813604	0.0	1.81857988403	1.72149429384	1001.0
-4481.46913164	-0.0	70.5066159845	0.0	0.229188933994	0.123273431446	1001.0
-4350.31946436	-0.0	455.725121647	0.0	1.22625708294	1.12034158039	1001.0
-4009.92723736	-0.0	65.1632822272	0.0	0.211488415941	0.0949844430274	1001.0
-3910.76066583	-0.0	305.816585965	0.0	0.854781085688	0.738277112775	1001.0
