-748.243055277	-0.0	62.3625124121	0.0	0.730912088067	0.148369345171	1001.0
-1438.45616977	-0.0	95.8259663069	0.0	0.561552807512	0.270284219294	1001.0
-2084.07609121	-0.0	129.322819638	0.0	0.505213219045	0.311041580384	1001.0
-2754.63943688	-0.0	209.746325059	0.0	0.614564512454	0.468931654087	1001.0
-3470.63155639	-0.0	483.227667258	0.0	1.13267749629	1.01617352337	1001.0
-3832.1990749	-0.0	784.424650375	0.0	1.67156977123	1.56565426869	1001.0
-4184.73538765	-0.0	1260.36071554	0.0	2.46186014656	2.36477455637	1001.0
-4506.79836234	-0.0	1998.05880783	0.0	3.60277721595	3.51315505807	1001.0
-4784.01789774	-0.0	3082.10694635	0.0	5.16028440338	5.07706737776	1001.0
-5916.56791039	-0.0	269.314655589	0.0	1.18486222776	1.10164520214	1001.0
-5494.03722427	-0.0	1135.19333549	0.0	3.44697200412	3.36375497851	1001.0
-5222.68942611	-0.0	114.499698696	0.0	0.427156222738	0.33753406486	1001.0
-4943.30567182	-0.0	770.437083444	0.0	2.13177228976	2.04215013188	1001.0
-4644.05003996	-0.0	47.7243587316	0.0	0.162121560961	0.0650359707694	1001.0
-4455.79390435	-0.0	508.568062248	0.0	1.36028377422	1.26319818403	1001.0
-4133.63382025	-0.0	22.5182213201	0.0	0.0731977711271	-0.0327177314213	1001.0
-4003.31000304	-0.0	328.350469998	0.0	0.883519627064	0.777604124516	1001.0
-3676.06932056	-0.0	12.1737759306	0.0	0.0395101735145	-0.0769937993987	1001.0
-3581.96891236	-0.0	213.17039345	0.0	0.595827789308	0.479323816395	1001.0
