-753.457580684	-0.0	67.5348501369	0.0	0.791533830528	0.208991087631	1001.0
-1444.65080174	-0.0	115.566985459	0.0	0.677237784719	0.385969196501	1001.0
-2087.93839348	-0.0	169.63491458	0.0	0.662696664806	0.468525026146	1001.0
-2745.39231638	-0.0	282.251563201	0.0	0.827007549616	0.681374691248	1001.0
-3432.41028023	-0.0	588.518418576	0.0	1.37947724031	1.2629732674	1001.0
-3770.46466426	-0.0	896.05634932	0.0	1.909451349	1.80353584645	1001.0
-4091.91903864	-0.0	1364.41277241	0.0	2.66510482789	2.56801923769	1001.0
-4377.00161727	-0.0	2056.92639442	0.0	3.70892364112	3.61930148325	1001.0
-4614.26361075	-0.0	3032.89138235	0.0	5.07788417789	4.99466715228	1001.0
-5595.74222231	-0.0	-149.211786325	-0.0	-0.656464124336	-0.73968114995	1001.0
-5268.73570942	-0.0	812.096928931	0.0	2.46590187869	2.38268485307	1001.0
-5038.09011993	-0.0	-51.2310107598	-0.0	-0.191124040434	-0.280746198312	1001.0
-4799.76274601	-0.0	668.390254901	0.0	1.84941230732	1.75979014945	1001.0
-4535.21884248	-0.0	1.46507538037	0.0	0.00497691983515	-0.0921086703562	1001.0
-4361.90324351	-0.0	515.186905093	0.0	1.37798741154	1.28090182135	1001.0
-4069.92955267	-0.0	35.4139060135	0.0	0.115116507216	0.00920100466794	1001.0
-3945.98482659	-0.0	377.87031692	0.0	1.01676675379	0.910851251237	1001.0
-3640.70137188	-0.0	51.7926828742	0.0	0.168093933946	0.0515899610326	1001.0
-3548.50249276	-0.0	278.066193189	0.0	0.777216584762	0.660712611849	1001.0
