-751.762966329	-0.0	68.205740839	0.0	0.79939692175	0.216854178853	1001.0
-1441.04748339	-0.0	118.157272972	0.0	0.692417211356	0.401148623138	1001.0
-2082.28605559	-0.0	175.087758617	0.0	0.683998774493	0.489827135832	1001.0
-2736.72927569	-0.0	291.940422854	0.0	0.855396267785	0.709763409418	1001.0
-3419.19463067	-0.0	603.304511743	0.0	1.41413559314	1.29763162023	1001.0
-3754.21149511	-0.0	912.934484359	0.0	1.9454178122	1.83950230966	1001.0
-4071.89115859	-0.0	1382.88242983	0.0	2.70118157398	2.60409598378	1001.0
-4352.81970346	-0.0	2074.42435371	0.0	3.74047488917	3.6508527313	1001.0
-4585.57068427	-0.0	3045.80223334	0.0	5.09950045019	5.01628342458	1001.0
-5557.33258946	-0.0	-170.13737579	-0.0	-0.748527218701	-0.831744244315	1001.0
-5237.86202043	-0.0	797.63642256	0.0	2.42199309322	2.33877606761	1001.0
-5010.7481899	-0.0	-55.7442876327	-0.0	-0.207961414883	-0.297583572761	1001.0
-4775.78845436	-0.0	669.049855199	0.0	1.85123739813	1.76161524025	1001.0
-4514.71971447	-0.0	4.83788496189	0.0	0.0164344892758	-0.0806511009156	1001.0
-4342.70297776	-0.0	522.945127468	0.0	1.39873858488	1.30165299469	1001.0
-4054.0344656	-0.0	42.3454745417	0.0	0.137648276465	0.0317327739168	1001.0
-3930.54141615	-0.0	388.26476274	0.0	1.04473594443	0.938820441885	1001.0
-3628.0682283	-0.0	59.9580093634	0.0	0.194594624301	0.078090651388	1001.0
-3535.9737203	-0.0	288.668637602	0.0	0.806851239525	0.690347266612	1001.0
