-920.837056647	-0.0	60.6034720689	0.0	0.710295474007	0.12775273111	1001.0
-1745.04701718	-0.0	89.6975868201	0.0	0.525639695034	0.234371106816	1001.0
-2524.02513384	-0.0	116.628359051	0.0	0.455620971404	0.261449332743	1001.0
-3314.19628216	-0.0	200.705347002	0.0	0.588074111395	0.442441253028	1001.0
-4148.27819609	-0.0	522.514194769	0.0	1.22476445371	1.10826048079	1001.0
-4561.96846886	-0.0	874.627371018	0.0	1.86378726598	1.75787176343	1001.0
-4946.10585572	-0.0	1463.56494783	0.0	2.85877858025	2.76169299006	1001.0
-5286.19184545	-0.0	2353.96097341	0.0	4.24451819386	4.15489603599	1001.0
-5538.1646959	-0.0	3709.76819157	0.0	6.21115985665	6.12794283104	1001.0
-6712.00206881	-0.0	-354.939195808	-0.0	-1.561571335	-1.64478836061	1001.0
-6322.92775039	-0.0	918.062573366	0.0	2.7876625853	2.70444555968	1001.0
-6060.6808264	-0.0	-216.369268668	-0.0	-0.807194084996	-0.896816242874	1001.0
-5777.73393921	-0.0	687.17157587	0.0	1.90137956132	1.81175740345	1001.0
-5462.72164687	-0.0	-149.278064753	-0.0	-0.507103573901	-0.604189164093	1001.0
-5258.49914593	-0.0	465.334598633	0.0	1.24464580278	1.14756021259	1001.0
-4904.41014722	-0.0	-99.6994329774	-0.0	-0.32408315794	-0.429998660488	1001.0
-4758.49255701	-0.0	295.076023876	0.0	0.793985336985	0.688069834437	1001.0
-4388.78261721	-0.0	-65.3174151037	-0.0	-0.211988656518	-0.328492629431	1001.0
-4278.12476138	-0.0	183.824457008	0.0	0.513803620039	0.397299647126	1001.0
