-759.972399593	-0.0	64.5186535143	0.0	0.756182872297	0.173640129401	1001.0
-1458.87359306	-0.0	103.984753093	0.0	0.60936437469	0.318095786472	1001.0
-2110.73179092	-0.0	145.488406994	0.0	0.568365789093	0.374194150432	1001.0
-2781.68441294	-0.0	239.174768609	0.0	0.700790943634	0.555158085266	1001.0
-3489.73431108	-0.0	523.833666689	0.0	1.22785727362	1.1113533007	1001.0
-3842.21251849	-0.0	823.717578881	0.0	1.75530104037	1.64938553782	1001.0
-4181.69294503	-0.0	1288.19673461	0.0	2.51623218875	2.41914659856	1001.0
-4486.93649632	-0.0	1991.09824949	0.0	3.59022636365	3.50060420577	1001.0
-4746.00350193	-0.0	2998.83906873	0.0	5.02087135325	4.93765432763	1001.0
-5789.99636604	-0.0	-21.847897533	-0.0	-0.0961208311747	-0.179337856789	1001.0
-5420.50449961	-0.0	904.194081829	0.0	2.74555143069	2.66233440507	1001.0
-5171.43248232	-0.0	-15.3520956836	-0.0	-0.0572730171174	-0.146895174996	1001.0
-4913.90022078	-0.0	678.480840654	0.0	1.8773326029	1.78771044503	1001.0
-4632.03683494	-0.0	-5.79345727	-0.0	-0.019680606737	-0.116766196928	1001.0
-4450.95283766	-0.0	486.392528898	0.0	1.30097014358	1.20388455339	1001.0
-4142.81798251	-0.0	8.41634968045	0.0	0.0273582015595	-0.078557300989	1001.0
-4015.57372366	-0.0	334.656042225	0.0	0.900486549092	0.794571046544	1001.0
-3697.05988854	-0.0	17.2980557574	0.0	0.0561411010302	-0.060362871883	1001.0
-3603.67015345	-0.0	232.17420909	0.0	0.648944928504	0.532440955591	1001.0
