-718.112356185	-0.0	63.7670987359	0.0	0.747374367778	0.164831624882	1001.0
-1380.68728419	-0.0	101.286285976	0.0	0.593551001306	0.302282413088	1001.0
-2000.74057998	-0.0	141.314125191	0.0	0.55205851747	0.35788687881	1001.0
-2645.67478733	-0.0	229.865311772	0.0	0.67351388979	0.527881031422	1001.0
-3334.86226746	-0.0	515.223397494	0.0	1.20767494795	1.09117097503	1001.0
-3683.22848492	-0.0	824.982493317	0.0	1.75799650988	1.65208100734	1001.0
-4022.55075932	-0.0	1313.78672425	0.0	2.56621706598	2.46913147579	1001.0
-4332.18939745	-0.0	2071.23549623	0.0	3.73472493675	3.64510277887	1001.0
-4596.54422674	-0.0	3189.88392018	0.0	5.3407323394	5.25751531379	1001.0
-5692.34718646	-0.0	431.993363732	0.0	1.90057469471	1.8173576691	1001.0
-5288.556383	-0.0	1280.27797718	0.0	3.88751607929	3.80429905368	1001.0
-5021.50732595	-0.0	222.92468687	0.0	0.831649936926	0.742027779048	1001.0
-4754.94989449	-0.0	866.538726563	0.0	2.39768215339	2.30805999552	1001.0
-4462.85697547	-0.0	125.92676449	0.0	0.427778270226	0.330692680035	1001.0
-4284.18517424	-0.0	575.439918111	0.0	1.53914813327	1.44206254307	1001.0
-3971.25095152	-0.0	79.7269222751	0.0	0.259160478371	0.153244975822	1001.0
-3847.04827943	-0.0	379.170927501	0.0	1.02026641369	0.914350911145	1001.0
-3530.59114627	-0.0	55.4574890804	0.0	0.179988117799	0.0634841448857	1001.0
-3441.04783748	-0.0	251.891488993	0.0	0.704056255671	0.587552282758	1001.0
