-734.074703671	-0.0	71.4833277006	0.0	0.837811471841	0.255268728944	1001.0
-1389.22268366	-0.0	134.532262679	0.0	0.788376811837	0.497108223618	1001.0
-2009.98979884	-0.0	216.262594324	0.0	0.844852607941	0.650680969281	1001.0
-2641.63169004	-0.0	379.034845741	0.0	1.1105861574	0.964953299033	1001.0
-3300.74797673	-0.0	843.753036045	0.0	1.97774287589	1.86123890297	1001.0
-3627.65782775	-0.0	1297.28282265	0.0	2.76444493433	2.65852943178	1001.0
-3926.66567796	-0.0	2036.68027885	0.0	3.97824364721	3.88115805702	1001.0
-4174.17033127	-0.0	3175.67391398	0.0	5.72618061978	5.6365584619	1001.0
-4299.73736986	-0.0	5039.14956648	0.0	8.43690545682	8.3536884312	1001.0
-5372.35114811	-0.0	890.942441242	0.0	3.91974229335	3.83652526774	1001.0
-5068.18295538	-0.0	2176.34980647	0.0	6.60840459465	6.52518756903	1001.0
-4849.00071654	-0.0	652.163408032	0.0	2.43298158123	2.34335942335	1001.0
-4628.27713945	-0.0	1521.03414647	0.0	4.20864794142	4.11902578354	1001.0
-4365.94446851	-0.0	481.513644935	0.0	1.63572116662	1.53863557643	1001.0
-4203.86858003	-0.0	1066.88379829	0.0	2.85362929277	2.75654370258	1001.0
-3918.78281116	-0.0	360.728307511	0.0	1.17258409166	1.06666858911	1001.0
-3802.62169067	-0.0	731.446483663	0.0	1.96816323871	1.86224773616	1001.0
-3501.46847025	-0.0	287.617429405	0.0	0.933466707979	0.816962735066	1001.0
-3417.13126336	-0.0	508.853404283	0.0	1.42228474625	1.30578077334	1001.0
