-872.179255406	-0.0	60.9615373798	0.0	0.714492134051	0.131949391154	1001.0
-1672.60624054	-0.0	91.0507057316	0.0	0.53356915041	0.242300562192	1001.0
-2418.62798947	-0.0	117.306418295	0.0	0.458269881273	0.264098242613	1001.0
-3181.75483617	-0.0	195.317588169	0.0	0.572287778167	0.426654919799	1001.0
-3982.66052377	-0.0	463.015468151	0.0	1.08530044271	0.9687964698	1001.0
-4379.55927573	-0.0	750.808173095	0.0	1.5999347363	1.49401923375	1001.0
-4759.08714095	-0.0	1201.94589438	0.0	2.34775858943	2.25067299924	1001.0
-5100.75044598	-0.0	1875.52284384	0.0	3.38182787379	3.29220571592	1001.0
-5391.89000023	-0.0	2830.62604622	0.0	4.73923705191	4.65602002629	1001.0
-6648.65164841	-0.0	-513.313624423	-0.0	-2.25834692598	-2.3415639516	1001.0
-6190.47660356	-0.0	477.958539259	0.0	1.4513031855	1.36808615989	1001.0
-5932.23826194	-0.0	-352.009774235	-0.0	-1.31321887518	-1.40284103305	1001.0
-5615.43295374	-0.0	396.22801287	0.0	1.096348964	1.00672680612	1001.0
-5313.18674977	-0.0	-247.197877223	-0.0	-0.839741104683	-0.936826694875	1001.0
-5088.86365159	-0.0	292.320926818	0.0	0.781880426897	0.684794836706	1001.0
-4752.67405138	-0.0	-168.105352703	-0.0	-0.546443564859	-0.652359067407	1001.0
-4594.52631778	-0.0	194.615620637	0.0	0.523668263875	0.417752761327	1001.0
-4242.08959162	-0.0	-112.940466393	-0.0	-0.366549988224	-0.483053961137	1001.0
-4125.75307971	-0.0	128.212033495	0.0	0.358362581425	0.241858608512	1001.0
