-693.149438247	-0.0	72.2652374847	0.0	0.846975748437	0.264433005541	1001.0
-1311.35239816	-0.0	140.763958656	0.0	0.824895372584	0.533626784366	1001.0
-1900.97974311	-0.0	230.620474803	0.0	0.900943180634	0.706771541973	1001.0
-2504.7979593	-0.0	407.837062708	0.0	1.19497772146	1.04934486309	1001.0
-3143.8106751	-0.0	909.142988274	0.0	2.13101582028	2.01451184737	1001.0
-3465.33299855	-0.0	1399.14220641	0.0	2.98150219626	2.87558669372	1001.0
-3769.1244791	-0.0	2194.68107623	0.0	4.28686629896	4.18978070877	1001.0
-4022.44677037	-0.0	3453.82063181	0.0	6.22771773859	6.13809558071	1001.0
-4152.38481746	-0.0	5578.1102221	0.0	9.33927202412	9.2560549985	1001.0
-5197.92926666	-0.0	2062.51554291	0.0	9.0741320988	8.99091507319	1001.0
-4882.2864288	-0.0	3169.37170289	0.0	9.62367835414	9.54046132852	1001.0
-4657.58288217	-0.0	1282.90908427	0.0	4.78606149009	4.69643933221	1001.0
-4434.96536425	-0.0	2058.91273443	0.0	5.69693906043	5.60731690255	1001.0
-4160.6420658	-0.0	886.773170508	0.0	3.01240403102	2.91531844082	1001.0
-4006.93750127	-0.0	1397.22053276	0.0	3.73719185457	3.64010626438	1001.0
-3718.83706407	-0.0	618.993416184	0.0	2.01210112304	1.90618562049	1001.0
-3618.32614877	-0.0	921.213887068	0.0	2.47878600556	2.37287050301	1001.0
-3313.69042037	-0.0	459.491406295	0.0	1.49128629397	1.37478232106	1001.0
-3247.1367603	-0.0	618.845223074	0.0	1.7297204139	1.61321644098	1001.0
