-763.187023878	-0.0	69.2896857801	0.0	0.812101163924	0.229558421027	1001.0
-1462.04460522	-0.0	122.453772191	0.0	0.717595263731	0.426326675513	1001.0
-2111.56350623	-0.0	184.164348908	0.0	0.71945743068	0.525285792019	1001.0
-2772.07129824	-0.0	308.95045097	0.0	0.905236281111	0.759603422743	1001.0
-3457.28226792	-0.0	631.181336549	0.0	1.47947839999	1.36297442708	1001.0
-3791.79668005	-0.0	945.583794043	0.0	2.01499186128	1.90907635873	1001.0
-4106.83635726	-0.0	1419.78993124	0.0	2.77327292505	2.67618733486	1001.0
-4383.82110581	-0.0	2109.37069021	0.0	3.80348798188	3.71386582401	1001.0
-4611.09263056	-0.0	3070.35300832	0.0	5.14060511769	5.05738809207	1001.0
-5596.81291129	-0.0	-271.195063904	-0.0	-1.19313517072	-1.27635219633	1001.0
-5280.74755042	-0.0	717.818297995	0.0	2.17962835041	2.0964113248	1001.0
-5058.65294612	-0.0	-106.001729777	-0.0	-0.395453429231	-0.485075587109	1001.0
-4822.37695877	-0.0	637.598932479	0.0	1.76421380207	1.67459164419	1001.0
-4565.29397237	-0.0	-17.62810378	-0.0	-0.0598833756502	-0.156968965842	1001.0
-4389.81000442	-0.0	516.994065643	0.0	1.38282108349	1.28573549329	1001.0
-4103.99516972	-0.0	35.5272490397	0.0	0.115484940263	0.00956943771486	1001.0
-3976.84737017	-0.0	394.731201251	0.0	1.06213572261	0.956220220061	1001.0
-3675.68985928	-0.0	61.6163273505	0.0	0.199976720356	0.0834727474429	1001.0
-3580.29283485	-0.0	300.002122558	0.0	0.838529209328	0.722025236415	1001.0
