-844.20522846	-0.0	63.4364825521	0.0	0.743499421823	0.160956678926	1001.0
-1618.36857979	-0.0	100.41540125	0.0	0.58844750189	0.297178913672	1001.0
-2339.25743016	-0.0	137.267195474	0.0	0.536248760187	0.342077121526	1001.0
-3075.16023301	-0.0	229.537073859	0.0	0.672552140527	0.526919282159	1001.0
-3844.53712742	-0.0	514.329212453	0.0	1.2055789933	1.08907502039	1001.0
-4224.03402456	-0.0	810.498813502	0.0	1.72713251123	1.62121700868	1001.0
-4585.18699894	-0.0	1268.9796381	0.0	2.47869547131	2.38160988112	1001.0
-4908.07617529	-0.0	1947.23180639	0.0	3.51112908126	3.42150692339	1001.0
-5180.32406101	-0.0	2903.0357588	0.0	4.86047058371	4.77725355809	1001.0
-6357.74353535	-0.0	-463.988129134	-0.0	-2.04133713828	-2.1245541639	1001.0
-5943.58725745	-0.0	530.473768003	0.0	1.61076370876	1.52754668314	1001.0
-5695.71661088	-0.0	-292.872518453	-0.0	-1.09259954525	-1.18222170313	1001.0
-5403.01392374	-0.0	457.394094711	0.0	1.26559335935	1.17597120147	1001.0
-5113.62606373	-0.0	-187.902249823	-0.0	-0.638311479902	-0.735397070093	1001.0
-4903.33535193	-0.0	353.171064344	0.0	0.944638297239	0.847552707048	1001.0
-4581.3546418	-0.0	-113.301756779	-0.0	-0.368298896399	-0.474214398947	1001.0
-4431.77809462	-0.0	250.842843045	0.0	0.674963477715	0.569047975166	1001.0
-4093.60712959	-0.0	-64.6971003607	-0.0	-0.209975415657	-0.32647938857	1001.0
-3982.86457897	-0.0	177.444751801	0.0	0.495971848995	0.379467876081	1001.0
