-637.465499747	-0.0	68.8722755121	0.0	0.807208958674	0.224666215778	1001.0
-1224.84974609	-0.0	120.991240181	0.0	0.70902463316	0.417756044942	1001.0
-1774.21548547	-0.0	183.528772748	0.0	0.716974485455	0.522802846794	1001.0
-2344.82973282	-0.0	301.922113895	0.0	0.88464299278	0.739010134412	1001.0
-2951.19006634	-0.0	626.094510209	0.0	1.4675549649	1.35105099199	1001.0
-3255.62484549	-0.0	958.21500466	0.0	2.04190834055	1.935992838	1001.0
-3548.282387	-0.0	1476.12805094	0.0	2.88331806523	2.78623247504	1001.0
-3810.90494329	-0.0	2268.67813577	0.0	4.09074140654	4.00111924866	1001.0
-4025.6805532	-0.0	3440.48213845	0.0	5.76030184162	5.67708481601	1001.0
-4968.54879364	-0.0	719.993665323	0.0	3.16764528243	3.08442825681	1001.0
-4644.8577491	-0.0	1559.19621348	0.0	4.73444084702	4.6512238214	1001.0
-4408.33973138	-0.0	455.483168931	0.0	1.69924001703	1.60961785915	1001.0
-4188.61544486	-0.0	1086.49010405	0.0	3.00627987241	2.91665771453	1001.0
-3930.19035264	-0.0	317.463700545	0.0	1.07843692505	0.981351334861	1001.0
-3781.64672049	-0.0	752.275654443	0.0	2.01213651121	1.91505092102	1001.0
-3505.41448678	-0.0	233.590975295	0.0	0.759311248611	0.653395746063	1001.0
-3399.73228565	-0.0	525.787507617	0.0	1.41477970977	1.30886420722	1001.0
-3120.54966968	-0.0	180.692327715	0.0	0.586439676686	0.469935703773	1001.0
-3044.06860798	-0.0	371.287392565	0.0	1.03777706993	0.921273097015	1001.0
