-859.036199733	-0.0	62.6105165918	0.0	0.73381879028	0.151276047383	1001.0
-1628.05630305	-0.0	99.8682523983	0.0	0.585241137418	0.2939725492	1001.0
-2357.57999525	-0.0	141.252904593	0.0	0.551819352754	0.357647714094	1001.0
-3102.99428052	-0.0	248.07352555	0.0	0.726864631546	0.581231773179	1001.0
-3895.27284239	-0.0	626.772166782	0.0	1.46914338047	1.35263940756	1001.0
-4294.12875167	-0.0	1027.27921898	0.0	2.18908073356	2.08316523101	1001.0
-4666.10138886	-0.0	1707.18857414	0.0	3.33464813805	3.23756254786	1001.0
-4993.0818614	-0.0	2758.32259695	0.0	4.97363829713	4.88401613926	1001.0
-5217.44566472	-0.0	4442.32395466	0.0	7.43765723156	7.35444020595	1001.0
-6467.94815525	-0.0	390.924329044	0.0	1.71988958559	1.63667255998	1001.0
-6055.10925495	-0.0	1665.11359168	0.0	5.05605499502	4.97283796941	1001.0
-5782.81305082	-0.0	246.206122527	0.0	0.918504402298	0.82888224442	1001.0
-5497.03999322	-0.0	1123.14979633	0.0	3.10771595049	3.01809379261	1001.0
-5179.05953189	-0.0	147.913127092	0.0	0.502466825914	0.405381235723	1001.0
-4977.3948089	-0.0	738.640677962	0.0	1.97566658978	1.87858099959	1001.0
-4631.17194108	-0.0	91.590492928	0.0	0.297724222685	0.191808720137	1001.0
-4487.79338609	-0.0	469.628516661	0.0	1.26366809191	1.15775258936	1001.0
-4130.04752716	-0.0	66.0606914008	0.0	0.214400970958	0.0978969980444	1001.0
-4024.11889584	-0.0	298.251225801	0.0	0.833635317041	0.717131344128	1001.0
