-732.508309365	-0.0	71.9407988873	0.0	0.843173206116	0.260630463219	1001.0
-1386.25513904	-0.0	135.094862826	0.0	0.791673722938	0.50040513472	1001.0
-2004.36086126	-0.0	216.527455156	0.0	0.845887314684	0.651715676024	1001.0
-2631.63404282	-0.0	376.651610469	0.0	1.10360318965	0.957970331286	1001.0
-3285.40863703	-0.0	821.654430381	0.0	1.92594411719	1.80944014427	1001.0
-3607.45042729	-0.0	1256.09885715	0.0	2.67668395975	2.5707684572	1001.0
-3898.54182286	-0.0	1965.29422601	0.0	3.83880540834	3.74171981815	1001.0
-4139.78901541	-0.0	3044.15438357	0.0	5.4890326611	5.39941050322	1001.0
-4271.19325255	-0.0	4762.71649807	0.0	7.97408139642	7.89086437081	1001.0
-5269.76574039	-0.0	633.931377852	0.0	2.78901028599	2.70579326038	1001.0
-4992.56334568	-0.0	1924.10413527	0.0	5.84247007089	5.75925304528	1001.0
-4782.28154794	-0.0	512.305688353	0.0	1.91122391777	1.82160175989	1001.0
-4574.09477374	-0.0	1391.69588638	0.0	3.85077352858	3.7611513707	1001.0
-4321.0542636	-0.0	402.304827126	0.0	1.36664563525	1.26956004506	1001.0
-4166.50149255	-0.0	992.871607192	0.0	2.65566644351	2.55858085332	1001.0
-3886.91098826	-0.0	318.122018151	0.0	1.03408801007	0.92817250752	1001.0
-3774.3590005	-0.0	694.789969562	0.0	1.86952854004	1.76361303749	1001.0
-3479.59997911	-0.0	261.570587604	0.0	0.848931289804	0.73242731689	1001.0
-3396.14787455	-0.0	490.801345271	0.0	1.37182784068	1.25532386776	1001.0
