-893.234509292	-0.0	62.5189611194	0.0	0.732745725728	0.150202982831	1001.0
-1692.46143694	-0.0	96.9426888956	0.0	0.568096949242	0.276828361024	1001.0
-2447.46082546	-0.0	132.15636025	0.0	0.516282743959	0.322111105298	1001.0
-3212.66362129	-0.0	227.192504135	0.0	0.66568246427	0.520049605902	1001.0
-4018.49059647	-0.0	562.471010593	0.0	1.31842255562	1.2019185827	1001.0
-4417.04655276	-0.0	921.61920503	0.0	1.96392451841	1.85800901586	1001.0
-4785.45927218	-0.0	1518.00348733	0.0	2.96511327411	2.86802768392	1001.0
-5109.50071321	-0.0	2416.26387112	0.0	4.35685896155	4.26723680367	1001.0
-5345.19144877	-0.0	3782.00184288	0.0	6.33209861405	6.24888158843	1001.0
-6462.75215053	-0.0	-282.717416408	-0.0	-1.24382829111	-1.32704531672	1001.0
-6103.65314054	-0.0	988.494247461	0.0	3.00152572316	2.91830869755	1001.0
-5850.17959028	-0.0	-150.154881893	-0.0	-0.560172584783	-0.649794742661	1001.0
-5584.85930885	-0.0	750.96640974	0.0	2.077897621	1.98827546312	1001.0
-5280.71936256	-0.0	-90.7747851883	-0.0	-0.3083655865	-0.405451176691	1001.0
-5087.478304	-0.0	521.837326023	0.0	1.39577551181	1.29868992162	1001.0
-4745.56912492	-0.0	-49.6749697475	-0.0	-0.161473546895	-0.267389049444	1001.0
-4606.74765464	-0.0	343.820253486	0.0	0.925145446387	0.819229943838	1001.0
-4249.36024399	-0.0	-23.357481723	-0.0	-0.0758070594533	-0.192311032366	1001.0
-4143.75035537	-0.0	224.798488067	0.0	0.628329215972	0.511825243058	1001.0
