-793.100960544	-0.0	66.0973759943	0.0	0.774686093218	0.192143350321	1001.0
-1520.31650719	-0.0	110.324769714	0.0	0.646517708705	0.355249120487	1001.0
-2197.16690584	-0.0	158.340927781	0.0	0.618575515558	0.424403876897	1001.0
-2887.95062735	-0.0	264.349562717	0.0	0.774554024167	0.6289211658	1001.0
-3609.2100819	-0.0	563.756368573	0.0	1.32143541303	1.20493144012	1001.0
-3964.06689186	-0.0	867.17298855	0.0	1.84790234906	1.74198684651	1001.0
-4301.101225	-0.0	1331.70530029	0.0	2.60121738589	2.5041317957	1001.0
-4600.7990618	-0.0	2016.43960732	0.0	3.63592034735	3.54629818947	1001.0
-4851.2985758	-0.0	2979.29378106	0.0	4.98814723146	4.90493020584	1001.0
-5909.58895673	-0.0	-303.81500767	-0.0	-1.33664811529	-1.41986514091	1001.0
-5550.62569364	-0.0	675.770433148	0.0	2.05195158521	1.96873455959	1001.0
-5313.73048921	-0.0	-162.676775918	-0.0	-0.606887161452	-0.69650931933	1001.0
-5054.49612201	-0.0	573.45329203	0.0	1.58672507293	1.49710291506	1001.0
-4780.4594363	-0.0	-81.557549821	-0.0	-0.277054268229	-0.374139858421	1001.0
-4592.21035739	-0.0	446.866956911	0.0	1.1952497922	1.09816420201	1001.0
-4288.50956421	-0.0	-27.1596432263	-0.0	-0.0882851856065	-0.194200688155	1001.0
-4153.89737261	-0.0	326.93967468	0.0	0.879723484019	0.77380798147	1001.0
-3835.36696376	-0.0	4.4608393172	0.0	0.0144777213289	-0.102026251584	1001.0
-3735.28918776	-0.0	239.172840807	0.0	0.668506647168	0.552002674254	1001.0
