-778.334208035	-0.0	69.9408568421	0.0	0.819733133551	0.237190390654	1001.0
-1473.60662511	-0.0	125.566514741	0.0	0.735836345825	0.444567757607	1001.0
-2129.48580981	-0.0	194.133813866	0.0	0.758404195821	0.56423255716	1001.0
-2792.76904405	-0.0	334.028694288	0.0	0.978716464249	0.833083605881	1001.0
-3484.70021267	-0.0	730.495347709	0.0	1.71226876596	1.59576479304	1001.0
-3823.5724557	-0.0	1125.46727738	0.0	2.39831458442	2.29239908188	1001.0
-4130.01838165	-0.0	1768.65931025	0.0	3.45471880792	3.35763321773	1001.0
-4390.10320676	-0.0	2730.10874665	0.0	4.92276481102	4.83314265314	1001.0
-4556.88828865	-0.0	4201.74611572	0.0	7.03486456678	6.95164754116	1001.0
-5509.62327891	-0.0	122.539816108	0.0	0.539119563267	0.455902537653	1001.0
-5241.49309582	-0.0	1395.57544361	0.0	4.23761251353	4.15439548792	1001.0
-5024.83597383	-0.0	182.774914476	0.0	0.681865917274	0.592243759396	1001.0
-4815.6208371	-0.0	1073.40933351	0.0	2.97008584078	2.8804636829	1001.0
-4555.21373001	-0.0	182.737123256	0.0	0.620765337767	0.523679747576	1001.0
-4398.06898133	-0.0	784.749070476	0.0	2.0989942284	2.00190863821	1001.0
-4105.37989421	-0.0	172.170933855	0.0	0.559659150336	0.453743647788	1001.0
-3990.18604862	-0.0	558.3750296	0.0	1.50246563654	1.39655013399	1001.0
-3682.57258749	-0.0	156.976035427	0.0	0.509468092128	0.392964119214	1001.0
-3594.57998315	-0.0	398.540665588	0.0	1.11395208258	0.997448109662	1001.0
