-767.211301926	-0.0	64.5068790181	0.0	0.756044870775	0.173502127879	1001.0
-1472.5066035	-0.0	103.973975277	0.0	0.609301215268	0.318032627049	1001.0
-2130.17524588	-0.0	145.308363434	0.0	0.567662429958	0.373490791297	1001.0
-2806.3302498	-0.0	239.281008878	0.0	0.701102231562	0.555469373195	1001.0
-3519.01212067	-0.0	523.923922826	0.0	1.22806883248	1.11156485957	1001.0
-3873.31984654	-0.0	822.982367994	0.0	1.75373434267	1.64781884012	1001.0
-4214.07429328	-0.0	1285.75963829	0.0	2.51147181323	2.41438622304	1001.0
-4520.1551155	-0.0	1984.04904142	0.0	3.57751566358	3.4878935057	1001.0
-4779.80244172	-0.0	2982.34113377	0.0	4.99324932782	4.9100323022	1001.0
-5828.43049088	-0.0	-71.6091743809	-0.0	-0.315047859906	-0.39826488552	1001.0
-5458.23117013	-0.0	862.338231316	0.0	2.6184577098	2.53524068419	1001.0
-5210.11011981	-0.0	-44.031107105	-0.0	-0.164263850545	-0.253886008423	1001.0
-4951.1040268	-0.0	655.688394523	0.0	1.81426670678	1.7246445489	1001.0
-4669.29130265	-0.0	-23.1348553174	-0.0	-0.0785900315132	-0.175675621705	1001.0
-4486.45561712	-0.0	474.086552496	0.0	1.26805494252	1.17096935232	1001.0
-4177.76391893	-0.0	-2.24925939948	-0.0	-0.00731144668971	-0.113226949238	1001.0
-4049.0961319	-0.0	327.643357822	0.0	0.881616942149	0.7757014396	1001.0
-3729.30261707	-0.0	10.7276093717	0.0	0.0348166181216	-0.0816873547915	1001.0
-3634.7216988	-0.0	228.192285888	0.0	0.637815144202	0.521311171289	1001.0
