-705.362182778	-0.0	72.6346961179	0.0	0.8513059425	0.268763199603	1001.0
-1334.40598064	-0.0	141.505967487	0.0	0.829243642245	0.537975054027	1001.0
-1933.48715141	-0.0	232.051968063	0.0	0.906535459858	0.712363821198	1001.0
-2544.88248011	-0.0	412.014312295	0.0	1.2072172177	1.06158435933	1001.0
-3187.89259829	-0.0	918.02961062	0.0	2.15184591307	2.03534194016	1001.0
-3508.46602049	-0.0	1413.0206103	0.0	3.01107638214	2.90516087959	1001.0
-3808.59452409	-0.0	2211.47396315	0.0	4.31966781249	4.22258222229	1001.0
-4055.77185391	-0.0	3466.16375886	0.0	6.249974109	6.16035195112	1001.0
-4173.89267042	-0.0	5572.87948143	0.0	9.33051434311	9.24729731749	1001.0
-5278.60013964	-0.0	1700.85318682	0.0	7.48298191055	7.39976488494	1001.0
-4956.54595706	-0.0	2891.93975552	0.0	8.78126664704	8.69804962142	1001.0
-4732.92604742	-0.0	1100.04685871	0.0	4.1038698473	4.01424768942	1001.0
-4504.81363028	-0.0	1919.36300974	0.0	5.31080988452	5.22118772664	1001.0
-4236.16110204	-0.0	768.064285629	0.0	2.60914518736	2.51205959716	1001.0
-4069.17563241	-0.0	1331.58736091	0.0	3.56164064452	3.46455505433	1001.0
-3788.29159796	-0.0	547.309256271	0.0	1.77908446262	1.67316896007	1001.0
-3676.63822022	-0.0	886.708296336	0.0	2.38593897338	2.28002347083	1001.0
-3374.07774899	-0.0	420.722933142	0.0	1.36546262924	1.24895865633	1001.0
-3299.99877725	-0.0	603.361731732	0.0	1.68644285425	1.56993888134	1001.0
