-774.636652112	-0.0	68.3281843949	0.0	0.800832006252	0.218289263356	1001.0
-1466.83029148	-0.0	123.779745388	0.0	0.725365641638	0.43409705342	1001.0
-2124.82253013	-0.0	194.134137104	0.0	0.758405458583	0.564233819922	1001.0
-2797.54342677	-0.0	344.114902059	0.0	1.00826942714	0.862636568773	1001.0
-3505.73747698	-0.0	808.921391558	0.0	1.89609808909	1.77959411617	1001.0
-3861.761558	-0.0	1272.07916239	0.0	2.71073719248	2.60482168993	1001.0
-4195.19947904	-0.0	2031.95397228	0.0	3.96901176173	3.87192617154	1001.0
-4477.59470773	-0.0	3221.77411851	0.0	5.80930568392	5.71968352604	1001.0
-4633.30332305	-0.0	5206.95260168	0.0	8.71785332802	8.63463630241	1001.0
-5858.13126476	-0.0	1108.13239017	0.0	4.87527947411	4.7920624485	1001.0
-5483.28920887	-0.0	2364.55870278	0.0	7.17989385225	7.09667682663	1001.0
-5231.96868092	-0.0	723.860991041	0.0	2.70045886795	2.61083671007	1001.0
-4973.91818175	-0.0	1574.73453511	0.0	4.35723502647	4.2676128686	1001.0
-4679.759772	-0.0	490.430613642	0.0	1.666012467	1.56892687681	1001.0
-4494.91504577	-0.0	1069.12631668	0.0	2.85962743068	2.76254184049	1001.0
-4182.64759253	-0.0	339.112062137	0.0	1.10231828518	0.996402782629	1001.0
-4053.39641727	-0.0	702.744570277	0.0	1.8909326387	1.78501713616	1001.0
-3725.33541497	-0.0	258.066293048	0.0	0.837558048935	0.721054076022	1001.0
-3633.27655585	-0.0	471.025122231	0.0	1.31655176287	1.20004778995	1001.0
