-908.761419034	-0.0	57.9253503869	0.0	0.678906881165	0.0963641382682	1001.0
-1743.45507814	-0.0	79.5767934363	0.0	0.46633051029	0.175061922072	1001.0
-2522.19730573	-0.0	92.8660630492	0.0	0.36279105872	0.16861942006	1001.0
-3320.56767331	-0.0	153.549654557	0.0	0.449906183405	0.304273325037	1001.0
-4161.9635596	-0.0	400.694730751	0.0	0.939221686079	0.822717713166	1001.0
-4581.06469174	-0.0	678.458932144	0.0	1.44576211553	1.33984661298	1001.0
-4983.89924565	-0.0	1120.86197323	0.0	2.18937752317	2.09229193298	1001.0
-5349.25516399	-0.0	1788.81129474	0.0	3.2254749215	3.13585276363	1001.0
-5664.12791857	-0.0	2742.82008611	0.0	4.59222601875	4.50900899313	1001.0
-7032.93563088	-0.0	-583.665939295	-0.0	-2.56786517461	-2.65108220022	1001.0
-6513.70167763	-0.0	405.40808227	0.0	1.23100644281	1.1477894172	1001.0
-6243.30158399	-0.0	-431.179145375	-0.0	-1.60857065267	-1.69819281055	1001.0
-5892.96424491	-0.0	316.357720947	0.0	0.875350677761	0.785728519883	1001.0
-5575.08377559	-0.0	-324.350510935	-0.0	-1.1018316962	-1.19891728639	1001.0
-5331.04426422	-0.0	214.855783927	0.0	0.57468185356	0.477596263368	1001.0
-4977.2389606	-0.0	-238.219012631	-0.0	-0.774355155183	-0.880270657731	1001.0
-4806.91784102	-0.0	124.043343003	0.0	0.333773629593	0.227858127044	1001.0
-4436.59366705	-0.0	-173.978947081	-0.0	-0.564651298517	-0.68115527143	1001.0
-4312.25410454	-0.0	66.8945952889	0.0	0.186975584098	0.0704716111847	1001.0
