-823.09657477	-0.0	62.3426095923	0.0	0.730678819538	0.148136076641	1001.0
-1579.19038286	-0.0	96.0022777726	0.0	0.562586015967	0.271317427749	1001.0
-2284.18835994	-0.0	127.953425631	0.0	0.499863537092	0.305691898432	1001.0
-3007.2313052	-0.0	211.488734993	0.0	0.619669838191	0.474036979823	1001.0
-3768.30870171	-0.0	483.756944512	0.0	1.13391811324	1.01741414032	1001.0
-4146.40289897	-0.0	774.573540559	0.0	1.65057754799	1.54466204544	1001.0
-4509.31158509	-0.0	1228.36369384	0.0	2.39936042599	2.3022748358	1001.0
-4836.22670777	-0.0	1910.20024524	0.0	3.44435603922	3.35473388134	1001.0
-5115.08629174	-0.0	2881.11829928	0.0	4.82377480172	4.74055777611	1001.0
-6268.38023896	-0.0	-303.666662917	-0.0	-1.33599546572	-1.41921249134	1001.0
-5851.97597529	-0.0	657.617742697	0.0	1.99683162121	1.91361459559	1001.0
-5596.57551668	-0.0	-208.0799671	-0.0	-0.776269752552	-0.86589191043	1001.0
-5307.67508839	-0.0	514.512328502	0.0	1.42363750163	1.33401534375	1001.0
-5013.29644913	-0.0	-144.299085359	-0.0	-0.490189781181	-0.587275371372	1001.0
-4809.26830111	-0.0	373.042601872	0.0	0.997789354246	0.900703764055	1001.0
-4484.57746627	-0.0	-93.3985179963	-0.0	-0.303601392256	-0.409516894805	1001.0
-4341.08704899	-0.0	251.817729868	0.0	0.677586685906	0.571671183358	1001.0
-4002.7283236	-0.0	-58.2620654136	-0.0	-0.189090412616	-0.305594385529	1001.0
-3897.29515039	-0.0	170.180084347	0.0	0.475666539803	0.35916256689	1001.0
