-742.454535427	-0.0	66.1947368258	0.0	0.775827198762	0.193284455865	1001.0
-1424.74888023	-0.0	110.33103852	0.0	0.646554444737	0.355285856519	1001.0
-2060.59329777	-0.0	158.908928185	0.0	0.620794468974	0.426622830313	1001.0
-2713.79126	-0.0	262.260610898	0.0	0.768433317852	0.622800459484	1001.0
-3400.78749259	-0.0	558.042033534	0.0	1.30804110814	1.19153713523	1001.0
-3741.32436988	-0.0	862.856775341	0.0	1.83870471418	1.73278921163	1001.0
-4067.90923509	-0.0	1331.03783026	0.0	2.59991361797	2.50282802778	1001.0
-4359.70511104	-0.0	2034.39202272	0.0	3.6682910428	3.57866888493	1001.0
-4605.05188251	-0.0	3037.53562845	0.0	5.08565990766	5.00244288205	1001.0
-5597.09461984	-0.0	-8.54354872951	-0.0	-0.03758773602	-0.120804761634	1001.0
-5255.87707017	-0.0	924.176038127	0.0	2.80622589185	2.72300886623	1001.0
-5016.38611271	-0.0	14.7293627606	0.0	0.0549498298409	-0.0346723280374	1001.0
-4773.97976515	-0.0	712.192516904	0.0	1.97061162441	1.88098946653	1001.0
-4502.42934989	-0.0	29.0553600741	0.0	0.0987022236584	0.00161663346707	1001.0
-4329.88074152	-0.0	523.815509011	0.0	1.40106662311	1.30398103292	1001.0
-4032.380427	-0.0	42.6045825024	0.0	0.138490533273	0.0325750307247	1001.0
-3910.32962674	-0.0	370.656631994	0.0	0.997356298198	0.891440795649	1001.0
-3601.93766752	-0.0	48.3402191472	0.0	0.156888910814	0.0403849379005	1001.0
-3511.90377126	-0.0	264.405538073	0.0	0.739033993799	0.622530020885	1001.0
