-766.334017402	-0.0	68.7883145323	0.0	0.806224904429	0.223682161533	1001.0
-1451.00047627	-0.0	126.457921925	0.0	0.741060109549	0.44979152133	1001.0
-2102.94388347	-0.0	200.275134949	0.0	0.782395913617	0.588224274956	1001.0
-2770.19495777	-0.0	357.02492469	0.0	1.04609627232	0.900463413948	1001.0
-3475.52553807	-0.0	835.837831183	0.0	1.95918976928	1.84268579637	1001.0
-3829.48211128	-0.0	1317.19251724	0.0	2.80687149959	2.70095599705	1001.0
-4164.59988249	-0.0	2099.40083729	0.0	4.10075559264	4.00367000245	1001.0
-4447.1230118	-0.0	3335.86430092	0.0	6.01502611022	5.92540395235	1001.0
-4602.5033131	-0.0	5407.94086282	0.0	9.0543622835	8.97114525789	1001.0
-5852.96718792	-0.0	1389.36984828	0.0	6.11259662051	6.02937959489	1001.0
-5467.07221321	-0.0	2611.28732762	0.0	7.92907607157	7.84585904596	1001.0
-5211.67751512	-0.0	877.426529742	0.0	3.27335535765	3.18373319977	1001.0
-4948.81635567	-0.0	1710.18744721	0.0	4.73202846618	4.6424063083	1001.0
-4650.71846667	-0.0	586.998897723	0.0	1.99405880163	1.89697321144	1001.0
-4461.78270219	-0.0	1161.42488973	0.0	3.10650146903	3.00941587884	1001.0
-4150.67786816	-0.0	400.842725378	0.0	1.30298009124	1.19706458869	1001.0
-4021.28802298	-0.0	756.28858892	0.0	2.03500793539	1.92909243284	1001.0
-3691.8696122	-0.0	303.021286265	0.0	0.9834601579	0.866956184986	1001.0
-3601.56047469	-0.0	505.885343291	0.0	1.41398878549	1.29748481258	1001.0
