-802.84008874	-0.0	58.1309327764	0.0	0.68131638405	0.0987736411537	1001.0
-1544.38975349	-0.0	79.8311379071	0.0	0.467821002452	0.176552414234	1001.0
-2239.24951016	-0.0	95.3152698821	0.0	0.372359143236	0.178187504575	1001.0
-2963.1546541	-0.0	151.717961165	0.0	0.444539253824	0.298906395456	1001.0
-3741.13453837	-0.0	397.132784333	0.0	0.930872543792	0.814368570879	1001.0
-4137.31216002	-0.0	684.898103661	0.0	1.45948366858	1.35356816603	1001.0
-4526.77549388	-0.0	1149.30356115	0.0	2.24493242182	2.14784683163	1001.0
-4887.33875549	-0.0	1880.17028349	0.0	3.39020785221	3.30058569433	1001.0
-5204.32259062	-0.0	2964.03328459	0.0	4.96259701425	4.87937998864	1001.0
-6516.86200534	-0.0	185.422583169	0.0	0.815775192363	0.732558166749	1001.0
-5998.38335555	-0.0	1037.3260994	0.0	3.14980181084	3.06658478523	1001.0
-5701.52086889	-0.0	5.05254688696	0.0	0.0188491923387	-0.0707729655396	1001.0
-5370.84028015	-0.0	657.677280286	0.0	1.81976988367	1.73014772579	1001.0
-5043.78553388	-0.0	-61.954716919	-0.0	-0.21046265854	-0.307548248732	1001.0
-4825.75927464	-0.0	398.533697688	0.0	1.0659712292	0.968885639008	1001.0
-4474.47364997	-0.0	-77.5757620767	-0.0	-0.252167913122	-0.358083415671	1001.0
-4325.75700483	-0.0	228.402268785	0.0	0.614580778092	0.508665275543	1001.0
-3970.09528918	-0.0	-74.8549992185	-0.0	-0.242943029707	-0.35944700262	1001.0
-3863.88246158	-0.0	126.606692761	0.0	0.353875529518	0.237371556604	1001.0
