-842.000590998	-0.0	64.401882174	0.0	0.754814268293	0.172271525397	1001.0
-1595.33095989	-0.0	105.666183593	0.0	0.619217779301	0.327949191083	1001.0
-2308.48447601	-0.0	152.652375848	0.0	0.596352588144	0.402180949483	1001.0
-3034.49513596	-0.0	265.386323135	0.0	0.777591770649	0.631958912281	1001.0
-3801.79666856	-0.0	639.94258553	0.0	1.50001461973	1.38351064682	1001.0
-4184.50934666	-0.0	1031.20443015	0.0	2.19744516262	2.09152966008	1001.0
-4537.9141532	-0.0	1687.87349673	0.0	3.29692003472	3.19983444453	1001.0
-4846.14681453	-0.0	2690.31405866	0.0	4.85100946795	4.76138731008	1001.0
-5056.91523219	-0.0	4264.54735186	0.0	7.14001089849	7.05679387288	1001.0
-6194.67921673	-0.0	203.234535571	0.0	0.894139697102	0.810922671488	1001.0
-5834.80973778	-0.0	1479.36477732	0.0	4.49203568405	4.40881865843	1001.0
-5580.38679156	-0.0	161.468726082	0.0	0.602380372254	0.512758214376	1001.0
-5321.2614897	-0.0	1046.60932132	0.0	2.89593115043	2.80630899255	1001.0
-5020.76859587	-0.0	115.647633709	0.0	0.392859650641	0.29577406045	1001.0
-4834.1461782	-0.0	712.434745166	0.0	1.90557271678	1.80848712658	1001.0
-4502.71726375	-0.0	87.7622636258	0.0	0.285280173562	0.179364671013	1001.0
-4368.60286668	-0.0	470.070810205	0.0	1.26485820754	1.15894270499	1001.0
-4024.49525371	-0.0	73.197332788	0.0	0.237563048289	0.121059075376	1001.0
-3923.89120738	-0.0	310.597993195	0.0	0.868145489879	0.751641516965	1001.0
