-720.458840552	-0.0	71.6576111114	0.0	0.839854138929	0.257311396033	1001.0
-1363.28985258	-0.0	137.79941765	0.0	0.807522771094	0.516254182876	1001.0
-1975.62895971	-0.0	224.268555203	0.0	0.87612873754	0.68195709888	1001.0
-2601.10347286	-0.0	398.937287695	0.0	1.16890105056	1.02326819219	1001.0
-3260.33375678	-0.0	899.410873855	0.0	2.10820390834	1.99169993543	1001.0
-3589.84609824	-0.0	1392.24003875	0.0	2.96679402154	2.86087851899	1001.0
-3899.51720576	-0.0	2189.22259016	0.0	4.27620424868	4.17911865849	1001.0
-4156.61742129	-0.0	3443.68599139	0.0	6.20944357596	6.11982141808	1001.0
-4284.94700347	-0.0	5551.81240008	0.0	9.29524232523	9.21202529961	1001.0
-5428.34810187	-0.0	1658.73308025	0.0	7.29767256232	7.2144555367	1001.0
-5089.10105454	-0.0	2851.68866011	0.0	8.65904570486	8.57582867924	1001.0
-4856.19329904	-0.0	1062.57449625	0.0	3.96407425841	3.87445210053	1001.0
-4618.80218159	-0.0	1882.51210109	0.0	5.20884471746	5.11922255958	1001.0
-4341.59942973	-0.0	733.577268667	0.0	2.49199140737	2.39490581718	1001.0
-4167.99552463	-0.0	1300.98755915	0.0	3.47979434523	3.38270875504	1001.0
-3879.70085181	-0.0	517.142605558	0.0	1.68102469301	1.57510919046	1001.0
-3763.21439957	-0.0	860.460542783	0.0	2.31531198316	2.20939648062	1001.0
-3453.3433501	-0.0	396.469971027	0.0	1.28674927466	1.17024530175	1001.0
-3375.7261216	-0.0	582.010002236	0.0	1.62676311366	1.51025914074	1001.0
