-671.143743396	-0.0	75.9810489596	0.0	0.890526455728	0.307983712831	1001.0
-1268.75173124	-0.0	152.633138458	0.0	0.894450332447	0.603181744229	1001.0
-1835.18269451	-0.0	255.458490066	0.0	0.997975503936	0.803803865275	1001.0
-2409.94140783	-0.0	448.889227091	0.0	1.31526208583	1.16962922747	1001.0
-3003.19673861	-0.0	963.747072424	0.0	2.25900687194	2.14250289902	1001.0
-3293.17197295	-0.0	1454.88194184	0.0	3.10028078991	2.99436528736	1001.0
-3557.33153695	-0.0	2234.06426958	0.0	4.36379341431	4.26670782412	1001.0
-3764.57852877	-0.0	3441.38347132	0.0	6.20529181286	6.11566965499	1001.0
-3840.82307062	-0.0	5433.39985162	0.0	9.09698754769	9.01377052207	1001.0
-4856.87450037	-0.0	1271.67028184	0.0	5.59477195854	5.51155493293	1001.0
-4590.79334404	-0.0	2546.89855149	0.0	7.73356196683	7.65034494121	1001.0
-4401.50882707	-0.0	922.743427032	0.0	3.44241601801	3.35279386013	1001.0
-4204.19871028	-0.0	1780.12560011	0.0	4.92554487334	4.83592271546	1001.0
-3969.74555223	-0.0	690.370647312	0.0	2.3452167815	2.24813119131	1001.0
-3820.36338562	-0.0	1274.21182123	0.0	3.40817639566	3.31109080547	1001.0
-3567.8463658	-0.0	521.827162353	0.0	1.69625232184	1.59033681929	1001.0
-3462.94779235	-0.0	884.290094688	0.0	2.37943211922	2.27351661668	1001.0
-3188.69677849	-0.0	418.117560685	0.0	1.35700685361	1.2405028807	1001.0
-3114.66865395	-0.0	628.104471291	0.0	1.75560073107	1.63909675816	1001.0
