-939.011811538	-0.0	59.7182071747	0.0	0.699919836668	0.117377093771	1001.0
-1779.53315834	-0.0	86.1387610374	0.0	0.504784506334	0.213515918115	1001.0
-2573.76084008	-0.0	108.786650118	0.0	0.424986509335	0.230814870675	1001.0
-3379.00787808	-0.0	186.947838773	0.0	0.547764101983	0.402131243615	1001.0
-4228.84600934	-0.0	499.417191852	0.0	1.17062546869	1.05412149578	1001.0
-4650.10620269	-0.0	845.018154894	0.0	1.80069150452	1.69477600197	1001.0
-5041.88176103	-0.0	1422.94192503	0.0	2.77942970843	2.68234411824	1001.0
-5389.53344908	-0.0	2296.20004388	0.0	4.14036722491	4.05074506703	1001.0
-5650.03458241	-0.0	3620.02740538	0.0	6.06090939897	5.97769237336	1001.0
-6844.65139375	-0.0	-451.765236006	-0.0	-1.98756195717	-2.07077898278	1001.0
-6443.47531849	-0.0	823.05022071	0.0	2.49916113853	2.41594411291	1001.0
-6179.2271485	-0.0	-284.708020774	-0.0	-1.06214081017	-1.15176296805	1001.0
-5888.16919473	-0.0	623.088749036	0.0	1.72406463525	1.63444247738	1001.0
-5569.45101453	-0.0	-199.183778831	-0.0	-0.676635286474	-0.773720876666	1001.0
-5359.71349038	-0.0	419.277492065	0.0	1.12145534038	1.02436975018	1001.0
-5000.21737174	-0.0	-136.57972857	-0.0	-0.443966313785	-0.549881816334	1001.0
-4850.65121549	-0.0	260.962266936	0.0	0.702192644228	0.596277141679	1001.0
-4474.71389872	-0.0	-93.1275852372	-0.0	-0.302246983409	-0.418750956322	1001.0
-4361.34593148	-0.0	158.089253056	0.0	0.441871728232	0.325367755319	1001.0
