-640.689181405	-0.0	75.9969894913	0.0	0.890713284751	0.308170541855	1001.0
-1210.84689901	-0.0	154.518957974	0.0	0.905501483664	0.614232895446	1001.0
-1753.52809376	-0.0	259.65899378	0.0	1.01438521422	0.820213575558	1001.0
-2306.83154118	-0.0	456.292526799	0.0	1.33695402859	1.19132117022	1001.0
-2885.40965458	-0.0	976.81780642	0.0	2.28964445182	2.17314047891	1001.0
-3172.3052505	-0.0	1473.57344122	0.0	3.14011144202	3.03419593947	1001.0
-3438.22844001	-0.0	2269.42563991	0.0	4.43286471055	4.33577912036	1001.0
-3650.79423572	-0.0	3519.17995112	0.0	6.34556965843	6.25594750055	1001.0
-3737.53276926	-0.0	5613.03220549	0.0	9.39774091225	9.31452388663	1001.0
-4659.16139356	-0.0	2048.16911947	0.0	9.0110143483	8.92779732269	1001.0
-4403.031595	-0.0	3184.11818989	0.0	9.66845550907	9.58523848346	1001.0
-4217.48405708	-0.0	1335.49150983	0.0	4.98222716163	4.89260500375	1001.0
-4027.81567463	-0.0	2121.71050242	0.0	5.87069827393	5.78107611605	1001.0
-3788.49846302	-0.0	960.739793053	0.0	3.2636716148	3.1665860246	1001.0
-3655.18437475	-0.0	1472.88948144	0.0	3.939586088	3.84250049781	1001.0
-3399.31335333	-0.0	694.910549996	0.0	2.25887749612	2.15296199357	1001.0
-3312.13501086	-0.0	997.036218285	0.0	2.682807391	2.57689188845	1001.0
-3037.09611142	-0.0	528.084392271	0.0	1.71390586519	1.59740189228	1001.0
-2979.8509865	-0.0	687.866646724	0.0	1.92264064828	1.80613667537	1001.0
