-728.038123828	-0.0	71.165571183	0.0	0.834087246007	0.251544503111	1001.0
-1377.7909653	-0.0	135.932743311	0.0	0.796583813146	0.505315224928	1001.0
-1996.78805098	-0.0	220.345536267	0.0	0.86080305078	0.666631412119	1001.0
-2629.333348	-0.0	392.342004823	0.0	1.14957662711	1.00394376874	1001.0
-3296.71369835	-0.0	890.002438062	0.0	2.08615069363	1.96964672072	1001.0
-3630.7182877	-0.0	1381.72372954	0.0	2.94438429158	2.83846878904	1001.0
-3945.1878392	-0.0	2177.92968869	0.0	4.2541458461	4.15706025591	1001.0
-4207.27971087	-0.0	3432.22488758	0.0	6.18877761583	6.09915545795	1001.0
-4340.74539201	-0.0	5540.98451177	0.0	9.27711349838	9.19389647276	1001.0
-5503.96123207	-0.0	1637.84449483	0.0	7.20577226894	7.12255524332	1001.0
-5155.83196386	-0.0	2831.57839325	0.0	8.59798163349	8.51476460787	1001.0
-4918.32029208	-0.0	1043.81987435	0.0	3.89410766863	3.80448551075	1001.0
-4676.13034582	-0.0	1864.03997077	0.0	5.1577329831	5.06811082522	1001.0
-4394.66602901	-0.0	716.30006995	0.0	2.4333000703	2.33621448011	1001.0
-4217.67221623	-0.0	1285.6082265	0.0	3.43865873682	3.34157314663	1001.0
-3925.66206676	-0.0	502.032234442	0.0	1.63190689321	1.52599139067	1001.0
-3806.72079941	-0.0	847.255727298	0.0	2.27978069961	2.17386519707	1001.0
-3493.18359327	-0.0	384.298847185	0.0	1.24724770854	1.13074373563	1001.0
-3413.77332912	-0.0	571.257944231	0.0	1.59671027729	1.48020630438	1001.0
