-802.631238189	-0.0	68.8388463437	0.0	0.806817156254	0.224274413358	1001.0
-1519.80550385	-0.0	120.883137247	0.0	0.708391135703	0.417122547485	1001.0
-2196.05350257	-0.0	183.513938071	0.0	0.716916532226	0.522744893565	1001.0
-2879.24709614	-0.0	314.881483762	0.0	0.922614427189	0.776981568821	1001.0
-3592.11735126	-0.0	695.289144548	0.0	1.62974601995	1.51324204703	1001.0
-3940.85597661	-0.0	1078.1692992	0.0	2.29752495406	2.19160945151	1001.0
-4257.38806445	-0.0	1700.02856761	0.0	3.32066251115	3.22357692096	1001.0
-4528.2357758	-0.0	2625.94961559	0.0	4.73495144799	4.64532929011	1001.0
-4709.31344878	-0.0	4028.17889554	0.0	6.74426588386	6.66104885825	1001.0
-5668.44572411	-0.0	-44.2032477484	-0.0	-0.194474223791	-0.277691249405	1001.0
-5393.81368465	-0.0	1224.14407457	0.0	3.71706758851	3.63385056289	1001.0
-5172.46601792	-0.0	68.6449381525	0.0	0.256088992594	0.166466834716	1001.0
-4957.4524969	-0.0	963.42862447	0.0	2.66577309028	2.57615093241	1001.0
-4691.18258006	-0.0	102.530094176	0.0	0.348298842667	0.251213252475	1001.0
-4529.56180562	-0.0	709.483509231	0.0	1.89767894866	1.80059335847	1001.0
-4229.04742397	-0.0	115.525273963	0.0	0.375526665396	0.269611162848	1001.0
-4110.81096139	-0.0	505.377301093	0.0	1.35986028767	1.25394478512	1001.0
-3794.76857711	-0.0	115.289870979	0.0	0.374175016266	0.257671043353	1001.0
-3704.05924679	-0.0	360.401303622	0.0	1.0073496067	0.890845633783	1001.0
