-770.857885913	-0.0	61.9740539086	0.0	0.726359208381	0.143816465484	1001.0
-1481.22546008	-0.0	94.3091081144	0.0	0.552663818344	0.261395230125	1001.0
-2145.08056543	-0.0	125.496280508	0.0	0.490264440809	0.296092802148	1001.0
-2832.33551466	-0.0	203.981130481	0.0	0.597672278495	0.452039420127	1001.0
-3563.59188291	-0.0	472.635171262	0.0	1.10784886445	0.991344891536	1001.0
-3931.2901252	-0.0	768.05530718	0.0	1.63668751805	1.5307720155	1001.0
-4288.85751292	-0.0	1233.08563456	0.0	2.40858378367	2.31149819348	1001.0
-4614.38651316	-0.0	1949.69217669	0.0	3.51556547024	3.42594331236	1001.0
-4894.81911793	-0.0	2993.14253254	0.0	5.01133380399	4.92811677837	1001.0
-6028.01698115	-0.0	91.4807350435	0.0	0.40247370602	0.319256680406	1001.0
-5607.14965461	-0.0	984.66073802	0.0	2.98988541546	2.90666838985	1001.0
-5339.31116689	-0.0	12.3143603635	0.0	0.0459403449809	-0.0436818128974	1001.0
-5057.27295333	-0.0	685.841539999	0.0	1.89769939889	1.80807724101	1001.0
-4758.11082757	-0.0	-15.8378169223	-0.0	-0.0538016993815	-0.150887289573	1001.0
-4565.51312944	-0.0	460.068674898	0.0	1.23056086284	1.13347527265	1001.0
-4241.20219015	-0.0	-17.9688831856	-0.0	-0.0584096843234	-0.164325186872	1001.0
-4107.6569945	-0.0	297.195736841	0.0	0.799689023075	0.693773520527	1001.0
-3775.78822459	-0.0	-14.5258130565	-0.0	-0.0471437455045	-0.163647718418	1001.0
-3678.91280076	-0.0	192.8736289	0.0	0.539096757592	0.422592784679	1001.0
