-694.34973051	-0.0	66.1714850431	0.0	0.775554679128	0.193011936231	1001.0
-1334.18870388	-0.0	110.280049306	0.0	0.646255641213	0.354987052995	1001.0
-1931.87983754	-0.0	160.217304247	0.0	0.625905777896	0.431734139235	1001.0
-2551.41765476	-0.0	262.31321478	0.0	0.768587449179	0.622954590812	1001.0
-3209.39596132	-0.0	562.043789643	0.0	1.31742115692	1.20091718401	1001.0
-3539.29804293	-0.0	877.000037922	0.0	1.86884330071	1.76292779816	1001.0
-3858.444278	-0.0	1366.91764815	0.0	2.66999759682	2.57291200663	1001.0
-4146.23276616	-0.0	2117.8275097	0.0	3.81873680063	3.72911464275	1001.0
-4388.0193767	-0.0	3216.02799117	0.0	5.3845046173	5.30128759169	1001.0
-5386.64899899	-0.0	398.683215862	0.0	1.7540251654	1.67080813979	1001.0
-5034.52163954	-0.0	1268.39946633	0.0	3.85144742643	3.76823040082	1001.0
-4785.89694783	-0.0	241.362330059	0.0	0.90043399584	0.810811837962	1001.0
-4545.62960179	-0.0	895.289133103	0.0	2.47723351625	2.38761135837	1001.0
-4271.46968618	-0.0	162.721963082	0.0	0.552773035795	0.455687445604	1001.0
-4106.90867305	-0.0	619.606069633	0.0	1.65728079582	1.56019520563	1001.0
-3811.28044912	-0.0	121.937221709	0.0	0.396369354385	0.290453851837	1001.0
-3695.77511177	-0.0	425.240717827	0.0	1.14423018925	1.0383146867	1001.0
-3394.9607053	-0.0	96.0848085845	0.0	0.311844696414	0.195340723501	1001.0
-3310.89967913	-0.0	294.992812326	0.0	0.824527798562	0.708023825649	1001.0
