-775.861972298	-0.0	70.7156987951	0.0	0.82881457251	0.246271829613	1001.0
-1468.77677592	-0.0	128.005463013	0.0	0.750128904533	0.458860316315	1001.0
-2121.74264126	-0.0	198.807439042	0.0	0.776662204935	0.582490566274	1001.0
-2780.68519935	-0.0	341.024740223	0.0	0.99921513834	0.853582279973	1001.0
-3466.02017864	-0.0	735.05277576	0.0	1.72295130039	1.60644732748	1001.0
-3799.9851963	-0.0	1125.16350242	0.0	2.39766725515	2.2917517526	1001.0
-4101.09698946	-0.0	1754.88586107	0.0	3.4278151563	3.33072956611	1001.0
-4356.04454099	-0.0	2689.59827596	0.0	4.84971881245	4.76009665457	1001.0
-4520.58880527	-0.0	4103.91364355	0.0	6.87106642834	6.78784940273	1001.0
-5440.59331015	-0.0	26.8507056003	0.0	0.118130915619	0.0349138900052	1001.0
-5186.90763835	-0.0	1295.30279959	0.0	3.93313838926	3.84992136365	1001.0
-4976.04683257	-0.0	133.834294981	0.0	0.49928648344	0.409664325562	1001.0
-4773.6983794	-0.0	1027.24256758	0.0	2.84234402456	2.75272186668	1001.0
-4519.2731314	-0.0	160.099646628	0.0	0.543864921614	0.446779331423	1001.0
-4365.69644521	-0.0	765.662902749	0.0	2.04794382591	1.95085823572	1001.0
-4077.84315746	-0.0	164.681844798	0.0	0.535315103842	0.429399601294	1001.0
-3964.89229279	-0.0	553.626779696	0.0	1.48968912983	1.38377362728	1001.0
-3661.3353402	-0.0	156.566588476	0.0	0.50813922587	0.391635252957	1001.0
-3574.54011286	-0.0	400.827840259	0.0	1.12034491324	1.00384094033	1001.0
