-773.248022501	-0.0	65.1261924043	0.0	0.763303456467	0.18076071357	1001.0
-1483.47280971	-0.0	106.393444257	0.0	0.623479622755	0.332211034537	1001.0
-2145.29205097	-0.0	150.229566846	0.0	0.586887629534	0.392715990873	1001.0
-2823.95790288	-0.0	248.548041131	0.0	0.7282549798	0.582622121432	1001.0
-3537.01620476	-0.0	537.961752039	0.0	1.26097326723	1.14446929431	1001.0
-3890.20354533	-0.0	838.081959485	0.0	1.78591081836	1.67999531581	1001.0
-4228.46854806	-0.0	1300.55560729	0.0	2.54037275083	2.44328716064	1001.0
-4531.20934795	-0.0	1992.806969	0.0	3.59330742197	3.50368526409	1001.0
-4786.7549157	-0.0	2976.60638842	0.0	4.98364780604	4.90043078043	1001.0
-5828.31202901	-0.0	-146.296226454	-0.0	-0.643636984439	-0.726854010053	1001.0
-5466.00482238	-0.0	802.803163	0.0	2.43768170687	2.35446468125	1001.0
-5222.57856549	-0.0	-79.568456964	-0.0	-0.296840619783	-0.386462777661	1001.0
-4965.92493944	-0.0	631.482700258	0.0	1.74729040281	1.65766824493	1001.0
-4687.69361376	-0.0	-38.73431411	-0.0	-0.131582018767	-0.228667608958	1001.0
-4504.60148549	-0.0	468.080543267	0.0	1.25199047149	1.15490488129	1001.0
-4198.64979859	-0.0	-7.2362940921	-0.0	-0.0235223107204	-0.129437813269	1001.0
-4069.11548271	-0.0	329.861127499	0.0	0.887584477502	0.781668974954	1001.0
-3750.76051807	-0.0	11.3433769583	0.0	0.0368151011172	-0.079688871796	1001.0
-3655.13604907	-0.0	233.907098383	0.0	0.65378848853	0.537284515616	1001.0
