-763.021246795	-0.0	70.5085403321	0.0	0.826386597451	0.243843854555	1001.0
-1444.47817118	-0.0	128.289278067	0.0	0.751792098201	0.460523509983	1001.0
-2087.75391831	-0.0	200.602160444	0.0	0.783673473165	0.589501834504	1001.0
-2739.13866105	-0.0	346.280517199	0.0	1.01461475983	0.868981901462	1001.0
-3418.92785811	-0.0	756.325544367	0.0	1.77281431097	1.65631033805	1001.0
-3752.59392026	-0.0	1162.48227085	0.0	2.47719168772	2.37127618517	1001.0
-4053.97936489	-0.0	1826.02763803	0.0	3.56677625156	3.46969066136	1001.0
-4308.19485556	-0.0	2823.20949939	0.0	5.09063838382	5.00101622594	1001.0
-4464.98800014	-0.0	4367.50055519	0.0	7.31238253214	7.22916550653	1001.0
-5428.66344651	-0.0	277.539265697	0.0	1.22104677863	1.13782975301	1001.0
-5158.54022403	-0.0	1556.49875536	0.0	4.72625011657	4.64303309095	1001.0
-4943.57080654	-0.0	283.104154866	0.0	1.05615737693	0.966535219052	1001.0
-4735.18639125	-0.0	1170.37261207	0.0	3.23837981935	3.14875766147	1001.0
-4477.03396696	-0.0	249.335224492	0.0	0.847001759088	0.749916168897	1001.0
-4321.19190415	-0.0	847.241075291	0.0	2.26614365534	2.16905806515	1001.0
-4032.48364287	-0.0	216.278395855	0.0	0.703034946434	0.597119443886	1001.0
-3918.29014741	-0.0	599.393178906	0.0	1.61283654595	1.5069210434	1001.0
-3615.01451596	-0.0	188.083914104	0.0	0.610429181869	0.493925208955	1001.0
-3528.41804145	-0.0	426.118503717	0.0	1.19103427987	1.07453030696	1001.0
