-716.786645154	-0.0	64.962688613	0.0	0.761387130571	0.178844387674	1001.0
-1377.32941005	-0.0	105.641120612	0.0	0.619070906921	0.327802318703	1001.0
-1994.38444127	-0.0	150.131889402	0.0	0.586506042311	0.39233440365	1001.0
-2633.73191086	-0.0	245.317612039	0.0	0.718789702737	0.573156844369	1001.0
-3313.09006791	-0.0	535.73954031	0.0	1.25576444044	1.13926046753	1001.0
-3653.99105827	-0.0	844.65855563	0.0	1.79992521644	1.69400971389	1001.0
-3984.36701245	-0.0	1326.52324177	0.0	2.59109528101	2.49400969081	1001.0
-4283.17183254	-0.0	2066.12076955	0.0	3.72550237499	3.63588021711	1001.0
-4536.40462259	-0.0	3145.69143448	0.0	5.26674211173	5.18352508611	1001.0
-5570.20127441	-0.0	302.640352937	0.0	1.33148016771	1.24826314209	1001.0
-5200.06956166	-0.0	1179.7709044	0.0	3.58233012089	3.49911309528	1001.0
-4945.62188094	-0.0	171.296978268	0.0	0.639045962889	0.54942380501	1001.0
-4694.18379172	-0.0	831.322783813	0.0	2.30024087944	2.21061872156	1001.0
-4412.64602417	-0.0	108.843115228	0.0	0.369744428412	0.272658838221	1001.0
-4240.41497867	-0.0	571.731274172	0.0	1.52922850097	1.43214291078	1001.0
-3936.35348247	-0.0	80.3017303381	0.0	0.261028950504	0.155113447956	1001.0
-3815.95113532	-0.0	387.151560406	0.0	1.04174055932	0.935825056769	1001.0
-3506.01133486	-0.0	63.3893290353	0.0	0.205731024083	0.0892270511698	1001.0
-3418.42346341	-0.0	264.865596435	0.0	0.740319892615	0.623815919702	1001.0
