-764.847995891	-0.0	65.6900183668	0.0	0.769911708695	0.187368965798	1001.0
-1467.27873115	-0.0	108.513606439	0.0	0.635904052915	0.344635464697	1001.0
-2121.71271165	-0.0	154.758706307	0.0	0.604581189984	0.410409551323	1001.0
-2792.62746744	-0.0	256.186284373	0.0	0.750635315822	0.605002457454	1001.0
-3497.05923297	-0.0	549.238820883	0.0	1.28740652627	1.17090255335	1001.0
-3845.64063852	-0.0	851.225280231	0.0	1.81391857875	1.7080030762	1001.0
-4179.20159561	-0.0	1315.38692407	0.0	2.5693427332	2.47225714301	1001.0
-4477.22747915	-0.0	2009.18183003	0.0	3.62283356805	3.53321141017	1001.0
-4728.11024806	-0.0	2994.32994962	0.0	5.01332186279	4.93010483718	1001.0
-5750.34519033	-0.0	-124.611481684	-0.0	-0.548233951359	-0.631450976973	1001.0
-5397.81121926	-0.0	823.822830644	0.0	2.50150713963	2.41829011401	1001.0
-5157.14675945	-0.0	-59.5750801694	-0.0	-0.22225269153	-0.311874849408	1001.0
-4906.13076825	-0.0	650.55853754	0.0	1.80007257308	1.7104504152	1001.0
-4631.25720153	-0.0	-21.065908673	-0.0	-0.0715617367709	-0.168647326962	1001.0
-4451.68154714	-0.0	484.808587178	0.0	1.29673352241	1.19964793222	1001.0
-4149.43124544	-0.0	7.9055213179	0.0	0.0256977019563	-0.0802178005922	1001.0
-4022.17665857	-0.0	344.280075451	0.0	0.926382727183	0.820467224634	1001.0
-3707.6143614	-0.0	24.0119857595	0.0	0.0779312621818	-0.0385727107314	1001.0
-3613.56170017	-0.0	246.032760652	0.0	0.687680655387	0.571176682474	1001.0
