-725.948927569	-0.0	72.0830129312	0.0	0.84484000817	0.262297265274	1001.0
-1373.67793528	-0.0	136.828845378	0.0	0.801835089504	0.510566501286	1001.0
-1987.30595689	-0.0	221.181172137	0.0	0.864067550338	0.669895911678	1001.0
-2611.37756735	-0.0	387.52430915	0.0	1.13546060009	0.989827741717	1001.0
-3261.47341143	-0.0	857.312942148	0.0	2.00952706693	1.89302309402	1001.0
-3583.38978163	-0.0	1313.7119298	0.0	2.79945454151	2.69353903896	1001.0
-3877.24588942	-0.0	2055.73728511	0.0	4.01546766065	3.91838207046	1001.0
-4119.14913163	-0.0	3198.08918779	0.0	5.76659846807	5.67697631019	1001.0
-4237.91309263	-0.0	5068.52980117	0.0	8.48609595198	8.40287892637	1001.0
-5298.28497527	-0.0	912.572337085	0.0	4.01490401606	3.93168699044	1001.0
-5001.30127842	-0.0	2198.99529726	0.0	6.67716677846	6.59394975284	1001.0
-4786.47662195	-0.0	672.564892698	0.0	2.5090920097	2.41946985183	1001.0
-4569.91529377	-0.0	1541.47772729	0.0	4.26521460991	4.17559245203	1001.0
-4311.8794352	-0.0	499.907342095	0.0	1.69820529369	1.6011197035	1001.0
-4152.27951202	-0.0	1085.37740565	0.0	2.90309475448	2.80600916429	1001.0
-3871.6283416	-0.0	376.533910154	0.0	1.22396181232	1.11804630977	1001.0
-3757.19240411	-0.0	747.004973372	0.0	2.01002774716	1.90411224461	1001.0
-3460.0580336	-0.0	301.078290919	0.0	0.97715413718	0.860650164267	1001.0
-3377.05610821	-0.0	521.870979156	0.0	1.45866987804	1.34216590513	1001.0
