-710.992569322	-0.0	72.984261936	0.0	0.855402985294	0.272860242397	1001.0
-1345.0203919	-0.0	141.592576591	0.0	0.829751183023	0.538482594805	1001.0
-1947.01823981	-0.0	232.12741619	0.0	0.906830205915	0.712658567254	1001.0
-2560.0733293	-0.0	409.689630852	0.0	1.20040581484	1.05477295647	1001.0
-3199.05271165	-0.0	908.187124313	0.0	2.12877529129	2.01227131838	1001.0
-3515.14749724	-0.0	1393.02632894	0.0	2.96846956668	2.86255406413	1001.0
-3807.7137693	-0.0	2170.54538371	0.0	4.23972209747	4.14263650728	1001.0
-4045.20713427	-0.0	3383.72615297	0.0	6.10132766922	6.01170551134	1001.0
-4153.12150317	-0.0	5397.24081465	0.0	9.03644749578	8.95323047017	1001.0
-5251.937743	-0.0	1277.23783531	0.0	5.6192666664	5.53604964078	1001.0
-4943.8250231	-0.0	2537.59953489	0.0	7.70532585152	7.62210882591	1001.0
-4727.97266652	-0.0	882.021975183	0.0	3.29049927277	3.20087711489	1001.0
-4507.34151402	-0.0	1732.36210453	0.0	4.79338496241	4.70376280454	1001.0
-4247.32795409	-0.0	634.413171776	0.0	2.1551269925	2.05804140231	1001.0
-4083.96102223	-0.0	1215.01377586	0.0	3.24983743072	3.15275184053	1001.0
-3807.27359857	-0.0	463.657277771	0.0	1.50716518935	1.4012496868	1001.0
-3693.31780233	-0.0	824.42705409	0.0	2.21835371022	2.11243820767	1001.0
-3396.70968654	-0.0	364.702869921	0.0	1.18364866858	1.06714469567	1001.0
-3316.31672501	-0.0	573.332361417	0.0	1.60250843428	1.48600446136	1001.0
