-777.220991154	-0.0	62.8624386756	0.0	0.736771411802	0.154228668906	1001.0
-1492.49764553	-0.0	97.7135876719	0.0	0.572614517797	0.281345929579	1001.0
-2160.17160039	-0.0	132.234265556	0.0	0.516587089243	0.322415450582	1001.0
-2848.71680369	-0.0	216.362897938	0.0	0.633951316416	0.488318458048	1001.0
-3577.72048532	-0.0	490.051168184	0.0	1.14867166729	1.03216769438	1001.0
-3942.13843529	-0.0	785.116216464	0.0	1.67304346405	1.5671279615	1001.0
-4294.55957464	-0.0	1246.03613715	0.0	2.43387997531	2.33679438512	1001.0
-4613.35419102	-0.0	1948.72213951	0.0	3.51381635863	3.42419420075	1001.0
-4886.29794787	-0.0	2961.47625897	0.0	4.95831585864	4.87509883303	1001.0
-5985.90473497	-0.0	-32.4290707966	-0.0	-0.142673190154	-0.225890215768	1001.0
-5586.09893397	-0.0	886.351997763	0.0	2.69137461133	2.60815758572	1001.0
-5327.4492733	-0.0	-43.976197904	-0.0	-0.16405900453	-0.253681162409	1001.0
-5053.81918032	-0.0	646.033769192	0.0	1.78755269834	1.69793054046	1001.0
-4761.68222574	-0.0	-39.6923691982	-0.0	-0.134836570332	-0.231922160523	1001.0
-4571.5602752	-0.0	449.800042618	0.0	1.20309501331	1.10600942312	1001.0
-4252.83536491	-0.0	-25.0876179523	-0.0	-0.0815498564872	-0.187465359036	1001.0
-4120.10790973	-0.0	299.283954467	0.0	0.805307962066	0.699392459518	1001.0
-3791.54354312	-0.0	-13.2273791295	-0.0	-0.042929658598	-0.159433631511	1001.0
-3694.62672703	-0.0	200.428034501	0.0	0.560211907383	0.44370793447	1001.0
