-750.55411441	-0.0	70.1946397173	0.0	0.822707564247	0.240164821351	1001.0
-1420.7412289	-0.0	130.025506768	0.0	0.761966627497	0.470698039279	1001.0
-2056.47322176	-0.0	206.912186608	0.0	0.808324255134	0.614152616473	1001.0
-2704.49628598	-0.0	363.943734391	0.0	1.06636864138	0.920735783009	1001.0
-3382.96934068	-0.0	826.748563778	0.0	1.93788467989	1.82138070698	1001.0
-3721.29232553	-0.0	1282.08138978	0.0	2.73205143973	2.62613593718	1001.0
-4033.37365125	-0.0	2027.09740683	0.0	3.95952544184	3.86243985165	1001.0
-4294.23813586	-0.0	3181.1427589	0.0	5.73604170585	5.64641954797	1001.0
-4430.83966863	-0.0	5084.69612778	0.0	8.51316277494	8.42994574933	1001.0
-5556.86655555	-0.0	947.523483731	0.0	4.16867319504	4.08545616942	1001.0
-5227.99782122	-0.0	2225.50376307	0.0	6.75765874106	6.67444171544	1001.0
-4996.90457715	-0.0	665.063258915	0.0	2.48110617579	2.39148401791	1001.0
-4762.97607063	-0.0	1528.86459171	0.0	4.23031450773	4.14069234985	1001.0
-4488.75175527	-0.0	475.704031231	0.0	1.61598567583	1.51890008564	1001.0
-4318.66457083	-0.0	1058.99713951	0.0	2.83253458634	2.73544899615	1001.0
-4023.00298052	-0.0	346.457518325	0.0	1.1261954384	1.02027993586	1001.0
-3902.05384708	-0.0	715.178106582	0.0	1.9243885779	1.81847307535	1001.0
-3590.62563452	-0.0	271.87995548	0.0	0.882390498839	0.765886525926	1001.0
-3503.32489854	-0.0	490.782724855	0.0	1.37177579517	1.25527182226	1001.0
