-816.05925174	-0.0	66.2579113276	0.0	0.776567627671	0.194024884774	1001.0
-1545.81039388	-0.0	112.725381888	0.0	0.660585612824	0.369317024606	1001.0
-2236.2686075	-0.0	167.814943938	0.0	0.65558675776	0.4614151191	1001.0
-2938.45228572	-0.0	291.376758133	0.0	0.853744709244	0.708111850876	1001.0
-3678.25498655	-0.0	679.841297041	0.0	1.59353652611	1.4770325532	1001.0
-4045.99094134	-0.0	1078.56960585	0.0	2.29837798754	2.19246248499	1001.0
-4383.71109082	-0.0	1742.97417529	0.0	3.40454808351	3.30746249332	1001.0
-4675.46556326	-0.0	2754.2845941	0.0	4.96635721782	4.87673505994	1001.0
-4868.53412822	-0.0	4341.54418779	0.0	7.26892452105	7.18570749543	1001.0
-5957.68151559	-0.0	269.529890948	0.0	1.18580916563	1.10259214001	1001.0
-5624.13258543	-0.0	1547.72265119	0.0	4.69960180527	4.61638477966	1001.0
-5380.55040525	-0.0	224.532009031	0.0	0.837646264172	0.748024106294	1001.0
-5136.80737277	-0.0	1109.05053246	0.0	3.06870378367	2.97908162579	1001.0
-4848.2757388	-0.0	172.097305195	0.0	0.584621449023	0.487535858831	1001.0
-4671.15983471	-0.0	767.96547116	0.0	2.0541025816	1.95701699141	1001.0
-4352.42543545	-0.0	136.157731532	0.0	0.442594569446	0.336679066898	1001.0
-4224.49223551	-0.0	517.779227356	0.0	1.39323117113	1.28731566858	1001.0
-3892.66873801	-0.0	114.090669409	0.0	0.370282989473	0.253779016559	1001.0
-3796.60526611	-0.0	350.569915771	0.0	0.979870114848	0.863366141934	1001.0
