-750.607145128	-0.0	70.0232720792	0.0	0.820699071111	0.238156328214	1001.0
-1420.85950037	-0.0	130.718339561	0.0	0.766026719093	0.474758130874	1001.0
-2058.30262702	-0.0	209.165084778	0.0	0.81712543918	0.622953800519	1001.0
-2709.60463338	-0.0	371.198274041	0.0	1.08762471164	0.941991853273	1001.0
-3394.49943579	-0.0	853.88465579	0.0	2.00149122157	1.88498724866	1001.0
-3736.85057778	-0.0	1333.11188209	0.0	2.84079487139	2.73487936884	1001.0
-4058.17336408	-0.0	2109.7734385	0.0	4.1210163745	4.02393078431	1001.0
-4326.28899274	-0.0	3330.45655771	0.0	6.00527519903	5.91565304115	1001.0
-4466.38695333	-0.0	5368.34857884	0.0	8.98807404334	8.90485701772	1001.0
-5662.39262514	-0.0	1295.79876833	0.0	5.70092634585	5.61770932024	1001.0
-5304.5857245	-0.0	2538.39691133	0.0	7.7077470552	7.62453002958	1001.0
-5062.35574419	-0.0	847.631985499	0.0	3.16220288195	3.07258072407	1001.0
-4814.49941091	-0.0	1689.95167009	0.0	4.67603678319	4.58641462531	1001.0
-4529.0878981	-0.0	582.252798149	0.0	1.977936111	1.88085052081	1001.0
-4349.4857126	-0.0	1159.44973052	0.0	3.10121844553	3.00413285534	1001.0
-4048.86070149	-0.0	407.930262844	0.0	1.3260188534	1.22010335085	1001.0
-3924.58170137	-0.0	766.790560242	0.0	2.06326645376	1.95735095121	1001.0
-3605.71059671	-0.0	313.108531445	0.0	1.01619846437	0.899694491461	1001.0
-3518.21166433	-0.0	520.117982824	0.0	1.45377011728	1.33726614436	1001.0
