-657.014197062	-0.0	74.3498516982	0.0	0.871408210643	0.288865467746	1001.0
-1242.25041888	-0.0	148.585581618	0.0	0.87073111526	0.579462527042	1001.0
-1799.89471119	-0.0	247.263757072	0.0	0.965961916184	0.771790277523	1001.0
-2370.31234046	-0.0	434.513285932	0.0	1.273140045	1.12750718663	1001.0
-2970.95254628	-0.0	944.150593223	0.0	2.21307305543	2.09656908252	1001.0
-3271.56576882	-0.0	1434.94193908	0.0	3.05778963946	2.95187413691	1001.0
-3553.51442468	-0.0	2226.60180154	0.0	4.34921698994	4.25213139975	1001.0
-3783.9526019	-0.0	3477.45557827	0.0	6.27033482587	6.18071266799	1001.0
-3891.98892279	-0.0	5580.64292046	0.0	9.34351244928	9.26029542366	1001.0
-4833.29673782	-0.0	2167.37733304	0.0	9.53547637276	9.45225934715	1001.0
-4559.6174113	-0.0	3260.86756828	0.0	9.90150211915	9.81828509354	1001.0
-4358.82856978	-0.0	1370.45502081	0.0	5.11266314924	5.02304099137	1001.0
-4160.65342416	-0.0	2134.33967357	0.0	5.90564274593	5.81602058805	1001.0
-3905.03366433	-0.0	968.248876789	0.0	3.28918027346	3.19209468326	1001.0
-3769.94069542	-0.0	1458.59414586	0.0	3.90134988231	3.80426429212	1001.0
-3499.14383089	-0.0	684.923759447	0.0	2.22641441662	2.12049891407	1001.0
-3411.05522688	-0.0	974.132547644	0.0	2.62117859984	2.51526309729	1001.0
-3123.9499966	-0.0	510.56783159	0.0	1.65705560313	1.54055163022	1001.0
-3065.55483591	-0.0	663.18850078	0.0	1.85366331562	1.73715934271	1001.0
