-791.347116743	-0.0	67.1920164457	0.0	0.787515690793	0.204972947896	1001.0
-1498.77736137	-0.0	118.541506943	0.0	0.694668873125	0.403400284907	1001.0
-2170.37724121	-0.0	182.326904155	0.0	0.712279259179	0.518107620519	1001.0
-2856.47090722	-0.0	321.543687579	0.0	0.942134931489	0.796502073121	1001.0
-3580.31668601	-0.0	759.267112268	0.0	1.77970929648	1.66320532357	1001.0
-3943.79671657	-0.0	1200.50783524	0.0	2.55822226719	2.45230676464	1001.0
-4281.87850462	-0.0	1932.77254312	0.0	3.77528086811	3.67819527792	1001.0
-4570.96055541	-0.0	3070.79551561	0.0	5.53707031803	5.44744816015	1001.0
-4741.2046187	-0.0	4942.51469538	0.0	8.27511242795	8.19189540234	1001.0
-5941.1977452	-0.0	842.008672761	0.0	3.70445592579	3.62123890017	1001.0
-5569.90153252	-0.0	2115.03287092	0.0	6.42221801866	6.33900099304	1001.0
-5317.70825874	-0.0	564.181632493	0.0	2.10475396721	2.01513180933	1001.0
-5059.58685966	-0.0	1427.94207168	0.0	3.95106544739	3.86144328951	1001.0
-4764.2798079	-0.0	384.258921891	0.0	1.3053429713	1.20825738111	1001.0
-4579.86498935	-0.0	967.232410481	0.0	2.5870884382	2.49000284801	1001.0
-4262.26948213	-0.0	267.670590339	0.0	0.870090507176	0.764175004628	1001.0
-4131.53571817	-0.0	637.707806177	0.0	1.71593286616	1.61001736362	1001.0
-3800.11661702	-0.0	204.713010722	0.0	0.664399165915	0.547895193002	1001.0
-3705.42548547	-0.0	425.849112687	0.0	1.19028131104	1.07377733813	1001.0
