-799.742823321	-0.0	66.6608403638	0.0	0.781290107439	0.198747364543	1001.0
-1514.8154615	-0.0	116.09061374	0.0	0.680306315541	0.389037727323	1001.0
-2193.28313694	-0.0	176.748472037	0.0	0.690486526425	0.496314887764	1001.0
-2886.06928649	-0.0	310.915376674	0.0	0.910993586307	0.765360727939	1001.0
-3617.68818144	-0.0	735.876513744	0.0	1.72488212832	1.60837815541	1001.0
-3984.71265298	-0.0	1167.11607469	0.0	2.48706609237	2.38115058983	1001.0
-4325.27340425	-0.0	1885.80975047	0.0	3.68354853611	3.58646294591	1001.0
-4617.71887558	-0.0	2998.94710239	0.0	5.40751766165	5.31789550377	1001.0
-4796.50403264	-0.0	4812.0206475	0.0	8.05662993798	7.97341291236	1001.0
-5982.85836942	-0.0	720.556622593	0.0	3.17012203885	3.08690501324	1001.0
-5613.68499499	-0.0	1997.41299365	0.0	6.06506967099	5.98185264538	1001.0
-5360.99897811	-0.0	489.33226835	0.0	1.82551854541	1.73589638753	1001.0
-5102.87682792	-0.0	1358.0255534	0.0	3.75760890244	3.66798674457	1001.0
-4806.79167483	-0.0	334.361110468	0.0	1.13583810436	1.03875251417	1001.0
-4622.35141716	-0.0	919.547853122	0.0	2.45954497948	2.36245938929	1001.0
-4302.21655028	-0.0	234.164388149	0.0	0.761175185474	0.655259682926	1001.0
-4170.86422956	-0.0	606.781423848	0.0	1.63271670454	1.52680120199	1001.0
-3837.53296005	-0.0	179.886106154	0.0	0.58382307244	0.467319099526	1001.0
-3741.68286924	-0.0	404.473072727	0.0	1.13053362082	1.0140296479	1001.0
