-807.10554909	-0.0	66.48572314	0.0	0.779237667748	0.196694924852	1001.0
-1546.59115275	-0.0	111.93284439	0.0	0.655941238502	0.364672650283	1001.0
-2234.43855151	-0.0	161.802134645	0.0	0.632097084809	0.437925446148	1001.0
-2934.93400141	-0.0	271.413158142	0.0	0.79525062077	0.649617762402	1001.0
-3663.94396013	-0.0	576.704990181	0.0	1.35178676354	1.23528279062	1001.0
-4021.46783831	-0.0	882.902099581	0.0	1.88142029947	1.77550479692	1001.0
-4359.70446389	-0.0	1350.13246722	0.0	2.63721113538	2.54012554519	1001.0
-4659.44507852	-0.0	2034.21341595	0.0	3.66796899002	3.57834683214	1001.0
-4908.66795337	-0.0	2991.58126104	0.0	5.00871981131	4.92550278569	1001.0
-5992.10990004	-0.0	-388.593019662	-0.0	-1.70963288262	-1.79284990824	1001.0
-5628.58321666	-0.0	607.158647789	0.0	1.84361447126	1.76039744565	1001.0
-5393.75022353	-0.0	-211.278726373	-0.0	-0.788203145778	-0.877825303656	1001.0
-5129.37578764	-0.0	539.354368495	0.0	1.49237455183	1.40275239395	1001.0
-4856.16411414	-0.0	-109.367647275	-0.0	-0.371526284817	-0.468611875008	1001.0
-4662.75905219	-0.0	431.78015053	0.0	1.15489661345	1.05781102326	1001.0
-4358.70647985	-0.0	-42.3137241156	-0.0	-0.137545068473	-0.243460571021	1001.0
-4219.67080248	-0.0	322.0799373	0.0	0.866646988781	0.760731486232	1001.0
-3899.62394378	-0.0	-3.07011363076	-0.0	-0.00996410012411	-0.126468073037	1001.0
-3795.9030732	-0.0	239.190362297	0.0	0.668555621091	0.552051648178	1001.0
