-866.527059584	-0.0	64.0420371958	0.0	0.75059674988	0.168054006983	1001.0
-1641.67776456	-0.0	102.937288395	0.0	0.603226093339	0.31195750512	1001.0
-2373.93506685	-0.0	145.264729802	0.0	0.567491970576	0.373320331915	1001.0
-3116.20272526	-0.0	249.996041129	0.0	0.732497673504	0.586864815136	1001.0
-3897.14167144	-0.0	599.648864838	0.0	1.40556681849	1.28906284558	1001.0
-4283.15932311	-0.0	968.050382828	0.0	2.06286704044	1.95695153789	1001.0
-4638.70085454	-0.0	1578.48565877	0.0	3.08325298252	2.98616739233	1001.0
-4949.61684433	-0.0	2497.63789269	0.0	4.50358761124	4.41396545336	1001.0
-5170.76531823	-0.0	3901.04726301	0.0	6.5314129907	6.44819596509	1001.0
-6254.35395022	-0.0	-161.820248341	-0.0	-0.711935633527	-0.795152659141	1001.0
-5914.6513716	-0.0	1108.86509107	0.0	3.36702727701	3.2838102514	1001.0
-5667.03214627	-0.0	-59.4788431364	-0.0	-0.221893666589	-0.311515824468	1001.0
-5414.16367112	-0.0	837.460281539	0.0	2.3172231196	2.22760096172	1001.0
-5117.90215418	-0.0	-21.156809854	-0.0	-0.0718705317293	-0.168956121921	1001.0
-4932.8908803	-0.0	587.456905077	0.0	1.57129036476	1.47420477456	1001.0
-4600.73731238	-0.0	3.93255098709	0.0	0.0127831573821	-0.0931323451664	1001.0
-4467.31474366	-0.0	394.619395942	0.0	1.06183487886	0.955919376315	1001.0
-4120.31360526	-0.0	18.5642476402	0.0	0.060250545896	-0.0562534270171	1001.0
-4018.74376293	-0.0	264.418796405	0.0	0.739071051867	0.622567078953	1001.0
