-733.296623847	-0.0	62.6876855625	0.0	0.734723239626	0.152180496729	1001.0
-1410.08657581	-0.0	97.1825853425	0.0	0.569502774077	0.278234185859	1001.0
-2043.67052988	-0.0	132.553318822	0.0	0.517833504441	0.323661865781	1001.0
-2703.05523938	-0.0	214.940817986	0.0	0.629784569409	0.484151711041	1001.0
-3408.74133694	-0.0	492.810923523	0.0	1.15514048723	1.03863651431	1001.0
-3766.14314454	-0.0	798.669395386	0.0	1.70192461175	1.5960091092	1001.0
-4115.05288592	-0.0	1283.44188322	0.0	2.50694454672	2.40985895653	1001.0
-4434.5741565	-0.0	2037.10397593	0.0	3.67318107068	3.5835589128	1001.0
-4709.19462987	-0.0	3151.70657173	0.0	5.27681308573	5.19359606011	1001.0
-5845.12425493	-0.0	396.2721649	0.0	1.74341763568	1.66020061007	1001.0
-5420.12951571	-0.0	1242.98530296	0.0	3.77427827214	3.69106124653	1001.0
-5146.49973578	-0.0	187.287642171	0.0	0.698701242942	0.609079085064	1001.0
-4868.27850098	-0.0	831.320967491	0.0	2.30023585374	2.21061369586	1001.0
-4569.00128955	-0.0	93.4268991102	0.0	0.317374923876	0.220289333684	1001.0
-4383.32084045	-0.0	544.000549768	0.0	1.45505621755	1.35797062735	1001.0
-4062.79677668	-0.0	51.6163159773	0.0	0.167784090477	0.0618685879281	1001.0
-3934.24497095	-0.0	351.699806161	0.0	0.946347607118	0.840432104569	1001.0
-3610.2623563	-0.0	31.6969593587	0.0	0.102872959983	-0.0136310129302	1001.0
-3517.7842277	-0.0	228.687524285	0.0	0.639199373945	0.522695401032	1001.0
