-876.473686263	-0.0	62.7270046744	0.0	0.735184074397	0.152641331501	1001.0
-1660.84209148	-0.0	98.4505831175	0.0	0.576933408361	0.285664820142	1001.0
-2402.70291086	-0.0	136.198846395	0.0	0.532075141958	0.337903503297	1001.0
-3156.51879685	-0.0	235.471421975	0.0	0.689940000629	0.544307142261	1001.0
-3952.76405869	-0.0	583.584360579	0.0	1.36791189164	1.25140791873	1001.0
-4348.66646767	-0.0	954.798604209	0.0	2.03462816174	1.92871265919	1001.0
-4714.94178504	-0.0	1576.90623042	0.0	3.08016788818	2.98308229799	1001.0
-5036.91986306	-0.0	2520.96170575	0.0	4.54564368184	4.45602152396	1001.0
-5266.96220047	-0.0	3979.35256605	0.0	6.66251734269	6.57930031708	1001.0
-6407.64398607	-0.0	-76.7828844513	-0.0	-0.337809835582	-0.421026861196	1001.0
-6040.40460425	-0.0	1195.57919386	0.0	3.63033139917	3.54711437356	1001.0
-5782.7765834	-0.0	-25.0793437862	-0.0	-0.0935617986991	-0.183183956577	1001.0
-5515.83234619	-0.0	868.248611748	0.0	2.40241334551	2.31279118763	1001.0
-5209.36336243	-0.0	-13.1259122444	-0.0	-0.0445892504089	-0.1416748406	1001.0
-5016.50667926	-0.0	591.715249333	0.0	1.58268029862	1.48559470843	1001.0
-4675.30423177	-0.0	-1.74089681857	-0.0	-0.00565896236077	-0.111574464909	1001.0
-4536.92929598	-0.0	386.15192001	0.0	1.03905074465	0.933135242101	1001.0
-4181.9896037	-0.0	7.51219994151	0.0	0.0243809582875	-0.0921230146256	1001.0
-4077.30260754	-0.0	250.858343714	0.0	0.701168534455	0.584664561542	1001.0
