-799.599231759	-0.0	62.8227934782	0.0	0.736306755185	0.153764012289	1001.0
-1534.62922827	-0.0	97.6782779801	0.0	0.572407598344	0.281139010126	1001.0
-2220.22832381	-0.0	131.720364806	0.0	0.514579481826	0.320407843165	1001.0
-2924.79910422	-0.0	216.835342419	0.0	0.63533559627	0.489702737902	1001.0
-3668.0052457	-0.0	490.784125968	0.0	1.15038970797	1.03388573505	1001.0
-4037.96101071	-0.0	783.662560774	0.0	1.66994579634	1.56403029379	1001.0
-4394.08271199	-0.0	1240.08663297	0.0	2.42225882032	2.32517323013	1001.0
-4715.19729392	-0.0	1929.53055254	0.0	3.47921126492	3.38958910704	1001.0
-4989.38539877	-0.0	2915.2190941	0.0	4.88086879708	4.79765177146	1001.0
-6105.01056325	-0.0	-184.83144001	-0.0	-0.813174430817	-0.896391456431	1001.0
-5702.59266279	-0.0	758.87967322	0.0	2.30430967687	2.22109265125	1001.0
-5447.33684171	-0.0	-131.899987403	-0.0	-0.492070293984	-0.581692451863	1001.0
-5168.8104512	-0.0	576.542951718	0.0	1.59527405253	1.50565189465	1001.0
-4877.12302054	-0.0	-92.969805493	-0.0	-0.315822158523	-0.412907748714	1001.0
-4681.34443273	-0.0	412.186025055	0.0	1.10248755961	1.00540196942	1001.0
-4361.0879823	-0.0	-57.9592130419	-0.0	-0.188402323196	-0.294317825745	1001.0
-4223.74631805	-0.0	277.882884086	0.0	0.747722341062	0.641806838514	1001.0
-3891.38531624	-0.0	-33.5351695516	-0.0	-0.108838898907	-0.22534287182	1001.0
-3790.63482839	-0.0	188.241761712	0.0	0.526150329422	0.409646356509	1001.0
