-723.139546701	-0.0	68.4967353004	0.0	0.802807486225	0.220264743329	1001.0
-1386.86570439	-0.0	119.072670361	0.0	0.697781560848	0.40651297263	1001.0
-2004.6196138	-0.0	177.327897669	0.0	0.692750113698	0.498578475037	1001.0
-2637.0509337	-0.0	294.246920947	0.0	0.86215439275	0.716521534382	1001.0
-3298.61786468	-0.0	605.533658592	0.0	1.41936067573	1.30285670282	1001.0
-3624.31289895	-0.0	916.889699312	0.0	1.95384617782	1.84793067528	1001.0
-3934.4699361	-0.0	1389.62611832	0.0	2.71435400766	2.61726841747	1001.0
-4208.98714288	-0.0	2091.43222731	0.0	3.77114244473	3.68152028685	1001.0
-4436.55271427	-0.0	3083.85608856	0.0	5.16321294265	5.07999591703	1001.0
-5368.69611115	-0.0	-16.9440524678	-0.0	-0.0745461390148	-0.157763164629	1001.0
-5061.58832859	-0.0	928.579854789	0.0	2.81959791604	2.73638089043	1001.0
-4835.30724549	-0.0	39.6885288295	0.0	0.14806328972	0.0584411318416	1001.0
-4610.61950772	-0.0	745.541092187	0.0	2.06288595831	1.97326380043	1001.0
-4352.86172327	-0.0	66.682298035	0.0	0.226522441227	0.129436851036	1001.0
-4189.7725776	-0.0	568.068224772	0.0	1.51943082189	1.4223452317	1001.0
-3906.1850022	-0.0	83.129750859	0.0	0.270221719147	0.164306216598	1001.0
-3789.64600682	-0.0	416.058277356	0.0	1.11952224113	1.01360673858	1001.0
-3494.11193963	-0.0	86.971586106	0.0	0.28226759532	0.165763622406	1001.0
-3407.47962364	-0.0	306.388880142	0.0	0.856380692314	0.739876719401	1001.0
