-923.872139244	-0.0	59.0459542459	0.0	0.692040779637	0.10949803674	1001.0
-1771.36864952	-0.0	84.0203439326	0.0	0.492370302559	0.201101714341	1001.0
-2561.08185918	-0.0	102.528718097	0.0	0.400539238624	0.206367599963	1001.0
-3367.94278112	-0.0	171.862829004	0.0	0.503564463818	0.35793160545	1001.0
-4213.43109312	-0.0	432.362370549	0.0	1.01345009929	0.896946126377	1001.0
-4632.06928141	-0.0	717.080736013	0.0	1.52806325156	1.42214774901	1001.0
-5031.87452866	-0.0	1166.20238175	0.0	2.27794085539	2.1808552652	1001.0
-5391.85530344	-0.0	1836.44300598	0.0	3.31136150469	3.22173934681	1001.0
-5698.88074656	-0.0	2785.82149327	0.0	4.66422205736	4.58100503174	1001.0
-7088.39660519	-0.0	-702.035774693	-0.0	-3.08863871573	-3.17185574135	1001.0
-6572.6669976	-0.0	314.961732388	0.0	0.95636949229	0.873152466675	1001.0
-6309.64848899	-0.0	-491.7900763	-0.0	-1.83468772202	-1.9243098799	1001.0
-5956.74782998	-0.0	279.377479066	0.0	0.773027650218	0.683405492339	1001.0
-5644.34242225	-0.0	-353.494349301	-0.0	-1.20083448416	-1.29792007436	1001.0
-5395.31957687	-0.0	205.922572403	0.0	0.550787897982	0.453702307791	1001.0
-5045.0346746	-0.0	-249.232185873	-0.0	-0.810154596127	-0.916070098676	1001.0
-4869.55597039	-0.0	129.527310583	0.0	0.348529792394	0.242614289846	1001.0
-4500.82155494	-0.0	-174.958045649	-0.0	-0.567828977696	-0.684332950609	1001.0
-4371.93712914	-0.0	77.9083752329	0.0	0.217759953586	0.101255980673	1001.0
