-771.93331729	-0.0	68.7287265014	0.0	0.805526510308	0.222983767411	1001.0
-1478.88160313	-0.0	120.349083119	0.0	0.705261508038	0.41399291982	1001.0
-2136.03619928	-0.0	179.686333051	0.0	0.701963589976	0.507791951315	1001.0
-2804.50926455	-0.0	301.428513545	0.0	0.883196725447	0.737563867079	1001.0
-3498.45042951	-0.0	620.240170235	0.0	1.45383249081	1.3373285179	1001.0
-3837.55581075	-0.0	932.967771613	0.0	1.98810774728	1.88219224473	1001.0
-4157.22305727	-0.0	1405.74160154	0.0	2.74583234983	2.64874675964	1001.0
-4438.76191415	-0.0	2094.13778776	0.0	3.77602094555	3.68639878767	1001.0
-4670.43282422	-0.0	3054.28624738	0.0	5.11370499472	5.0304879691	1001.0
-5674.75732651	-0.0	-294.544320665	-0.0	-1.29586130095	-1.37907832656	1001.0
-5349.66772388	-0.0	695.736272349	0.0	2.11257710741	2.0293600818	1001.0
-5124.94088877	-0.0	-126.951582079	-0.0	-0.473609615478	-0.563231773356	1001.0
-4883.30737659	-0.0	617.984760358	0.0	1.70994207825	1.62031992037	1001.0
-4622.94542841	-0.0	-35.8957010303	-0.0	-0.121939136271	-0.219024726462	1001.0
-4444.03744078	-0.0	499.974071749	0.0	1.33729714431	1.24021155412	1001.0
-4154.54609633	-0.0	20.0149374633	0.0	0.0650605920753	-0.0408549104732	1001.0
-4025.12439733	-0.0	380.209016001	0.0	1.02305968384	0.917144181289	1001.0
-3720.17247053	-0.0	48.7156032545	0.0	0.158107225599	0.0416032526861	1001.0
-3623.17820068	-0.0	287.844930867	0.0	0.80454891529	0.688044942377	1001.0
