-911.614493685	-0.0	61.2428625163	0.0	0.717789370403	0.135246627506	1001.0
-1727.47781626	-0.0	92.115473235	0.0	0.539808828484	0.248540240266	1001.0
-2498.44480249	-0.0	121.809704174	0.0	0.47586244198	0.281690803319	1001.0
-3280.27418607	-0.0	209.542304873	0.0	0.613966725743	0.468333867375	1001.0
-4104.91922836	-0.0	535.835437885	0.0	1.25598922274	1.13948524983	1001.0
-4513.55462517	-0.0	890.289212738	0.0	1.89716186884	1.79124636629	1001.0
-4892.44182087	-0.0	1481.69884525	0.0	2.89419948698	2.79711389679	1001.0
-5227.17438933	-0.0	2374.69501451	0.0	4.28190454634	4.19228238846	1001.0
-5473.72410106	-0.0	3733.76182939	0.0	6.25133172517	6.16811469956	1001.0
-6628.33658745	-0.0	-330.825273546	-0.0	-1.45548102369	-1.5386980493	1001.0
-6249.50149217	-0.0	941.533160519	0.0	2.85893014326	2.77571311765	1001.0
-5990.13391592	-0.0	-194.264049938	-0.0	-0.724727651955	-0.814349809833	1001.0
-5713.19685152	-0.0	708.443952191	0.0	1.9602394778	1.87061731992	1001.0
-5401.78333209	-0.0	-129.74761767	-0.0	-0.440757861741	-0.537843451933	1001.0
-5201.30014541	-0.0	484.182772289	0.0	1.29505963468	1.19797404449	1001.0
-4851.25892592	-0.0	-82.9987077816	-0.0	-0.269795750281	-0.37571125283	1001.0
-4707.75512868	-0.0	311.340372152	0.0	0.837749157161	0.731833654613	1001.0
-4342.14856398	-0.0	-51.3103683745	-0.0	-0.166528574958	-0.283032547871	1001.0
-4233.20382653	-0.0	197.498847882	0.0	0.552024603511	0.435520630598	1001.0
