-843.6287972	-0.0	57.3640064795	0.0	0.672327719556	0.0897849766597	1001.0
-1621.4214875	-0.0	76.9378496233	0.0	0.450865951318	0.1595973631	1001.0
-2349.08912319	-0.0	88.14443837	0.0	0.344345534489	0.150173895828	1001.0
-3102.95185776	-0.0	140.995597861	0.0	0.413122331623	0.267489473256	1001.0
-3908.07307055	-0.0	378.401066362	0.0	0.886965713018	0.770461740104	1001.0
-4314.99994353	-0.0	656.610922453	0.0	1.39920509753	1.29328959498	1001.0
-4712.74683548	-0.0	1103.81805757	0.0	2.15608567571	2.05900008551	1001.0
-5078.51141897	-0.0	1800.54515245	0.0	3.24663269475	3.15701053687	1001.0
-5399.38828808	-0.0	2818.93902938	0.0	4.71966981048	4.63645278487	1001.0
-6717.74192618	-0.0	-125.670967647	-0.0	-0.552895208637	-0.636112234251	1001.0
-6200.67208106	-0.0	777.429574267	0.0	2.36063575595	2.27741873034	1001.0
-5912.29366135	-0.0	-173.819435164	-0.0	-0.648456320925	-0.738078478804	1001.0
-5575.56379734	-0.0	510.806583286	0.0	1.41338383507	1.32376167719	1001.0
-5249.89452368	-0.0	-173.664705168	-0.0	-0.589945969603	-0.687031559794	1001.0
-5023.2675079	-0.0	313.394258803	0.0	0.838245963185	0.741160372994	1001.0
-4668.89719939	-0.0	-149.572721646	-0.0	-0.48620136068	-0.592116863229	1001.0
-4513.65144815	-0.0	173.350281448	0.0	0.466447865956	0.360532363408	1001.0
-4150.21919072	-0.0	-122.727187178	-0.0	-0.398312938238	-0.514816911151	1001.0
-4038.53451568	-0.0	90.2704615138	0.0	0.2523129439	0.135808970987	1001.0
