-727.473996879	-0.0	71.4842442488	0.0	0.83782221413	0.255279471233	1001.0
-1376.63180918	-0.0	136.731489764	0.0	0.801264572761	0.509995984542	1001.0
-1994.39396108	-0.0	222.041208537	0.0	0.86742737314	0.67325573448	1001.0
-2625.09066072	-0.0	394.49603138	0.0	1.15588800482	1.01025514645	1001.0
-3288.23985624	-0.0	891.186862329	0.0	2.08892696412	1.97242299121	1001.0
-3618.76584604	-0.0	1381.19963353	0.0	2.94326746916	2.83735196661	1001.0
-3928.76903537	-0.0	2171.51123762	0.0	4.24160869805	4.14452310786	1001.0
-4185.11405234	-0.0	3414.17385159	0.0	6.15622909377	6.06660693589	1001.0
-4312.40415372	-0.0	5493.89337995	0.0	9.19827014955	9.11505312394	1001.0
-5469.23785149	-0.0	1493.22192608	0.0	6.56949861863	6.48628159301	1001.0
-5128.89726172	-0.0	2714.63224721	0.0	8.24287904544	8.15966201982	1001.0
-4895.95418021	-0.0	973.262126291	0.0	3.63088268647	3.54126052859	1001.0
-4658.04468946	-0.0	1805.16843961	0.0	4.99483752873	4.90521537085	1001.0
-4381.1709659	-0.0	674.990848216	0.0	2.29297098705	2.19588539685	1001.0
-4206.18167716	-0.0	1251.22142671	0.0	3.34668322897	3.24959763878	1001.0
-3917.37163301	-0.0	477.456300852	0.0	1.55202031885	1.4461048163	1001.0
-3798.10741081	-0.0	830.635656848	0.0	2.23505970852	2.12914420597	1001.0
-3488.00536899	-0.0	368.924826247	0.0	1.19735109156	1.08084711864	1001.0
-3406.64032749	-0.0	565.516277713	0.0	1.58066187389	1.46415790097	1001.0
