-824.318548477	-0.0	65.8926938742	0.0	0.772287141829	0.189744398932	1001.0
-1561.51687653	-0.0	111.026316291	0.0	0.65062886422	0.359360276002	1001.0
-2258.76081068	-0.0	163.832293911	0.0	0.640028115859	0.445856477198	1001.0
-2967.36573223	-0.0	283.888516143	0.0	0.831803882457	0.686171024089	1001.0
-3713.74894634	-0.0	664.369200943	0.0	1.55727019399	1.44076622108	1001.0
-4084.29257209	-0.0	1056.67500758	0.0	2.25172169161	2.14580618906	1001.0
-4424.58332298	-0.0	1709.93747803	0.0	3.34001756669	3.2429319765	1001.0
-4719.30054706	-0.0	2701.70467031	0.0	4.87154832094	4.78192616306	1001.0
-4917.53474442	-0.0	4248.92545384	0.0	7.1138555969	7.03063857128	1001.0
-6000.08071009	-0.0	181.069338594	0.0	0.796622892415	0.713405866801	1001.0
-5667.78900556	-0.0	1457.3518053	0.0	4.42519411977	4.34197709415	1001.0
-5423.83039762	-0.0	167.632812621	0.0	0.625376309824	0.535754151946	1001.0
-5179.65193107	-0.0	1054.48991007	0.0	2.91773646211	2.82811430423	1001.0
-4890.18547901	-0.0	134.210567369	0.0	0.455918680891	0.358833090699	1001.0
-4712.38014744	-0.0	732.372602477	0.0	1.95890116149	1.8618155713	1001.0
-4391.60330772	-0.0	110.89624448	0.0	0.360479533748	0.254564031199	1001.0
-4263.11683951	-0.0	494.176622258	0.0	1.32972169951	1.22380619696	1001.0
-3929.06468369	-0.0	96.0137724605	0.0	0.311614147602	0.195110174688	1001.0
-3832.19402017	-0.0	334.492072401	0.0	0.934931295169	0.818427322256	1001.0
