-747.745394699	-0.0	71.1739349602	0.0	0.834185272619	0.251642529723	1001.0
-1415.36010276	-0.0	131.458811675	0.0	0.77036598339	0.479097395171	1001.0
-2046.03581959	-0.0	208.06323066	0.0	0.812820929986	0.618649291325	1001.0
-2685.4169877	-0.0	360.47215103	0.0	1.05619677336	0.910563914991	1001.0
-3352.53988812	-0.0	786.540291264	0.0	1.84363716774	1.72713319483	1001.0
-3680.62807311	-0.0	1205.7311005	0.0	2.5693527847	2.46343728216	1001.0
-3976.8722396	-0.0	1891.29219351	0.0	3.69425738148	3.59717179129	1001.0
-4224.79870995	-0.0	2927.56368023	0.0	5.27880344866	5.18918129078	1001.0
-4369.98566318	-0.0	4553.4166438	0.0	7.62365657587	7.54043955026	1001.0
-5348.83303137	-0.0	446.953113182	0.0	1.96639080123	1.88317377562	1001.0
-5075.57138593	-0.0	1732.18901332	0.0	5.25972699813	5.17650997251	1001.0
-4862.7424149	-0.0	392.553293335	0.0	1.46447181883	1.37484966095	1001.0
-4654.65054239	-0.0	1276.30815391	0.0	3.53149973457	3.44187757669	1001.0
-4398.99851232	-0.0	322.285237675	0.0	1.09481588009	0.997730289899	1001.0
-4244.02725832	-0.0	916.391023918	0.0	2.45110130426	2.35401571407	1001.0
-3959.68240538	-0.0	264.761039059	0.0	0.860632714503	0.754717211954	1001.0
-3846.33102945	-0.0	644.810646541	0.0	1.73504506317	1.62912956062	1001.0
-3547.38047734	-0.0	222.809433387	0.0	0.723131378793	0.60662740588	1001.0
-3462.26683851	-0.0	456.825451397	0.0	1.27686258115	1.16035860824	1001.0
