-917.683467847	-0.0	57.3457942283	0.0	0.672114265126	0.0895715222297	1001.0
-1760.64178411	-0.0	77.4009569409	0.0	0.45357982131	0.162311233091	1001.0
-2547.19392933	-0.0	88.2373704225	0.0	0.344708583342	0.150536944682	1001.0
-3353.74702548	-0.0	145.760014725	0.0	0.427082249758	0.281449391391	1001.0
-4204.16837035	-0.0	389.333073561	0.0	0.912590153383	0.79608618047	1001.0
-4628.0383116	-0.0	665.351970231	0.0	1.41783183399	1.31191633144	1001.0
-5035.70212052	-0.0	1106.26128787	0.0	2.16085803271	2.06377244252	1001.0
-5405.81711278	-0.0	1773.02610381	0.0	3.19701203242	3.10738987454	1001.0
-5725.29653567	-0.0	2726.27626498	0.0	4.56452716741	4.4813101418	1001.0
-7120.64723257	-0.0	-607.270497671	-0.0	-2.67171451604	-2.75493154166	1001.0
-6587.85793927	-0.0	383.294058572	0.0	1.16385803892	1.08064101331	1001.0
-6315.46305801	-0.0	-452.565500383	-0.0	-1.68835526982	-1.77797742769	1001.0
-5957.40679513	-0.0	296.456240026	0.0	0.820283980604	0.730661822725	1001.0
-5636.60292674	-0.0	-343.067395442	-0.0	-1.16541370365	-1.26249929384	1001.0
-5387.79988245	-0.0	197.457620469	0.0	0.528146411776	0.431060821585	1001.0
-5030.48134316	-0.0	-254.140563129	-0.0	-0.826109776152	-0.9320252787	1001.0
-4857.09049617	-0.0	109.13409819	0.0	0.293656097808	0.187740595259	1001.0
-4483.03858612	-0.0	-187.23707414	-0.0	-0.607680749984	-0.724184722897	1001.0
-4356.60847261	-0.0	54.381121039	0.0	0.151999452665	0.035495479752	1001.0
