-758.561581602	-0.0	69.6801051541	0.0	0.816677025749	0.234134282852	1001.0
-1436.06121669	-0.0	127.631033636	0.0	0.74793469898	0.456666110761	1001.0
-2078.3430245	-0.0	201.47901841	0.0	0.787099011186	0.592927372525	1001.0
-2732.7919534	-0.0	353.532056177	0.0	1.03586203801	0.890229179646	1001.0
-3419.02151706	-0.0	803.180945567	0.0	1.88264258057	1.76613860766	1001.0
-3760.93756557	-0.0	1248.21774556	0.0	2.65988970439	2.55397420184	1001.0
-4075.45660879	-0.0	1979.78448482	0.0	3.86710920284	3.77002361265	1001.0
-4339.78552294	-0.0	3108.8737512	0.0	5.60573065928	5.5161085014	1001.0
-4485.54517685	-0.0	4952.38680921	0.0	8.29164102865	8.20842400304	1001.0
-5597.49271085	-0.0	826.528561429	0.0	3.63635046321	3.55313343759	1001.0
-5270.54511092	-0.0	2108.79729334	0.0	6.40328392114	6.32006689552	1001.0
-5038.51425926	-0.0	591.032492799	0.0	2.20492464186	2.11530248398	1001.0
-4804.63262985	-0.0	1459.79649079	0.0	4.03920550377	3.94958334589	1001.0
-4529.51100795	-0.0	426.338220374	0.0	1.44828803616	1.35120244597	1001.0
-4359.58530339	-0.0	1011.51324919	0.0	2.70552785837	2.60844226818	1001.0
-4061.26768289	-0.0	313.296556054	0.0	1.01840235421	0.912486851661	1001.0
-3939.70358888	-0.0	684.738865416	0.0	1.84248320708	1.73656770454	1001.0
-3626.48767183	-0.0	247.231892649	0.0	0.802394838921	0.685890866008	1001.0
-3538.00903326	-0.0	469.761997345	0.0	1.31302123081	1.19651725789	1001.0
