-804.747240728	-0.0	68.0736243927	0.0	0.797848467336	0.215305724439	1001.0
-1523.98214901	-0.0	118.47319568	0.0	0.694268560111	0.402999971893	1001.0
-2202.8821452	-0.0	178.895165317	0.0	0.698872809875	0.504701171214	1001.0
-2890.2040672	-0.0	307.951727481	0.0	0.902309984242	0.756677125874	1001.0
-3609.57841469	-0.0	690.694039971	0.0	1.61897517237	1.50247119946	1001.0
-3963.2473352	-0.0	1078.34931428	0.0	2.29790855722	2.19199305467	1001.0
-4285.1706626	-0.0	1713.66021324	0.0	3.34728917817	3.25020358798	1001.0
-4561.32863275	-0.0	2666.18198603	0.0	4.80749599322	4.71787383534	1001.0
-4745.02386175	-0.0	4125.26315896	0.0	6.90681131756	6.82359429195	1001.0
-5738.22602105	-0.0	53.0676750293	0.0	0.233473679773	0.150256654158	1001.0
-5448.34866287	-0.0	1325.1635452	0.0	4.02380942382	3.94059239821	1001.0
-5220.94143955	-0.0	118.326503726	0.0	0.441432623468	0.35181046559	1001.0
-4998.68011614	-0.0	1009.97245061	0.0	2.79455821884	2.70493606096	1001.0
-4726.29912565	-0.0	125.592468424	0.0	0.426642653082	0.32955706289	1001.0
-4560.92176723	-0.0	728.780278437	0.0	1.94929265387	1.85220706368	1001.0
-4255.51851793	-0.0	123.328085756	0.0	0.400890499583	0.294974997035	1001.0
-4134.92926273	-0.0	510.311852331	0.0	1.37313809071	1.26722258817	1001.0
-3814.87850099	-0.0	115.877002467	0.0	0.376080560371	0.259576587458	1001.0
-3722.88013389	-0.0	358.288392563	0.0	1.00144385635	0.884939883436	1001.0
