-781.083934001	-0.0	68.9834987809	0.0	0.808512537194	0.225969794298	1001.0
-1478.99427085	-0.0	122.785967801	0.0	0.71954197384	0.428273385622	1001.0
-2138.44430286	-0.0	189.097875888	0.0	0.738730773573	0.544559134912	1001.0
-2807.41947586	-0.0	327.199345573	0.0	0.958706219196	0.813073360828	1001.0
-3508.15966538	-0.0	730.871115382	0.0	1.71314955904	1.59664558613	1001.0
-3853.89625689	-0.0	1135.65510625	0.0	2.42002433917	2.31410883662	1001.0
-4168.21273353	-0.0	1801.99962859	0.0	3.51984238722	3.42275679703	1001.0
-4435.66902912	-0.0	2808.86601633	0.0	5.06477509403	4.97515293615	1001.0
-4604.63864627	-0.0	4378.31843648	0.0	7.33049460452	7.2472775789	1001.0
-5614.04807215	-0.0	292.980427788	0.0	1.28898088223	1.20576385661	1001.0
-5321.36212526	-0.0	1572.62850798	0.0	4.77522750568	4.69201048006	1001.0
-5095.84041928	-0.0	273.271482403	0.0	1.01947529588	0.929853137997	1001.0
-4875.06369578	-0.0	1159.15909271	0.0	3.207352406	3.11773024812	1001.0
-4605.76424284	-0.0	228.49260732	0.0	0.776198552506	0.679112962314	1001.0
-4442.53234037	-0.0	825.166429697	0.0	2.20709987251	2.11001428232	1001.0
-4143.03837977	-0.0	191.626269327	0.0	0.622900699162	0.516985196613	1001.0
-4024.07906296	-0.0	573.806076326	0.0	1.54398722367	1.43807172112	1001.0
-3710.59695422	-0.0	164.167004074	0.0	0.532806489402	0.416302516489	1001.0
-3620.79754378	-0.0	401.159161506	0.0	1.12127098183	1.00476700892	1001.0
