-819.03831923	-0.0	59.0619552426	0.0	0.692228317333	0.109685574437	1001.0
-1573.9318761	-0.0	83.3413555732	0.0	0.488391341175	0.197122752957	1001.0
-2279.83058072	-0.0	101.841071693	0.0	0.397852875502	0.203681236841	1001.0
-3010.65759907	-0.0	164.196172544	0.0	0.481100876012	0.335468017644	1001.0
-3789.80793484	-0.0	412.927050206	0.0	0.967894036428	0.851390063515	1001.0
-4182.69641643	-0.0	696.994053292	0.0	1.48525953341	1.37934403086	1001.0
-4565.8961724	-0.0	1149.7009498	0.0	2.24570864029	2.1486230501	1001.0
-4916.90407598	-0.0	1851.46516728	0.0	3.3384485455	3.24882638762	1001.0
-5222.89333251	-0.0	2874.58115458	0.0	4.81282984544	4.72961281982	1001.0
-6469.03302088	-0.0	-65.0468760293	-0.0	-0.28617672615	-0.369393751764	1001.0
-5989.97740447	-0.0	837.477120069	0.0	2.54296787756	2.45975085195	1001.0
-5709.45697806	-0.0	-115.854322087	-0.0	-0.432209823904	-0.521831981783	1001.0
-5393.8055452	-0.0	566.691974412	0.0	1.56801674509	1.47839458721	1001.0
-5077.94356383	-0.0	-121.705981159	-0.0	-0.413440099945	-0.510525690137	1001.0
-4864.04880714	-0.0	362.970729058	0.0	0.970849783749	0.873764193558	1001.0
-4520.63923948	-0.0	-104.744840738	-0.0	-0.340483769572	-0.44639927212	1001.0
-4373.41428564	-0.0	216.454318938	0.0	0.582431446332	0.476515943783	1001.0
-4021.24840974	-0.0	-85.054963014	-0.0	-0.276047166148	-0.392551139061	1001.0
-3914.95131758	-0.0	126.651423311	0.0	0.354000554874	0.237496581961	1001.0
