-893.029106164	-0.0	57.1072249603	0.0	0.669318143625	0.0867754007281	1001.0
-1714.36481883	-0.0	76.2679220233	0.0	0.44694008718	0.155671498962	1001.0
-2481.45660438	-0.0	85.9191457349	0.0	0.335652194376	0.141480555715	1001.0
-3270.68320899	-0.0	140.065380944	0.0	0.41039676155	0.264763903183	1001.0
-4106.77532032	-0.0	377.943613881	0.0	0.885893452123	0.76938947921	1001.0
-4525.56173159	-0.0	651.897748111	0.0	1.38916155829	1.28324605575	1001.0
-4930.73064899	-0.0	1091.03236092	0.0	2.13111139918	2.03402580899	1001.0
-5300.37168658	-0.0	1762.42097482	0.0	3.17788951363	3.08826735575	1001.0
-5621.80170872	-0.0	2728.96841322	0.0	4.56903455498	4.48581752937	1001.0
-6980.56369559	-0.0	-455.759957595	-0.0	-2.00513691873	-2.08835394435	1001.0
-6455.56987705	-0.0	505.493965797	0.0	1.53491347586	1.45169645025	1001.0
-6177.68493562	-0.0	-364.788931737	-0.0	-1.36089320716	-1.45051536504	1001.0
-5828.39198523	-0.0	361.032193212	0.0	0.998963369932	0.909341212054	1001.0
-5505.47556174	-0.0	-290.587244466	-0.0	-0.987136525668	-1.08422211586	1001.0
-5265.25035626	-0.0	230.478070032	0.0	0.616467297598	0.519381707407	1001.0
-4908.45793447	-0.0	-222.901509947	-0.0	-0.724564053131	-0.83047955568	1001.0
-4742.19104339	-0.0	125.062953819	0.0	0.336517180313	0.230601677764	1001.0
-4371.06035023	-0.0	-169.014827312	-0.0	-0.548540172886	-0.665044145799	1001.0
-4250.40186774	-0.0	61.5552964681	0.0	0.172051829624	0.0555478567112	1001.0
