-774.698323776	-0.0	67.3296734046	0.0	0.789129082097	0.2065863392	1001.0
-1467.34022769	-0.0	122.176263037	0.0	0.715969023471	0.424700435253	1001.0
-2129.07379983	-0.0	191.166420225	0.0	0.746811759948	0.552640121287	1001.0
-2808.6920397	-0.0	343.383815127	0.0	1.00612731531	0.860494456944	1001.0
-3535.14702711	-0.0	821.396993939	0.0	1.92534069051	1.8088367176	1001.0
-3904.62925248	-0.0	1305.73590067	0.0	2.78245802161	2.67654251906	1001.0
-4258.99846748	-0.0	2103.73200695	0.0	4.10921565795	4.01213006776	1001.0
-4565.31796886	-0.0	3373.91416003	0.0	6.08363528477	5.99401312689	1001.0
-4747.37409376	-0.0	5531.51144931	0.0	9.26125301808	9.17803599247	1001.0
-6043.92132229	-0.0	1840.94897886	0.0	8.09933979829	8.01612277267	1001.0
-5619.53663234	-0.0	2965.78894703	0.0	9.0055069484	8.92228992279	1001.0
-5344.11458453	-0.0	1087.4721909	0.0	4.05695839107	3.9673362332	1001.0
-5060.55555052	-0.0	1880.89956252	0.0	5.20438288	5.11476072212	1001.0
-4743.60939112	-0.0	704.091347919	0.0	2.39182655183	2.29474096164	1001.0
-4546.25918133	-0.0	1249.62724596	0.0	3.34241922114	3.24533363095	1001.0
-4219.03965396	-0.0	466.424555243	0.0	1.51616050653	1.41024500398	1001.0
-4089.08682952	-0.0	793.76462812	0.0	2.13584779768	2.02993229514	1001.0
-3745.15197937	-0.0	339.027981813	0.0	1.10032043173	0.983816458817	1001.0
-3658.69226334	-0.0	512.890421756	0.0	1.43356852331	1.3170645504	1001.0
