-826.513342099	-0.0	64.5712966886	0.0	0.756799870088	0.174257127192	1001.0
-1584.30305255	-0.0	104.674466052	0.0	0.613406183644	0.322137595425	1001.0
-2289.73915121	-0.0	146.318826867	0.0	0.571609911811	0.37743827315	1001.0
-3009.4968554	-0.0	244.741107307	0.0	0.717100522487	0.571467664119	1001.0
-3761.15414309	-0.0	536.413202267	0.0	1.2573434927	1.14083951979	1001.0
-4131.32883293	-0.0	835.91071972	0.0	1.78128401481	1.67536851226	1001.0
-4483.06951138	-0.0	1297.22180364	0.0	2.53386083862	2.43677524843	1001.0
-4796.72458384	-0.0	1977.66439812	0.0	3.56600326599	3.47638110811	1001.0
-5060.0613132	-0.0	2934.84965371	0.0	4.91373568728	4.83051866167	1001.0
-6193.1452028	-0.0	-416.822289495	-0.0	-1.83382885506	-1.91704588067	1001.0
-5800.94170955	-0.0	574.773631	0.0	1.74527858192	1.6620615563	1001.0
-5557.73594068	-0.0	-250.447523843	-0.0	-0.934327509135	-1.02394966701	1001.0
-5277.83934666	-0.0	496.898717511	0.0	1.37490126004	1.28527910216	1001.0
-4994.66034764	-0.0	-150.886733144	-0.0	-0.512568284952	-0.609653875144	1001.0
-4792.43399954	-0.0	387.525763858	0.0	1.03652794542	0.939442355232	1001.0
-4477.63603977	-0.0	-81.874600393	-0.0	-0.266141724762	-0.37205722731	1001.0
-4333.35018797	-0.0	280.176715384	0.0	0.753894541677	0.647979039129	1001.0
-4002.68833999	-0.0	-38.5684671204	-0.0	-0.125174542131	-0.241678515044	1001.0
-3895.60846768	-0.0	202.02168359	0.0	0.564666280235	0.448162307322	1001.0
