-677.331574093	-0.0	68.1249559512	0.0	0.798450092497	0.215907349601	1001.0
-1300.76960292	-0.0	117.58921634	0.0	0.689088324528	0.397819736309	1001.0
-1882.22903813	-0.0	175.514461326	0.0	0.685665733579	0.491494094918	1001.0
-2482.98274513	-0.0	288.653604433	0.0	0.845765767895	0.700132909527	1001.0
-3117.49282822	-0.0	599.931043321	0.0	1.40622824009	1.28972426718	1001.0
-3433.34947559	-0.0	918.690527959	0.0	1.95768365377	1.85176815123	1001.0
-3737.02746864	-0.0	1408.73792746	0.0	2.75168506746	2.65459947727	1001.0
-4008.01722689	-0.0	2152.5940411	0.0	3.8814256798	3.79180352193	1001.0
-4232.62543885	-0.0	3230.59239072	0.0	5.40888937914	5.32567235353	1001.0
-5161.54770258	-0.0	359.223306774	0.0	1.58041947845	1.49720245284	1001.0
-4846.60679992	-0.0	1246.99818284	0.0	3.78646323148	3.70324620587	1001.0
-4612.69037067	-0.0	248.37783282	0.0	0.926606253884	0.836984096006	1001.0
-4391.22837618	-0.0	911.917559153	0.0	2.52324378579	2.43362162791	1001.0
-4131.27833624	-0.0	187.607981056	0.0	0.637311837096	0.540226246905	1001.0
-3976.54138988	-0.0	651.826378009	0.0	1.74346151761	1.64637592742	1001.0
-3694.54077339	-0.0	153.070592872	0.0	0.497571547243	0.391656044694	1001.0
-3585.05819279	-0.0	460.51858884	0.0	1.23915525953	1.13323975698	1001.0
-3296.3467636	-0.0	127.140065188	0.0	0.412635000419	0.296131027506	1001.0
-3216.02908669	-0.0	328.762941863	0.0	0.918917930799	0.802413957886	1001.0
