-883.728481062	-0.0	58.3223609344	0.0	0.683559994021	0.101017251125	1001.0
-1696.02961544	-0.0	80.9112150743	0.0	0.474150397176	0.182881808958	1001.0
-2454.24628673	-0.0	95.7636907365	0.0	0.374110946545	0.179939307884	1001.0
-3233.11895329	-0.0	157.251019967	0.0	0.460751321349	0.315118462981	1001.0
-4056.15795417	-0.0	404.021429283	0.0	0.94701941129	0.830515438377	1001.0
-4467.17188016	-0.0	682.087694504	0.0	1.45349482696	1.34757932442	1001.0
-4863.55291869	-0.0	1124.72649889	0.0	2.19692609366	2.09984050347	1001.0
-5223.80967418	-0.0	1796.86799269	0.0	3.24000226559	3.15038010771	1001.0
-5535.30816619	-0.0	2760.32530347	0.0	4.6215345086	4.53831748298	1001.0
-6853.84380099	-0.0	-461.48581813	-0.0	-2.03032810581	-2.11354513142	1001.0
-6353.01240765	-0.0	507.168927337	0.0	1.53999943379	1.45678240817	1001.0
-6081.24215984	-0.0	-352.73069811	-0.0	-1.31590837674	-1.40553053462	1001.0
-5744.19518202	-0.0	378.140444143	0.0	1.04630129803	0.956679140154	1001.0
-5427.96996685	-0.0	-271.661427272	-0.0	-0.922844765495	-1.01993035569	1001.0
-5194.20673752	-0.0	253.443826228	0.0	0.677894563357	0.580808973165	1001.0
-4844.31742258	-0.0	-202.233131638	-0.0	-0.657379385058	-0.763294887607	1001.0
-4681.67285946	-0.0	148.936347512	0.0	0.40075528508	0.294839782531	1001.0
-4317.00762404	-0.0	-149.152869074	-0.0	-0.484077887659	-0.600581860572	1001.0
-4198.51360527	-0.0	83.6705607476	0.0	0.23386570918	0.117361736267	1001.0
