-737.485215231	-0.0	65.1526401849	0.0	0.763613434397	0.1810706915	1001.0
-1416.11444351	-0.0	106.331978429	0.0	0.623119424895	0.331850836676	1001.0
-2049.24005095	-0.0	150.856847126	0.0	0.589338166031	0.39516652737	1001.0
-2702.20564144	-0.0	247.571448225	0.0	0.725393526362	0.579760667994	1001.0
-3392.40193409	-0.0	536.813251504	0.0	1.25828120136	1.14177722844	1001.0
-3736.54174728	-0.0	840.94697939	0.0	1.79201603276	1.68610053021	1001.0
-4068.55029555	-0.0	1311.66268211	0.0	2.56206817858	2.46498258839	1001.0
-4367.10365198	-0.0	2026.84588323	0.0	3.65468430646	3.56506214858	1001.0
-4619.80494496	-0.0	3057.37715056	0.0	5.11888000641	5.03566298079	1001.0
-5638.23010553	-0.0	101.148339715	0.0	0.445006777915	0.361789752301	1001.0
-5279.22060917	-0.0	1011.17685211	0.0	3.07040060179	2.98718357618	1001.0
-5031.30488709	-0.0	62.9502184296	0.0	0.23484408982	0.145221931942	1001.0
-4781.84083825	-0.0	744.725212473	0.0	2.06062844786	1.97100628998	1001.0
-4503.46554506	-0.0	47.3094468797	0.0	0.160712088757	0.0636264985652	1001.0
-4329.03407094	-0.0	528.891342227	0.0	1.41464312167	1.31755753148	1001.0
-4025.85556287	-0.0	45.5249712598	0.0	0.147983554273	0.0420680517243	1001.0
-3903.38262251	-0.0	364.298937697	0.0	0.980249127026	0.874333624478	1001.0
-3591.349441	-0.0	43.7023279174	0.0	0.14183656483	0.0253325919171	1001.0
-3501.61138493	-0.0	253.348121055	0.0	0.708127655304	0.591623682391	1001.0
