-707.663676793	-0.0	73.7578579307	0.0	0.864469821153	0.281927078256	1001.0
-1338.76143546	-0.0	142.047553356	0.0	0.832417406905	0.541148818686	1001.0
-1935.08316959	-0.0	231.452544727	0.0	0.904193749448	0.710022110787	1001.0
-2539.3700074	-0.0	402.372694042	0.0	1.17896691858	1.03333406022	1001.0
-3166.16444131	-0.0	862.129536748	0.0	2.02081708338	1.90431311047	1001.0
-3473.37046269	-0.0	1304.84886444	0.0	2.78056779167	2.67465228912	1001.0
-3749.04403224	-0.0	2022.19889508	0.0	3.94995718831	3.85287159812	1001.0
-3973.71136689	-0.0	3111.25887343	0.0	5.61003136554	5.52040920766	1001.0
-4085.93249619	-0.0	4848.21691002	0.0	8.11723231556	8.03401528995	1001.0
-5051.34065434	-0.0	700.208338672	0.0	3.08059882682	2.9973818012	1001.0
-4793.08959453	-0.0	1993.93017085	0.0	6.05449421012	5.97127718451	1001.0
-4595.56632984	-0.0	574.788200049	0.0	2.14432316595	2.05470100807	1001.0
-4398.65342247	-0.0	1454.4040173	0.0	4.02428471944	3.93466256156	1001.0
-4158.50315577	-0.0	458.232763269	0.0	1.55663507774	1.45954948755	1001.0
-4010.87021186	-0.0	1048.74590778	0.0	2.80511527862	2.70802968843	1001.0
-3744.52472212	-0.0	365.990407473	0.0	1.18968908335	1.0837735808	1001.0
-3636.70242442	-0.0	742.118833298	0.0	1.99688020802	1.89096470547	1001.0
-3354.2108166	-0.0	302.164003617	0.0	0.980677834128	0.864173861215	1001.0
-3274.45233727	-0.0	530.30847335	0.0	1.48225332896	1.36574935605	1001.0
