-689.624955716	-0.0	68.4731334664	0.0	0.802530863858	0.219988120961	1001.0
-1323.70490728	-0.0	118.860292173	0.0	0.696536996637	0.405268408419	1001.0
-1914.49307521	-0.0	177.68020872	0.0	0.694126453933	0.499954815272	1001.0
-2522.73798525	-0.0	293.031631908	0.0	0.858593550788	0.712960692421	1001.0
-3162.59391179	-0.0	604.635191979	0.0	1.41725468515	1.30075071224	1001.0
-3479.54648157	-0.0	920.460597758	0.0	1.96145558415	1.8555400816	1001.0
-3783.27072681	-0.0	1402.65833543	0.0	2.73980981211	2.64272422192	1001.0
-4053.08823109	-0.0	2128.77510981	0.0	3.83847684235	3.74885468447	1001.0
-4276.60727451	-0.0	3170.50166876	0.0	5.30828118458	5.22506415896	1001.0
-5190.78909463	-0.0	220.835485144	0.0	0.971575885179	0.888358859565	1001.0
-4885.5381181	-0.0	1130.96162093	0.0	3.43412256152	3.35090553591	1001.0
-4656.45337757	-0.0	176.289249381	0.0	0.657670288506	0.568048130628	1001.0
-4437.60466484	-0.0	855.019163499	0.0	2.3658079279	2.27618577002	1001.0
-4180.56407174	-0.0	148.702756893	0.0	0.505149230025	0.408063639833	1001.0
-4025.04558906	-0.0	626.208933139	0.0	1.67494169268	1.57785610249	1001.0
-3744.562171	-0.0	132.920804957	0.0	0.432072610043	0.326157107495	1001.0
-3634.17064583	-0.0	448.767522884	0.0	1.20753569946	1.10162019691	1001.0
-3344.94941289	-0.0	117.183441049	0.0	0.380320626506	0.263816653593	1001.0
-3263.49199694	-0.0	324.587548493	0.0	0.907247382367	0.790743409454	1001.0
