-734.668551188	-0.0	71.2703112247	0.0	0.835314838668	0.252772095772	1001.0
-1390.33433568	-0.0	135.036105161	0.0	0.791329395269	0.500060807051	1001.0
-2013.15190266	-0.0	218.16185915	0.0	0.852272286073	0.658100647412	1001.0
-2648.40211592	-0.0	385.586723159	0.0	1.12978340126	0.984150542892	1001.0
-3312.88483271	-0.0	872.302817745	0.0	2.04466308234	1.92815910943	1001.0
-3643.85363211	-0.0	1349.18612833	0.0	2.87504828769	2.76913278515	1001.0
-3951.60123136	-0.0	2120.39651038	0.0	4.14176640025	4.04468081006	1001.0
-4205.82496246	-0.0	3325.02993517	0.0	5.99549024575	5.90586808788	1001.0
-4331.23879462	-0.0	5329.22097527	0.0	8.92256380441	8.83934677879	1001.0
-5475.53767094	-0.0	1213.06513969	0.0	5.33693593719	5.25371891158	1001.0
-5143.91355879	-0.0	2472.36151512	0.0	7.50723305031	7.4240160247	1001.0
-4914.51087275	-0.0	822.670884343	0.0	3.06908220297	2.97946004509	1001.0
-4680.67806361	-0.0	1673.26362011	0.0	4.62986153634	4.54023937846	1001.0
-4407.75887165	-0.0	580.467123677	0.0	1.97187010319	1.874784513	1001.0
-4236.86992125	-0.0	1160.21587382	0.0	3.10326767429	3.0061820841	1001.0
-3946.75710993	-0.0	417.004977547	0.0	1.3555171375	1.24960163495	1001.0
-3827.33903368	-0.0	778.901336808	0.0	2.09585391676	1.98993841422	1001.0
-3518.96009136	-0.0	324.739383882	0.0	1.0539465715	0.937442598583	1001.0
-3434.35579727	-0.0	535.051247951	0.0	1.49550975196	1.37900577905	1001.0
