U (kJ/mol)	 dU (kJ/mol)	 P (bar)	 dP (bar)	 Z	 Z-1/rho (ml/gm)	 Neff
-1097.14769282	0.940284340879	56.6917977288	0.359050122344	0.728006210533	-2.92412139031	3643.89534429
-2085.48980529	1.47753813236	87.0258160347	0.95720624722	0.558769848106	-2.37176467322	2539.86539638
-3016.79757707	1.3664807394	124.159802837	1.63505978566	0.531464932674	-1.67902535877	2328.01870171
-3991.65628568	1.16548541584	231.720486963	2.39687767857	0.743908116564	-0.688291226181	2377.41777876
-5059.22012869	1.25076453757	601.468795739	3.66688479123	1.54474910432	1.17128594127	2161.32489667
-5606.61604748	1.37131676836	1010.07412371	4.16639077063	2.35833454312	2.65509745648	2076.72881178
-6133.23069543	1.53075748404	1691.40713914	4.97618563662	3.62002663164	4.69451646563	1920.11562007
-6607.32071474	1.7447324606	2781.57051763	6.03573680198	5.49530209061	7.4350164554	1803.28660753
-6983.69127568	2.09356995311	4473.60961725	7.19674690441	8.20681982141	11.0683283506	1633.98141519
-8269.0981093	0.959688123613	77.3112069753	3.91934648936	0.379344813717	-0.953210370805	1352.06499732
-7873.35332859	1.30372022114	1445.42272328	4.92215671702	4.864960264	5.93585663637	1499.62907937
-7444.80643928	0.999691564253	34.7718895604	3.91277366194	0.14524241588	-1.41372850483	1540.99572312
-7153.04230891	1.2877536059	990.292262153	4.69939282509	3.04791599375	3.38715592543	1646.99390705
-6682.19472727	1.1130881228	4.02670845578	3.79906276844	0.015305825382	-1.76435726284	1606.11763519
-6472.57584391	1.17329914282	635.229849919	4.03460327138	1.88637267012	1.58818656433	1804.71175507
-5976.50185492	1.20238510895	-7.49283889782	3.42940022839	-0.0272544029125	-2.00794463054	1678.80422895
-5821.56133258	1.16567511885	398.340583287	3.61000786755	1.19003632233	0.371458532528	1951.67540522
-5325.99418485	1.189367209	-7.94162614129	2.99133670625	-0.0288408204965	-2.21215010599	1731.98957265
-5206.69052588	1.16238690822	242.994916561	3.11752856546	0.75296916343	-0.531150475773	2032.56762583