U (kJ/mol)	 dU (kJ/mol)	 P (bar)	 dP (bar)	 Z	 Z-1/rho (ml/gm)	 Neff
-1118.03387246	1.08639756339	56.2113619566	0.373006137301	0.721836707361	-2.9904478172	3479.46867346
-2118.58332502	1.70714429592	85.132191145	0.962625593246	0.546611381341	-2.43712063729	2305.2910288
-3055.00368432	1.57816098279	117.355576971	1.74556300862	0.502339504318	-1.78339819275	2232.63909482
-4034.92766782	1.10405870018	218.482331656	2.33230140927	0.7014087618	-0.802515592099	2814.54026769
-5107.97904127	1.02991525936	557.458811347	2.83264481623	1.43171849583	0.928254495036	3201.6435261
-5663.53859587	1.06930847172	942.401075955	3.37747007196	2.20033060815	2.34625171007	3226.63095105
-6200.23272126	1.21258998441	1589.50236462	3.93942479041	3.40192538971	4.30372659387	3077.66249057
-6690.56257482	1.34485002027	2631.15347456	4.66744274937	5.19813648362	6.94351863536	3017.63748981
-7089.30806205	1.57166574345	4245.6817849	5.41156198058	7.78868708019	10.4261546057	2870.97450362
-8347.75589882	1.06539825915	-79.9665442129	4.0661373682	-0.392373822694	-2.13842596849	1347.65721262
-7962.0359761	1.07761966187	1262.75015238	4.05108657238	4.2501264272	4.99158677041	1959.27480702
-7512.24075532	1.03842830064	-73.9027342264	3.96866384371	-0.308692216469	-2.16451485759	1662.13526663
-7226.11664284	0.988897715883	861.521957805	3.68724242679	2.6515874702	2.73164734449	2315.58395769
-6741.93235094	1.02227120251	-65.1144984289	4.09177013171	-0.247505165506	-2.23525725644	1637.27560699
-6534.28833271	1.06887932899	551.19175372	3.58257860643	1.63681391916	1.14103169522	2493.9057646
-6033.12904234	1.12140656542	-55.9784749828	3.26976908635	-0.203615736627	-2.3526730562	1540.49617972
-5877.28371301	0.946305742771	338.623974322	3.17806150817	1.01163387805	0.022740406761	2468.55085763
-5380.0941502	1.29198740362	-38.7525568011	3.17784397434	-0.140733838964	-2.45273557628	1658.05340656
-5257.74103425	1.19922299337	200.776720102	2.90631060351	0.622147496378	-0.812435159339	2413.44648679