U (kJ/mol)	 dU (kJ/mol)	 P (bar)	 dP (bar)	 Z	 Z-1/rho (ml/gm)	 Neff
-1159.70526423	2.87215233801	55.5379462163	0.929233756031	0.713189057068	-3.08341603993	636.645973222
-2194.66255315	4.44513587164	83.6021346864	2.73806056364	0.536787291732	-2.48992851676	302.521411952
-3163.41811592	4.44050310995	116.869305837	4.59657782925	0.500258025053	-1.79085730672	122.031957855
-4172.7233394	5.34165732847	213.760018699	10.8447448013	0.686248397762	-0.843261692339	83.5153450146
-5305.45540182	8.74590182048	520.640771047	32.3182464944	1.33715891904	0.724938322459	19.2906690188
-5879.24751052	13.8800204917	1006.61887928	39.1767119679	2.35026719232	2.63932843794	17.6041356833
-6371.42864533	7.36649078312	1809.56406879	39.0920290036	3.87291147655	5.14763096989	22.4836054673
-6859.80682629	13.801000788	2968.22938396	39.0252545321	5.86406745242	8.0449368741	28.2431496556
-7257.19147166	19.1717242491	4672.79084789	115.217213782	8.57221703116	11.6295101751	7.08903076139
-8607.66461602	1.21544794019	167.553163072	5.33561004838	0.822137254352	-0.273163936238	1.11113073278
-8180.58552885	10.6924021434	1689.73085623	26.5025399792	5.68724521898	7.19873264895	7.51356555435
-7765.16026426	11.1954071888	121.60505014	19.1200725555	0.507945109942	-0.813835451056	3.6868633648
-7448.07929316	10.7287804016	1075.30190383	38.9346405961	3.30955819414	3.81989971575	9.95595004269
-6986.4500276	18.1771674076	-32.9465360313	17.1223154726	-0.125232291579	-2.01617092616	6.51771183774
-6754.04916773	10.3427155649	652.508093387	28.9285810984	1.93768198165	1.68012166336	18.5366183754
-6245.04933184	10.7810322584	-16.1811731252	20.5132603725	-0.0588572926716	-2.06971789004	5.28654218347
-6075.42470185	6.81435078371	419.449534613	23.3345082529	1.25309898745	0.494725309911	30.3519759848
-5557.31207235	4.42504664394	-21.5566219419	13.9284278662	-0.0782850581073	-2.31846205754	53.7977970665
-5433.26675516	6.3877208402	223.357041866	14.4177944111	0.692117215207	-0.661990583423	37.5193802194