U (kJ/mol)	 dU (kJ/mol)	 P (bar)	 dP (bar)	 Z	 Z-1/rho (ml/gm)	 Neff
-1076.17503363	1.08937566678	57.1701494825	0.410130859854	0.734148951837	-2.85808267201	2896.38015312
-2040.30673607	1.3073346481	90.1943161072	1.13172396843	0.579113952705	-2.26240807465	2036.91660763
-2952.5817245	1.42022875831	126.733590883	1.85972307187	0.542482009531	-1.63954495973	1873.45579088
-3902.5243906	1.22700623923	227.58727989	2.70190124162	0.730638999407	-0.723954273348	2128.33138295
-4939.08787421	1.11391357056	549.096698963	3.3012753797	1.41024212713	0.88207733105	2479.59822367
-5474.27296406	1.14376389691	911.480865666	3.70499729163	2.12813768854	2.20513828688	2538.84257472
-5997.07920365	1.22777490399	1514.66313777	4.07667176637	3.24175106621	4.01672912981	2682.89652853
-6481.32050937	1.39093576826	2478.01879375	4.72122835425	4.89560188087	6.44314075098	2701.59136587
-6886.22541858	1.55669386004	3960.53788922	5.31378184839	7.2655916885	9.62277784621	2662.11289959
-8084.34300127	0.936767529978	-190.12925179	4.00418911706	-0.932911907912	-2.96859144529	1317.4136429
-7717.4763521	1.09263204792	1092.99512358	4.18006865265	3.67877006452	4.11409017911	1900.8462438
-7269.58862166	1.01295892747	-125.902770584	3.95241110104	-0.525896717054	-2.52376080002	1487.59033953
-6993.75089051	1.03566348531	777.478092201	3.86393695628	2.39291773002	2.30381986238	2044.15985072
-6523.81562994	1.0943843231	-90.7976704712	3.89650103361	-0.345128857625	-2.41017762731	1484.60443184
-6318.0368071	1.03633688298	518.577591033	3.6919162765	1.53996320416	0.967496330823	2023.37876616
-5834.45550839	1.03055971305	-55.6528542072	3.73336644029	-0.20243132576	-2.35035792235	1562.581813
-5681.11304167	1.0661488401	334.530198739	3.69030240956	0.999403786912	-0.00116540057293	2044.20969878
-5204.9279982	1.69652888407	-33.10011781	3.3276063735	-0.120206433693	-2.40859881495	1293.44434731
-5082.60152497	1.14544649543	214.229167186	3.230785336	0.663832639304	-0.722806334836	1950.97863127