U (kJ/mol)	 dU (kJ/mol)	 P (bar)	 dP (bar)	 Z	 Z-1/rho (ml/gm)	 Neff
-957.445423696	0.966077146645	60.4589265823	0.480118948735	0.776381695366	-2.40405146429	2279.37986532
-1836.78727848	1.40002604553	102.619913831	1.23713272589	0.658895443634	-1.83355496715	1605.38987464
-2686.36666454	1.62645912635	160.544649285	2.46340156327	0.68720994455	-1.12090315474	1072.09137493
-3573.30192331	2.79131068078	289.524973742	5.12726228923	0.929481811198	-0.189529828072	699.589480536
-4530.19887466	4.5278710585	660.223524431	9.90599140238	1.69564856106	1.49574065046	498.437600011
-5022.66576428	3.07934082312	1028.4373848	8.7084494185	2.40120933017	2.73890356936	449.270663103
-5493.91234597	3.59872390141	1658.32034965	11.3838177942	3.54921277711	4.56763347823	338.950928496
-5913.81054562	14.4209281799	2649.22765825	34.4069085932	5.23384404479	7.002577248	176.262471542
-6274.57136288	6.44052746051	4120.8751217	23.4736976492	7.55972973142	10.0745189082	212.331525719
-7446.90522365	4.49908065139	51.3859838219	14.1237965909	0.252136879286	-1.14857798398	65.4466420564
-7094.44078979	3.88872633303	1287.67897647	13.3085175631	4.33403111244	5.12044868584	167.039585342
-6693.14131622	4.98802642142	92.2417295162	20.4152726898	0.385294322779	-1.01669403596	34.5504916809
-6427.54027343	4.16313919739	963.479053977	16.9229561472	2.96539045138	3.25066259235	208.094543369
-6010.2919357	1.84751710371	79.3720234249	7.72575024004	0.3016991034	-1.25120295247	345.591696437
-5807.71999612	3.59141105635	678.195385106	9.56721963723	2.01396272487	1.81680012331	210.29884218
-5364.34024278	2.45619627863	75.9290849326	7.7599302095	0.276183954006	-1.41482240323	307.426863676
-5226.8634712	2.02404309178	450.002129553	7.16865784894	1.34437439157	0.673138716656	501.331047878
-4784.39484626	2.17777151392	69.6645902743	5.33883251347	0.252994022549	-1.6061662011	553.939323446
-4670.89125171	2.34495751354	311.864302571	6.13290163043	0.966374960982	-0.0722984859713	533.376494462