U (kJ/mol)	 dU (kJ/mol)	 P (bar)	 dP (bar)	 Z	 Z-1/rho (ml/gm)	 Neff
-1157.95885175	2.70740868184	55.5156674137	0.868977317902	0.712902964419	-3.08649173381	715.291864672
-2191.80181377	4.33150107931	82.9933924802	2.57851594246	0.532878718327	-2.51093845066	349.612107191
-3159.15749307	4.20955108015	116.109384404	4.28310724334	0.49700518811	-1.80251405581	159.190290316
-4166.73085266	4.95904827781	210.969650836	9.95126708365	0.677290289099	-0.867338158618	109.007469984
-5298.40164661	8.19664435168	524.610782295	27.5465458325	1.34735507778	0.746861474406	30.9221147938
-5868.70834544	12.6341414442	999.997228667	33.1266611084	2.3348068741	2.60910859867	24.8230890003
-6369.59028822	6.68718373733	1783.13680385	33.9773966373	3.8163506399	5.04628628288	29.7799646357
-6858.17439399	12.6742760676	2930.44122162	36.2071042059	5.78941273266	7.92146150831	35.7140082072
-7256.11572537	18.369219728	4639.51297124	107.762094806	8.51116889306	11.5357516443	9.76058251121
-8602.62200818	1.66502898189	125.895494079	6.97763691129	0.617734538336	-0.587088306859	1.15379017758
-8175.19753403	10.6075023932	1647.68095738	27.5314392449	5.54571493604	6.98136858519	9.73908603271
-7756.41907584	11.4103621852	94.4485871692	20.2455876212	0.394512381995	-1.00144780321	4.86911099
-7442.49739777	10.0940216764	1047.65481805	35.7949882245	3.22446614794	3.67916150706	12.8584285561
-6979.03481812	16.7678157411	-49.2893767031	17.9431499691	-0.187352673106	-2.12747710542	8.06007193401
-6746.33109732	9.53260516571	635.75855595	27.1211421313	1.88794271064	1.59099973462	24.785084559
-6235.21029729	10.3422664723	-23.3598488984	19.222364622	-0.0849689607018	-2.12075761639	9.68222827597
-6068.98608626	6.4404657446	407.885259796	21.0291830809	1.21855089556	0.42719514854	39.510425995
-5549.90046602	4.20180797441	-25.2571736257	12.3934633022	-0.0917239867287	-2.34735761338	73.4588633675
-5426.89432141	5.71437961529	216.8147577	13.6775680192	0.671844617307	-0.705579473659	49.8294489973