U (kJ/mol)	 dU (kJ/mol)	 P (bar)	 dP (bar)	 Z	 Z-1/rho (ml/gm)	 Neff
-1017.02042987	0.527327369959	58.9430874131	0.248312567376	0.75691608705	-2.61332021915	7325.46334641
-1943.61971691	0.675542402263	96.8522219532	0.609227372895	0.621862612904	-2.03261924074	6707.4902216
-2831.75066	0.679476643513	144.693595946	1.0493729437	0.619359651596	-1.36404901599	6134.11048913
-3764.84576311	0.687838546774	271.727682351	1.61078543797	0.872345950264	-0.343092335613	5505.59979216
-4773.74869513	0.787317260366	655.702870428	2.34488560556	1.68403818946	1.47077674521	4872.50632698
-5289.21716106	0.907290364364	1067.18083145	2.89281854979	2.49166804643	2.91572061982	4554.48495803
-5781.33415077	1.05774454834	1744.30866762	3.43427741129	3.73324889345	4.89738607235	4160.0843253
-6225.09419088	1.23341025981	2809.42478263	4.1627559708	5.55033129073	7.52603214248	3824.15714863
-6573.47432164	1.43673282171	4444.78004178	4.93507855937	8.15393207491	10.9871026563	3482.21958382
-7824.73432126	0.725407515769	160.567202577	2.82122327016	0.787859068995	-0.325808822637	2658.22793467
-7441.61540405	0.945731225022	1491.55676347	3.48792066335	5.02023682686	6.17433241701	2979.13701454
-7041.58872846	0.728075869587	124.243988333	2.81703256032	0.518967972468	-0.795604159228	3115.63196193
-6757.89963232	0.893132028258	1053.6931143	3.24298890054	3.24305078241	3.70989961105	3396.03284629
-6318.04465103	0.693181145184	90.2978832016	2.55352887602	0.343229128165	-1.1767902031	3556.63253693
-6111.97942775	0.834065063735	715.006462121	2.90266226099	2.12327655773	2.01266667752	3824.17724684
-5648.19553601	0.67466165261	66.7936287827	2.29868490837	0.242954705908	-1.47977465859	3984.63876653
-5499.56221842	0.773168612173	463.646647981	2.54695559746	1.38513717903	0.752816564674	4230.89403953
-5030.27902935	0.667530019926	54.573207429	1.99447732135	0.198188135701	-1.72400644031	4411.73333549
-4916.17767529	0.720671120189	301.530834129	2.16475382497	0.93435460764	-0.141146675729	4631.18806663