U (kJ/mol)	 dU (kJ/mol)	 P (bar)	 dP (bar)	 Z	 Z-1/rho (ml/gm)	 Neff
-1031.87814755	0.588502922054	58.4368079766	0.263757102088	0.750414713151	-2.68321448594	6673.96150784
-1967.22115357	0.742575976819	95.2960380265	0.648397136952	0.611870765704	-2.08632887529	5896.46969727
-2859.8846939	0.736111864139	138.82851637	1.11682980468	0.594254230593	-1.45401589669	5457.61625281
-3794.79973516	0.725075980077	256.33886772	1.66939005699	0.822942186885	-0.475873493758	5096.04482811
-4808.75402084	0.817981843593	612.275245146	2.41412531338	1.57250325077	1.23096119597	4677.57395295
-5329.24495678	0.899688286778	1000.63403268	2.92215731582	2.33629369262	2.61201484005	4393.85825135
-5830.2704738	1.04700833054	1644.07157475	3.38589585077	3.51871689978	4.51299151524	4135.10273353
-6287.38143427	1.20411787489	2661.52016057	4.04288213539	5.25812925104	7.04274382734	3837.40496404
-6659.53257664	1.37877588563	4219.97797467	4.77896711294	7.74153353812	10.3537355776	3556.4317344
-7880.38117233	0.714641103536	8.91343511986	2.89260111006	0.0437357728253	-1.46864313506	2540.38334955
-7507.08733901	0.880104083379	1312.14568925	3.34353284347	4.41638043732	5.24692185845	2959.44419118
-7089.36246535	0.733561242741	17.4630917181	2.81495260109	0.0729434512173	-1.5333075634	2972.41520255
-6809.33232567	0.874909158499	936.503337433	3.23447469744	2.88236474165	3.1133420062	3360.58522972
-6359.62899737	0.718401703574	15.6438420987	2.58404719618	0.0594634347376	-1.68523645479	3405.33313835
-6155.63334988	0.836415945276	634.550725207	2.90086463744	1.88435594767	1.58457303742	3742.51274254
-5686.70323507	0.71158643533	18.3168244622	2.38019428297	0.0666254967947	-1.82444029121	3752.53709207
-5535.80831115	0.781377353215	415.364400322	2.60037881412	1.24089471203	0.470869963834	4052.08471887
-5068.01300043	0.717890385398	22.6371015749	2.06673678599	0.0822089294393	-1.9733777797	4050.8939639
-4950.01118853	0.750954760451	270.506653879	2.24059548178	0.838219876185	-0.347849648763	4327.88347591