U (kJ/mol)	 dU (kJ/mol)	 P (bar)	 dP (bar)	 Z	 Z-1/rho (ml/gm)	 Neff
-1072.14673508	0.705769770395	57.386281587	0.281880637348	0.736924406501	-2.82824461444	5843.90084519
-2039.00189324	0.961513908199	90.522166596	0.703343540802	0.58121899436	-2.25109274769	4831.97752854
-2953.34044855	0.926635021397	129.253440206	1.22656031707	0.553268202163	-1.60089194907	4539.73454712
-3912.46701322	0.821623702609	240.814478956	1.80064942037	0.773103180599	-0.609824442487	4447.80697843
-4956.13937675	0.859363966085	595.929934944	2.49280454097	1.53052367764	1.1406993058	4297.47181493
-5493.65676885	0.95086072692	989.816373298	3.04005509502	2.31103647712	2.5626452875	4098.07216044
-6010.98330176	1.09981316126	1645.11015985	3.57623130732	3.52093972694	4.51697433686	3817.7684545
-6482.00438637	1.26092371129	2688.80446741	4.30782659865	5.31203243539	7.13189713776	3544.68188311
-6860.63095927	1.46945107225	4298.6920661	5.07533069861	7.88593423935	10.5755080674	3283.700869
-8110.53847211	0.821209675137	5.31884016217	3.15451161638	0.0260980847337	-1.49573132763	2114.37974853
-7728.13728267	0.977209514278	1337.43755752	3.67539526603	4.50150704575	5.37766041953	2595.06281347
-7298.04648916	0.803595561447	0.459635095525	3.14430433661	0.0019198988764	-1.65077715048	2526.32333081
-7014.34378308	0.916954116011	930.005809357	3.4049738284	2.86236668603	3.08026617066	2987.84607086
-6549.05158937	0.785424903226	-5.92881070872	2.83665159862	-0.022535860847	-1.83216131374	2774.81073402
-6342.1943646	0.889971383556	615.747844841	3.11821979197	1.82851908855	1.48452556028	3336.69220421
-5857.7696366	0.805174376461	-7.66102574841	2.56395099884	-0.0278661646564	-2.00914042363	2975.51218134
-5705.66479202	0.838054886685	387.82425155	2.75798848486	1.15861894417	0.310047887201	3497.59212244
-5220.79215802	0.83135703694	-0.200555100747	2.33291295075	-0.000728336181706	-2.1517043753	3220.45964352
-5101.85594587	0.841508604999	242.734464678	2.38725698853	0.752162100304	-0.532885773152	3802.37478073