U (kJ/mol)	 dU (kJ/mol)	 P (bar)	 dP (bar)	 Z	 Z-1/rho (ml/gm)	 Neff
-1095.50936051	0.933153690495	56.8186169614	0.331248377356	0.72963475633	-2.90661339644	4401.20466467
-2077.7516787	1.30831879581	88.1606792633	0.832817314382	0.566056506051	-2.33259636655	3334.77726559
-3001.99617166	1.25535171637	122.658111043	1.46298253621	0.525036954291	-1.70206043013	3152.86311765
-3969.97539672	0.973644189419	226.662683313	2.05498930946	0.727670703824	-0.731932081075	3472.51834101
-5025.76250237	0.932511269074	564.309614192	2.63894564582	1.44931337628	0.966085922293	3770.00868563
-5571.50009581	0.986952900514	945.970559124	3.19021876413	2.20866468508	2.36254209051	3667.7251874
-6099.20275435	1.1393946788	1585.30427531	3.69022008135	3.39294044767	4.28762753676	3531.61065661
-6582.95367017	1.29295548535	2608.04374997	4.38460131175	5.15248065104	6.86800605363	3319.46649689
-6978.06228769	1.49172859729	4185.69928492	5.2074463244	7.6786494122	10.2571573127	3102.9178918
-8219.07754818	0.89963463164	-88.1180813456	3.55636418439	-0.432371171799	-2.19985442155	1614.32092644
-7839.09914246	1.03751749484	1237.42147039	3.93127818816	4.16487591227	4.86065791209	2260.78115617
-7394.82887269	0.855941132054	-70.4571313079	3.40729261349	-0.294299909971	-2.14071066524	1963.62081746
-7111.88773276	0.966181216495	857.28590505	3.66932297684	2.63854977069	2.71008360784	2597.7101188
-6636.66937344	1.00753050589	-58.6231997279	3.15066440993	-0.22283124498	-2.19104697064	2015.86737585
-6429.11862446	0.939405978335	562.198935375	3.32722871901	1.6695007437	1.19959935792	2873.12788127
-5937.64004276	0.93013945735	-46.1504510833	2.94250076773	-0.167867347152	-2.28279670766	2219.09202221
-5783.39323718	0.976111024528	349.987532074	3.07245775484	1.04558233082	0.0890984707898	2822.47453461
-5294.07177186	1.01440514566	-25.7301036681	2.66955538281	-0.0934414801258	-2.3510504618	2296.62027041
-5172.29049789	0.974775185146	215.263223395	2.70103332338	0.667036872749	-0.715916789617	3000.82472789