U (kJ/mol)	 dU (kJ/mol)	 P (bar)	 dP (bar)	 Z	 Z-1/rho (ml/gm)	 Neff
-1067.69263662	0.876263511584	57.5622731297	0.396414869966	0.739184397208	-2.80394815097	3124.90677214
-2035.16965518	1.38806209432	91.1076758538	1.07893031801	0.584978395121	-2.23088466835	2003.54864319
-2955.69221643	1.50510605251	134.060777051	2.01528653025	0.573845964807	-1.52715022146	1484.36568981
-3920.5208738	1.50597934895	249.965805099	3.5163959569	0.802482308377	-0.530862955653	1180.39452741
-4976.28183797	2.50815126446	637.956804829	7.09780566627	1.63846106371	1.37277961917	740.167934228
-5508.76554484	2.92228236203	1078.20926583	8.04274675657	2.51741738217	2.96605210568	670.966348917
-6017.32624697	2.57858318643	1795.96991097	9.55772076742	3.84381664054	5.09549936746	558.419350818
-6470.280153	3.57003327768	2928.8090299	12.4964491098	5.7861881563	7.91612821195	518.390976221
-6825.48638051	4.71789812539	4668.8050125	19.3358719949	8.5649050313	11.6182803098	339.798017963
-8132.32029251	4.67391439736	220.401578191	18.0078643087	1.0814498815	0.125091795667	69.3908386405
-7725.70982484	3.21596918086	1632.43622025	10.8279616156	5.494404659	6.90256558912	291.422814586
-7322.39015566	2.59410924456	149.144833162	8.30504534248	0.622978968312	-0.62357490512	305.643990247
-7029.61760074	2.86677662088	1106.00059608	9.98377837447	3.4040424577	3.97617220649	327.701361957
-6575.44597479	3.11212167254	76.8052096987	8.79988254023	0.291942449023	-1.26868474982	326.90286741
-6362.68060766	2.57947355837	717.805759167	8.76845598083	2.13158932427	2.02756134269	473.741848611
-5877.83822725	2.0464206514	52.5019142212	5.55305409605	0.190970117385	-1.58138743834	554.193106398
-5723.06700696	2.22470677485	471.208711528	6.804254314	1.40772872674	0.796975613101	638.750377349
-5234.56946625	1.7633690616	28.5116104915	4.93235692302	0.103542804159	-1.92750699747	743.085349289
-5118.94988623	1.8179401443	284.904798962	5.41545937497	0.882835456674	-0.251919978069	739.431932664