U (kJ/mol)	 dU (kJ/mol)	 P (bar)	 dP (bar)	 Z	 Z-1/rho (ml/gm)	 Neff
-1136.63213035	1.30650477059	55.6949822931	0.431519030138	0.715205631666	-3.06173646802	2470.5397287
-2153.11511866	2.29694129033	82.4288862355	1.25513904282	0.529254172382	-2.53042163872	1416.84966173
-3100.70842519	1.8391886967	113.334983272	2.10182116405	0.485129388723	-1.84507174192	1527.35724215
-4090.87897904	1.40064685495	210.739420719	2.63824832703	0.67655116562	-0.869324680794	1950.82232547
-5180.78819359	1.23161519694	557.440093866	3.69673962194	1.43167042382	0.928151133569	2033.87649783
-5744.06557436	1.35718985615	948.508861302	4.10268594208	2.21459114688	2.3741263749	2070.90142353
-6287.78693985	1.49073223042	1609.59806184	4.87486539738	3.44493511659	4.3807906468	2009.01450004
-6782.10808058	1.62950096531	2675.37137794	5.66118121636	5.2854938723	7.08800361307	1985.65757412
-7181.74884762	1.9480965631	4336.52174941	6.71937168699	7.95533264945	10.6820910554	1831.38131624
-8461.25287109	1.12694461526	-52.0828782248	4.01149032534	-0.25555634831	-1.9282998979	929.478409079
-8066.64784266	1.27195546312	1314.88412324	4.78942208236	4.42559737598	5.26107735365	1457.04198831
-7615.40760788	1.01388115197	-60.3833620427	4.21718879781	-0.252221708194	-2.07111531518	1331.98482153
-7324.36137908	1.25158621746	889.928115053	4.61894557432	2.73901578233	2.87624962621	1608.32897129
-6836.43291325	1.33554929432	-69.1666496794	4.79193945175	-0.262907700888	-2.26285524155	1141.28300179
-6626.35672469	1.23062802145	556.17238568	4.00987419215	1.65160435762	1.16753293612	1697.49469257
-6116.91805909	1.49903053432	-61.3804433003	4.16924398599	-0.223264820647	-2.39108055549	1094.73436944
-5958.75420021	1.18585539103	338.504438885	3.77565130365	1.01127676779	0.0220423735964	1803.03866279
-5455.05668512	1.65143280665	-47.0240196701	3.54609310203	-0.170772494978	-2.51732284261	1098.33229457
-5331.82601668	1.48374676305	198.169061922	3.25276217471	0.614067137226	-0.829809049448	1632.25275382