U (kJ/mol)	 dU (kJ/mol)	 P (bar)	 dP (bar)	 Z	 Z-1/rho (ml/gm)	 Neff
-1140.44866203	1.42177952527	55.5979248486	0.461572376761	0.713959271077	-3.07513570653	2147.54325711
-2160.4426011	2.56144099672	81.9043174563	1.39525530739	0.525886054387	-2.54852643787	1206.38791023
-3111.14392142	2.02183801647	112.744284874	2.24483246113	0.482600909479	-1.85413270889	1242.99717611
-4103.89558075	1.62588774949	209.247607626	2.91164910714	0.671761896086	-0.88219667094	1554.60030527
-5198.60006401	1.51576027537	559.581928089	4.52012039612	1.43717128525	0.93997874669	1523.51477187
-5762.96359042	1.72319136231	955.656431695	4.93066158232	2.23127938962	2.40674640291	1500.045889
-6307.53939739	1.76285441474	1625.63961934	5.73017810341	3.47926798893	4.44230766825	1410.9519568
-6801.17733883	1.97529306425	2701.39367258	6.9971832696	5.33690381113	7.17303321363	1345.65271181
-7200.56945358	2.52555373594	4378.11235811	8.74212983626	8.03163046286	10.7992702373	1150.97452792
-8487.2146216	1.2190140537	-31.5744053915	4.89580788406	-0.154926916809	-1.77375189792	772.030793478
-8090.88325475	1.60595619535	1340.47767929	6.09227817163	4.51173939602	5.39337539721	993.680758049
-7640.11339176	1.22620806672	-51.2574760967	4.87434085438	-0.214102821398	-2.00806848432	1003.39388259
-7348.02328182	1.55534067677	903.340570661	5.66921947885	2.7802965633	2.94452608007	1114.3924477
-6859.62081159	1.55076581669	-66.8154979719	5.06934514574	-0.253970794261	-2.24684225343	912.063477234
-6647.23704389	1.41175737548	566.137639443	4.8840370083	1.68119708277	1.22055664731	1261.60852815
-6137.32638606	2.06208037119	-60.3734393832	4.96639810455	-0.219601951224	-2.38392085	853.562563397
-5978.52929644	1.54221472791	343.613705742	4.71592118341	1.02654062338	0.0518781930321	1325.65395637
-5472.0213836	1.72233142475	-45.6362631404	3.8992063025	-0.165732716442	-2.5064866215	916.26008967
-5348.78356485	1.55099999356	201.248722005	3.64577820666	0.623610090259	-0.809290380142	1325.08692835