U (kJ/mol)	 dU (kJ/mol)	 P (bar)	 dP (bar)	 Z	 Z-1/rho (ml/gm)	 Neff
-1037.69960522	0.911743322847	58.0077039481	0.402024280663	0.744904385198	-2.74245432323	2969.63352203
-1975.15827481	1.22323410598	93.8169054451	1.13310323766	0.602373644901	-2.13737918435	2028.37920958
-2867.40949134	1.42833081744	137.019631018	2.04236950903	0.586511312921	-1.48176313703	1655.69592103
-3797.28489114	1.40789290885	246.749994213	4.15726567355	0.7921583709	-0.558610323081	1558.17946254
-4808.71840929	1.39762364145	578.2329826	4.36442362278	1.4850726892	1.04297339243	1570.79037116
-5329.84534935	1.49254711525	940.320927445	4.73911753067	2.19547384965	2.33675834394	1517.5104003
-5837.29882842	1.66390928897	1545.12845051	5.58254149887	3.30695431675	4.13355913817	1511.50912023
-6305.49823185	1.92080517576	2503.00371514	6.42480563006	4.94496237339	6.52478066455	1436.84700096
-6695.19766819	2.24525400143	3974.86884804	8.05035076551	7.29188177793	9.66315451018	1425.19600295
-7881.52580725	1.25644976805	-134.437494551	5.01261501015	-0.659647783578	-2.54890882112	817.891011197
-7518.22216899	1.5155615391	1133.08501897	5.66260533358	3.81370342684	4.3213226057	1046.13510983
-7085.90431963	1.30925617977	-76.153024475	4.83720721677	-0.318091693928	-2.18006114752	849.209044814
-6813.34348074	1.60322977603	815.917571079	5.99226847793	2.51122654343	2.49949702863	1103.33698847
-6356.21498946	1.35253789123	-39.0876900222	6.03136541621	-0.148575285407	-2.05799648151	926.226792407
-6155.04656219	1.40063554261	556.710388962	5.04672574725	1.65320200718	1.17039557578	1140.58280344
-5683.97283913	1.39842021508	-21.5167677375	4.29504760507	-0.0782649494125	-2.10765347838	1034.78783693
-5534.64806077	1.31819672835	366.45477267	5.09772667331	1.09477795702	0.185259746133	1207.5424317
-5068.70349897	1.45180553383	-4.16916436248	3.99476649858	-0.0151407430744	-2.1826930441	1101.97118215
-4949.96995877	1.3908126485	240.993519462	3.82948888358	0.746767427522	-0.544485065995	1308.09012844