U (kJ/mol)	 dU (kJ/mol)	 P (bar)	 dP (bar)	 Z	 Z-1/rho (ml/gm)	 Neff
-1166.19411325	3.52883578437	55.6748874572	1.19853757397	0.714947584366	-3.064510655	408.213848253
-2204.99671482	4.72731504189	87.4891722121	3.53946876691	0.561744936105	-2.35577254624	161.776446086
-3178.59142733	5.07231631395	120.151805656	6.35350680414	0.514308736356	-1.74050568476	33.0956344974
-4194.31511271	6.37496987152	235.538135602	14.31855493	0.756164174912	-0.655350949764	32.8957909123
-5318.83333005	11.3530066988	517.385232402	43.9421771703	1.32879773648	0.70696062317	3.69921570635
-5916.6453361	16.6975225049	1038.37987187	60.3655765149	2.42442318165	2.78427901707	5.2069156742
-6372.94671261	9.67602132227	1939.78787917	62.5098052923	4.15162240943	5.64702019279	8.97186338331
-6855.51026537	16.9546561951	3163.08224414	50.6926320281	6.24902096093	8.68163171965	14.521167422
-7250.0136551	17.2299994226	4848.86439394	114.910869539	8.89522328145	12.1255874083	2.85947124772
-8623.67263993	0.585129154669	348.384543355	2.97672533286	1.7094270659	1.08954738716	1.05014044802
-8193.47852823	9.12617112413	1884.23302131	20.0551372601	6.34189474756	8.20415197626	3.91551725145
-7791.72716773	8.30427553275	250.762596043	12.5125097118	1.04743704533	0.0784586231392	1.88023502473
-7463.18860895	12.1251282196	1209.58388669	47.9518183918	3.72285053104	4.50346563942	4.83907452126
-7005.28891594	20.9598487387	63.7891228882	18.3845825886	0.242467312179	-1.35733340772	4.41250100552
-6776.78021521	13.2351304604	748.068929806	35.816590034	2.22145855509	2.18858740965	7.85547723866
-6280.51504422	6.06286205015	32.9530902467	9.86403773478	0.119863353669	-1.72037778386	1.40210872333
-6094.38361906	8.71139328927	478.403432963	34.85259906	1.42922284558	0.838989548883	14.0052384399
-5583.49502476	4.69189982535	6.8262172316	21.1160945964	0.0247900999548	-2.09683620708	18.8585287927
-5454.82781206	8.97772535725	266.901289249	15.9166111002	0.827047920706	-0.371870898702	16.139036399