U (kJ/mol)	 dU (kJ/mol)	 P (bar)	 dP (bar)	 Z	 Z-1/rho (ml/gm)	 Neff
-1012.23571286	0.760448638584	59.379036391	0.400982235202	0.762514314238	-2.55313540427	2987.40915163
-1938.04044285	1.16967137315	97.4933196391	1.13434713264	0.625978932324	-2.01049260016	1865.54643317
-2829.85127849	1.38680367297	150.186784629	2.17175595749	0.642873196938	-1.27978672346	1336.38623624
-3769.22351123	1.40538736188	281.162350052	3.75471136773	0.902634708812	-0.26168605877	1066.24499013
-4785.36936387	2.32440233858	699.319338913	7.3795135262	1.79605813314	1.71163512228	682.866061325
-5294.50623156	2.81996369106	1157.14313968	8.26939328639	2.70171324418	3.32628992555	705.990801631
-5777.70069217	2.53507158749	1892.79700781	9.64082536297	4.0510504053	5.46681708965	602.627584391
-6202.89319073	3.22023962585	3050.0683776	11.3455045573	6.0257494914	8.31235129833	601.8197801
-6524.00291164	3.88507277259	4819.79144352	15.0618511657	8.84188906452	12.0436760188	483.954096345
-7833.46155455	3.84013090092	379.50715577	13.7347684917	1.86213715892	1.32408154979	95.446044908
-7425.61299696	2.74625249542	1788.73174264	9.35031451573	6.02045942044	7.71048738741	372.459095035
-7052.34869834	2.10138197051	278.857331311	8.23180906003	1.16478894295	0.272553096061	343.812932395
-6761.23216159	2.59471920853	1235.00043867	9.55549709592	3.80107745277	4.63284925783	364.333275083
-6333.54521572	2.95573916952	178.752947135	8.8240145228	0.679453560005	-0.574349330035	281.224304057
-6123.68092385	2.43912114745	817.169356662	8.43309427726	2.42665854172	2.55626104486	470.513861431
-5660.70610871	2.12399465259	130.903574178	6.01135987233	0.476147799517	-1.02395882673	463.69408422
-5507.37570847	2.10138789727	552.498460458	7.17720135682	1.6505805925	1.27167116903	632.333660028
-5038.60904221	1.84036226784	82.990604109	5.54949412984	0.301388792852	-1.50211074945	625.183702314
-4926.89366326	1.74302491571	346.340080657	5.62773161906	1.07320517023	0.157401244066	684.512047523