U (kJ/mol)	 dU (kJ/mol)	 P (bar)	 dP (bar)	 Z	 Z-1/rho (ml/gm)	 Neff
-1016.93286772	0.537211356929	58.9800026707	0.253975674592	0.757390133347	-2.60822389353	6997.28361966
-1943.93227924	0.69213636924	96.7419669234	0.625689876796	0.621154694392	-2.03642454759	6333.96544579
-2832.76648998	0.69753233111	145.114069862	1.07742353333	0.621159486457	-1.35759919273	5810.23913415
-3766.87252857	0.699718247383	273.024657688	1.64821431573	0.876509718834	-0.331901487483	5258.99427044
-4776.57743677	0.805278105594	662.273214688	2.38608996496	1.70091276962	1.50705942719	4695.3621537
-5292.2077146	0.928704663763	1077.42184779	2.95357701245	2.51557890804	2.96245849318	4421.16912801
-5783.83943238	1.06898238771	1760.74059999	3.49318386582	3.76841726387	4.96040012421	4061.60479048
-6225.81221196	1.24034080271	2836.33739671	4.19628010439	5.60350015468	7.61397092177	3746.07514718
-6570.885836	1.45046535232	4489.03088818	4.96227389892	8.23511008425	11.1117769071	3443.68268672
-7828.65376734	0.739984050279	188.062557091	2.86037339402	0.922771205856	-0.118608994382	2619.01072365
-7443.7047488	0.940437678231	1523.04232418	3.49455537824	5.1262099787	6.33708737273	2938.42158364
-7046.20535293	0.747747590067	140.747757745	2.85837079161	0.587904327982	-0.681586696711	3076.67049398
-6761.3372504	0.900317361824	1074.33637596	3.26559613977	3.30658649786	3.81498467105	3347.125322
-6322.36280789	0.700803049194	101.126772464	2.59133129041	0.384390560625	-1.10303789078	3496.64526369
-6115.91467295	0.85456830241	727.317716225	2.9330997154	2.15983594372	2.07817312598	3745.76378861
-5651.77542382	0.688174769204	73.5283475686	2.33408080966	0.267451527713	-1.4318914257	3906.58834636
-5503.52150007	0.773294741307	470.463401106	2.55165940641	1.4055021234	0.792623335604	4111.01488393
-5033.03814308	0.681267709753	58.1353186305	2.0356305704	0.211124303675	-1.69619188942	4270.30380808
-4919.48127566	0.72805048111	306.154831089	2.18706832654	0.948683002538	-0.110338644339	4466.02673736