U (kJ/mol)	 dU (kJ/mol)	 P (bar)	 dP (bar)	 Z	 Z-1/rho (ml/gm)	 Neff
-970.061359946	1.4700370215	60.0728080871	0.702565098107	0.771423364995	-2.45735694574	1023.3436888
-1860.19686993	2.62828473982	99.6551244322	2.11819152133	0.63985931163	-1.93588076064	521.569734819
-2714.55056488	2.90729117697	156.467433098	4.04204197588	0.669757456896	-1.18344525967	271.903809668
-3600.07032828	8.4621922943	286.078244327	14.6966976987	0.918416540187	-0.219269657582	89.1872967764
-4563.17579858	12.2453404234	644.203945278	23.1542075308	1.65450556125	1.40727750866	80.750357396
-5070.71136525	7.27506470544	975.719516686	20.9398409615	2.27812294819	2.49831015931	86.4553796584
-5550.45506211	6.55894477161	1592.87285411	20.9119356398	3.40913906489	4.31665192696	39.2250143812
-5928.61428242	51.8385461172	2661.97249446	114.243389416	5.25902288697	7.0442218588	9.83147574864
-6354.82207672	12.1589496286	4009.41092613	51.7293942422	7.35524908876	9.76047485679	34.0089264909
-7511.3632017	7.4044217671	-70.6604619932	22.673174185	-0.346711438621	-2.06829708048	8.13879406003
-7174.89442385	7.97381249703	1134.762312	27.3866291859	3.8193488092	4.32999285793	31.190015073
-6753.62300242	3.33478794767	13.7401531889	14.7139893495	0.0573927120138	-1.5590277485	1.80355866949
-6490.2744491	8.68803213458	903.12779553	39.6216890235	2.77964168518	2.94344294273	21.9948791365
-6071.42877227	2.75401347012	17.7397010413	13.7611596231	0.0674299541301	-1.67096218902	84.4662364376
-5860.72282686	8.40020235878	603.800447472	17.3388995571	1.79304020814	1.42095514223	22.2111479594
-5409.19003219	4.77616035852	29.5885596881	17.1181244049	0.10762523235	-1.74429928755	48.6550964225
-5283.56756988	4.38429096485	397.220546753	20.0890232931	1.18669023054	0.364918023151	75.0398072058
-4837.67628689	9.06017735336	36.5146214009	9.52830057364	0.132606549664	-1.86501592361	58.176203342
-4712.52160014	8.73873505387	278.961588234	17.5405992349	0.864419209645	-0.291517457102	57.9334419403