U (kJ/mol)	 dU (kJ/mol)	 P (bar)	 dP (bar)	 Z	 Z-1/rho (ml/gm)	 Neff
-1095.89104665	1.60590275187	56.6019792781	0.759474127938	0.72685280929	-2.93652125154	885.227497033
-2086.30673214	3.26245805419	94.604433074	2.69282087145	0.607430152425	-2.11019870753	283.308515058
-3026.00328768	4.62863046478	133.804952177	7.04002626457	0.572750908707	-1.53107442499	53.5356789765
-4008.45360989	4.8649413589	269.04694112	10.9424659445	0.863739783474	-0.366222897242	63.5460945708
-5092.34254621	7.20447909989	572.253051525	42.9061758547	1.46971446407	1.00995108357	3.04586987155
-5660.51815675	20.8174771132	1105.9141344	59.5267486971	2.58210307904	3.09249137654	5.8233689821
-6100.70343157	9.36846854822	2002.96742	68.8438568912	4.28684214161	5.8893044702	8.52240835184
-6549.15043538	13.119832584	3238.31344112	45.6125269151	6.39764856229	8.92745472322	18.1122506557
-6909.14211966	19.035241104	4956.46074531	119.372878228	9.09260837866	12.428734028	4.18490234714
-8271.44853685	1.92645520577	485.876702629	11.0742238895	2.38406324851	2.12566247973	1.21543143939
-7843.56458675	10.4740171736	1998.49581939	24.6827688731	6.72647703159	8.79479848928	5.00556947051
-7468.04784491	11.4366824015	354.415669092	16.985048845	1.48039662657	0.794553236178	2.92987960484
-7147.13939185	11.8656441162	1320.19610276	42.9935326528	4.0632921919	5.06654000007	6.45272819811
-6715.71798946	17.0425930683	165.376850692	20.4617458065	0.628609999141	-0.665449905413	4.9782168562
-6490.74694886	11.6678580847	843.916355554	32.3443759589	2.50608618153	2.69857805738	10.8789268579
-6026.66119747	7.974209581	115.521081777	8.90632989455	0.420195622858	-1.13332693688	1.43690772975
-5840.69431273	7.65251880832	533.707886965	41.5746386052	1.59444404525	1.161942675	15.5698707421
-5353.57171521	4.54554864365	57.1257705298	21.2725680908	0.207458027394	-1.70407489066	20.1005865173
-5224.59078271	7.23319280628	335.428139816	14.9160125681	1.03939230253	0.0846989004383	24.9144789276