U (kJ/mol)	 dU (kJ/mol)	 P (bar)	 dP (bar)	 Z	 Z-1/rho (ml/gm)	 Neff
-1141.64485541	1.40526266726	55.5722983759	0.456185202783	0.713630189411	-3.07867356209	2196.91703157
-2162.19341421	2.53021919588	81.7866618258	1.37059470541	0.525130618566	-2.55258716668	1222.34406178
-3112.75064657	1.98265583389	112.247402954	2.22975301461	0.480474010835	-1.86175458611	1309.74487067
-4105.52962176	1.55344142126	208.427199865	2.80942759481	0.669128084979	-0.889275493792	1676.04625612
-5199.81024022	1.37816253026	556.136657783	4.16148538982	1.42832281587	0.920953313328	1705.55400079
-5764.84539221	1.55072952662	949.004645233	4.55500528207	2.21574870982	2.37638902987	1717.12855251
-6310.32491335	1.64350489291	1614.02180269	5.34795872434	3.45440300834	4.39775504447	1642.74523781
-6805.62549995	1.8032861462	2684.4170733	6.34044041974	5.3033646501	7.11756103198	1596.16807744
-7206.42893681	2.24584671349	4353.83311726	7.7240325104	7.98709028791	10.7308648528	1426.57872921
-8490.16799812	1.15763945862	-47.7960140841	4.45957261316	-0.234521885875	-1.89599489476	843.882872446
-8094.47228153	1.4382075376	1322.186638	5.46266164711	4.45017596021	5.2988254655	1197.47208676
-7641.94674229	1.11300864385	-60.572117901	4.59275908118	-0.25301014268	-2.07241934843	1143.93667888
-7350.29621336	1.42279139634	892.121471688	5.21381329557	2.74576648313	2.88741496517	1302.53262023
-6861.03789912	1.4698909769	-72.4326622536	4.96068562928	-0.275322063314	-2.28509907225	975.790661783
-6649.53534652	1.32504775208	557.227200211	4.4682939866	1.65473672507	1.17314545562	1428.89113975
-6138.85401246	1.80042041479	-64.1700069567	4.65141491621	-0.233411561138	-2.41091409724	919.693320648
-5980.06041941	1.37870388742	337.724950983	4.28458373652	1.00894805975	0.0174905149905	1499.32959932
-5474.19618467	1.72654486653	-48.839374685	3.79320574377	-0.177365140765	-2.53149794316	953.369571771
-5350.67554542	1.5535332758	197.219060918	3.47442193163	0.611123365927	-0.836138565015	1417.66460228