U (kJ/mol)	 dU (kJ/mol)	 P (bar)	 dP (bar)	 Z	 Z-1/rho (ml/gm)	 Neff
-987.966205097	0.507528625321	59.7051423706	0.247587099663	0.766701995489	-2.50811493396	7363.59828504
-1891.61681603	0.66247196334	100.522164149	0.607528620838	0.645426345329	-1.90595602905	6679.59995529
-2763.56861187	0.667070491606	151.859767368	1.04435612063	0.650034384684	-1.25412414948	6105.2215473
-3678.7722374	0.675052669125	284.850930889	1.59433779215	0.914476411974	-0.229859433575	5557.56777824
-4665.95152648	0.778733291122	671.185113608	2.30758709163	1.72380115215	1.55627261627	4956.80362463
-5169.09076131	0.882225403379	1081.16168038	2.84217311549	2.52431071906	2.97952631299	4585.79224057
-5648.48552105	1.0423692041	1753.41810209	3.3529161614	3.75274532019	4.93231941817	4241.01505187
-6080.56404326	1.22492669827	2806.08129804	4.06767129292	5.54372586487	7.5151070814	3908.86234438
-6422.36178891	1.39753507144	4411.65266875	4.86265508898	8.09316003512	10.8937681609	3568.85921768
-7656.72008055	0.7118609285	177.683632501	2.86858760912	0.871844679558	-0.196822621028	2623.81201816
-7278.21761763	0.907742181296	1492.31351912	3.37125244611	5.02278389221	6.17824423336	2973.78330517
-6889.27512363	0.699082919561	145.397902607	2.71661720801	0.607328014252	-0.649460840843	3054.23079618
-6607.52487937	0.871675281356	1068.68282804	3.19254360992	3.28918603962	3.78620513839	3414.04160908
-6179.2892679	0.695772659251	114.402755778	2.5383784559	0.434853583864	-1.01261915585	3519.52220625
-5975.95468659	0.82442367936	734.907788156	2.88542537401	2.18237535092	2.1185588293	3841.44626995
-5523.60674085	0.677914649104	90.1060555378	2.30482826671	0.327751173617	-1.31402544248	3965.5524619
-5375.16381439	0.774195593875	489.622833336	2.54494443815	1.46274063041	0.904505798689	4247.5746218
-4919.01692863	0.663161773087	74.462457654	1.97115417467	0.270417964371	-1.56870231555	4362.3815411
-4805.25560328	0.723102265127	323.224845958	2.17630718716	1.0015779149	0.0033927353432	4639.84607706