U (kJ/mol)	 dU (kJ/mol)	 P (bar)	 dP (bar)	 Z	 Z-1/rho (ml/gm)	 Neff
-1071.71675607	0.723961908662	57.3971817257	0.300522938737	0.737064380341	-2.82673979882	5147.11578563
-2040.46546633	1.02555212905	90.0640841628	0.756537943982	0.578277767684	-2.26690285835	4112.31244637
-2957.88181306	0.982633334996	130.45772762	1.31513289008	0.558423143737	-1.58241888647	3837.20437937
-3920.08315631	0.878089967745	244.309670118	1.94724973915	0.78432403167	-0.57966646466	3721.03487951
-4968.37897364	0.945460761184	617.80078446	2.77802054201	1.58669446396	1.26147426771	3454.73670109
-5506.4794608	1.05355509954	1024.86924686	3.30407312643	2.39287839409	2.72261932826	3329.34812877
-6022.49093957	1.20897589561	1701.76145244	3.94967358419	3.64218740479	4.73422373929	3140.27383011
-6487.50607418	1.37674597394	2783.02396607	4.66804252997	5.49817353974	7.43976569608	3001.91365184
-6855.47020158	1.57269853854	4454.50685095	5.41244087338	8.1717758693	11.0145073896	2797.94071476
-8128.74014084	0.792212850239	97.6587900485	3.14149265795	0.479184803447	-0.799874805848	2144.4101284
-7736.91322116	0.997408358335	1453.48593928	3.67344003167	4.89209919352	5.97753696007	2460.37338794
-7317.43696747	0.8031324668	58.868213188	3.1069713678	0.245892921267	-1.24725734255	2436.89482426
-7028.09258563	0.960054229294	1006.65033052	3.54419130665	3.09826276523	3.47042709762	2700.44230328
-6566.36942203	0.824772252246	30.2409839258	2.98906951664	0.11494828206	-1.58581970604	2637.69919068
-6359.25741862	0.96679345087	655.844302776	3.19980242592	1.94758915811	1.69787316345	2891.93900922
-5872.23295328	0.83888755252	14.4745556612	2.67665144058	0.0526496535358	-1.85175846999	2848.43002646
-5720.06022006	0.866909354812	414.614564441	2.83675368574	1.23865458895	0.466491259687	3132.2228542
-5232.39100748	0.88166018499	10.2302702806	2.38509801219	0.0371522637234	-2.07025584465	2939.28433628
-5114.86783833	0.902139526488	259.492772093	2.49149436913	0.804091123731	-0.421231188311	3240.2038684