U (kJ/mol)	 dU (kJ/mol)	 P (bar)	 dP (bar)	 Z	 Z-1/rho (ml/gm)	 Neff
-982.521493592	0.684695878877	59.6541626619	0.341699695289	0.766047340918	-2.51515292347	4174.36997312
-1880.2820664	0.934870350273	100.235179737	0.880473952512	0.643583693992	-1.9158609173	3305.13298389
-2745.01077464	1.00773707586	152.492190017	1.59740203492	0.652741464217	-1.24442315696	2775.62835811
-3648.61235306	1.05590420377	277.650211519	2.45307542937	0.891359450436	-0.291990265638	2438.64451849
-4625.74546212	1.23838032542	638.798321493	3.6151583067	1.64062232647	1.37742663313	2136.73050768
-5124.88980879	1.32116281455	1020.97697868	4.14128078249	2.3837906744	2.70485582402	1945.59091171
-5607.05281458	1.54886601936	1650.19488441	5.01591968299	3.53182228615	4.53647351018	1852.85013459
-6047.23302681	1.83341938148	2633.26981443	6.05211526532	5.20231754853	6.95043391842	1704.71380132
-6406.62898475	2.12549519404	4133.42572842	7.4004479064	7.58275377169	10.109879531	1585.09768172
-7594.89796185	0.968037889287	30.8382760935	3.97208555846	0.151314932954	-1.30342165076	1343.67819387
-7231.13840436	1.31927595886	1297.45823524	4.86826677743	4.36694584704	5.1709995667	1429.38387836
-6827.59599102	1.03014241767	57.4349475799	3.89573593051	0.23990616121	-1.25715915975	1499.23690544
-6556.58383782	1.30865196879	946.039445779	4.76724781616	2.91171492266	3.16188581357	1575.1626922
-6125.46581714	1.01314597416	54.3112036681	3.80288756774	0.206441019697	-1.42188466884	1641.41437941
-5924.52310493	1.2003752765	661.013583293	4.13240180073	1.96293980558	1.72537817674	1717.16539588
-5473.57280506	1.05531189209	57.1844673792	3.3991100666	0.208002405436	-1.54809491485	1786.25948
-5328.14317806	1.12263380596	442.49660268	3.60024536788	1.3219517463	0.629309816972	1890.467166
-4877.33219959	1.00936256107	55.4599093354	2.96425673643	0.201408283573	-1.71708267687	1965.18806046
-4763.39699241	1.06240160959	301.354181463	3.12364065319	0.933807213432	-0.142323649009	2044.68242677