U (kJ/mol)	 dU (kJ/mol)	 P (bar)	 dP (bar)	 Z	 Z-1/rho (ml/gm)	 Neff
-1158.13521658	3.08004357412	55.6653836016	1.04537339145	0.714825540857	-3.06582270715	519.634120799
-2191.80320089	4.4245256189	86.7182742629	3.16109681978	0.556795203375	-2.38237907161	209.77341023
-3161.16198973	4.81085698035	120.294772198	5.68272069133	0.514920703371	-1.73831266185	53.580140344
-4172.32610622	5.95269961835	230.011430823	12.8191091012	0.738421416829	-0.703037680608	45.8028550899
-5297.44919794	10.5664665045	520.342437841	43.3756866551	1.33639271145	0.723290870144	5.60562435964
-5884.32938239	16.7606794866	1033.09872888	55.7609651235	2.41209269852	2.7601769764	7.49399623008
-6350.34848825	8.93670620972	1900.84835224	55.1022603515	4.06828225954	5.49769281528	11.587872032
-6832.68970063	15.8898678218	3102.59333965	46.6891568996	6.12951839891	8.48398014982	17.6134982795
-7225.46265556	18.6526719961	4795.54348597	119.578174733	8.79740627866	11.9753587732	3.69581245069
-8589.64108665	0.759674134743	301.887053581	3.77684823989	1.48127668141	0.739151036008	1.06773631554
-8161.44962731	9.88884372255	1829.37943027	22.2210908343	6.1572701831	7.92060315006	4.64396456657
-7757.60303888	9.57703604633	216.522218651	14.3488748683	0.904414759342	-0.158093454646	2.24944399542
-7432.96804388	11.8392523615	1173.90081171	45.3597906996	3.61302536213	4.32182001882	5.96554271099
-6976.24645371	20.2785276072	38.8079956231	17.8007005149	0.147512145704	-1.52747236246	4.80258441965
-6746.8852244	12.2721576617	722.382960835	33.4552607401	2.14518173988	2.05191598784	10.0637041862
-6249.42229566	8.44236230105	20.2241317843	14.1270919142	0.0735631239002	-1.81087951108	1.77071880266
-6067.95823055	7.95257824389	463.369767751	31.5234896858	1.38431000363	0.751199708719	17.5213538449
-5556.62153569	4.69107833842	-0.599284515066	18.8508712683	-0.00217636247512	-2.15481783217	25.1007664025
-5429.2751342	8.08149553187	256.59045523	15.5005647626	0.795097704729	-0.440568283421	20.9558365515