U (kJ/mol)	 dU (kJ/mol)	 P (bar)	 dP (bar)	 Z	 Z-1/rho (ml/gm)	 Neff
-982.524558479	0.534402141087	59.7451695727	0.265433101921	0.767216003739	-2.50258898971	6600.56608673
-1880.95094414	0.707046530659	100.987635974	0.647612836862	0.648415017348	-1.88989088327	5802.37071828
-2748.3385986	0.712994995345	152.293311679	1.12696363018	0.651890167256	-1.24747383403	5338.43373451
-3656.64147523	0.718403300564	283.190820873	1.70634728677	0.909146847326	-0.24418356028	4908.23237287
-4637.03923196	0.815255568383	658.268719122	2.40751551842	1.69062804499	1.48494584632	4458.74221643
-5137.24293371	0.922852772711	1058.12196955	2.96126681368	2.47051729476	2.87437785397	4201.59681694
-5616.21105721	1.07105327901	1711.28704915	3.44829442408	3.66257452091	4.77075300626	3979.12004952
-6050.55720558	1.20189297728	2734.00614693	4.02146316758	5.40133338333	7.2795966703	3701.13590575
-6399.01419467	1.39378324332	4294.16904169	4.72974995703	7.87763676829	10.5627647026	3463.40371613
-7611.30309459	0.703821973768	118.955913401	2.83555812505	0.583683925979	-0.639383683661	2649.29511945
-7242.4370481	0.888604271136	1406.60021955	3.36952161588	4.73429265033	5.73517560247	2987.33466642
-6846.15373794	0.724769142606	112.694058496	2.82614548877	0.470723838085	-0.875397669382	3077.24341699
-6569.72931466	0.872671823873	1021.75697162	3.22193274386	3.14475790081	3.54732784671	3354.09414521
-6141.69914593	0.69529779074	88.3379369916	2.54713429484	0.335779223416	-1.19013880807	3455.43439836
-5939.32067111	0.846562302615	707.296402351	2.90352902074	2.10038083575	1.97164253581	3707.45736772
-5489.05347148	0.701725010374	77.8327220423	2.35290046274	0.283108231105	-1.40128771797	3750.43308539
-5341.8328902	0.769526296876	473.934509742	2.53466252073	1.41587200668	0.812893048148	3980.7355894
-4889.33822209	0.698022681784	68.5060340461	2.05010279718	0.248786608145	-1.61521272417	4091.89553186
-4775.04335098	0.740539578049	317.728582938	2.23695179329	0.984546626233	-0.0332268916001	4243.79972694