U (kJ/mol)	 dU (kJ/mol)	 P (bar)	 dP (bar)	 Z	 Z-1/rho (ml/gm)	 Neff
-1063.96732637	0.684729133744	57.6109154854	0.276688518366	0.739809036723	-2.79723284409	6081.43092657
-2023.7413861	0.90025531571	91.6670837251	0.688000283529	0.588570205753	-2.21157744392	5142.89635695
-2933.06169095	0.871619910395	130.92378284	1.18986968912	0.560418088965	-1.57526987275	4823.39107408
-3886.55538552	0.798617747191	242.622869594	1.75430272993	0.778908780664	-0.594220888272	4645.59373308
-4923.13225389	0.844016285281	593.597977538	2.46031689514	1.52453452386	1.12782179655	4426.53565781
-5456.81614304	0.924186680419	982.77510594	2.98131972763	2.29459643213	2.53051040448	4197.5688564
-5970.97695219	1.08477893536	1630.65275208	3.51283573762	3.48999732405	4.46153229741	3944.29683368
-6440.43885277	1.25266312206	2660.39846885	4.22740430677	5.25591322423	7.0390786241	3650.31341236
-6820.99542758	1.44493500158	4243.34210077	5.04136006737	7.78439493855	10.4195626783	3351.90910902
-8058.95635624	0.774961751728	-16.7247151524	3.10523819414	-0.0820635739908	-1.66184742091	2173.75809986
-7679.54124337	0.968133258855	1305.82750218	3.62461278244	4.3951148736	5.21426192693	2681.3981544
-7250.95334286	0.746310483775	-12.1421827933	2.94649321556	-0.0507179789553	-1.73783770391	2578.39069565
-6968.35578545	0.915071557951	914.376719377	3.41271313197	2.81426356018	3.00070588193	3066.4159589
-6506.03274928	0.79743624069	-11.5203545137	2.74888200448	-0.0437897445176	-1.87024363918	2859.18253697
-6299.93357982	0.867671561765	609.883411035	3.04598213609	1.81110412031	1.45332173428	3432.04242302
-5819.20811561	0.770475474334	-8.80929874287	2.54919649496	-0.0320428852921	-2.0173045393	3179.73839599
-5666.77841353	0.854810487997	388.415556604	2.77618940119	1.16038545886	0.313500842648	3637.75647349
-5186.67800559	0.801679257773	1.5297516209	2.24632381056	0.00555544810569	-2.13819336971	3412.68584096
-5067.30014533	0.813448852692	245.620072462	2.37518973399	0.761103742828	-0.513660004632	3926.07747261