U (kJ/mol)	 dU (kJ/mol)	 P (bar)	 dP (bar)	 Z	 Z-1/rho (ml/gm)	 Neff
-1055.40971685	0.709049648482	57.8233077154	0.2899702313	0.742536465888	-2.76791109385	5584.64011201
-2007.35764685	0.892073961968	92.6697860379	0.731266303891	0.595008293261	-2.17697049684	4672.38708865
-2911.16505194	0.867318580251	132.513610564	1.24656491627	0.56722333241	-1.55088284793	4419.1303659
-3856.82274949	0.804625048549	242.965847812	1.78776721058	0.780009867077	-0.59126152811	4374.71627933
-4885.08338154	0.872592968433	586.713951905	2.54255869965	1.50685431749	1.08980690678	4245.40551137
-5414.41573444	0.927350622266	966.84911035	3.01703396127	2.2574122051	2.45782746558	4089.62007714
-5926.08064168	1.06765291317	1600.32944621	3.46439212789	3.42509800309	4.3452468646	3893.39200343
-6395.07083503	1.22410468304	2606.4560897	4.12116330438	5.1493440515	6.86281826675	3665.33728521
-6780.37347352	1.39284188003	4151.46955029	4.84323810946	7.61585509426	10.1607169761	3421.41711831
-7999.51546298	0.745382469884	-60.3050372073	3.06847010762	-0.295900219394	-1.99026054394	2207.49951642
-7626.48933815	0.907856345933	1243.64766041	3.47898952365	4.1858318351	4.89284229307	2710.23198815
-7196.37599047	0.779819012256	-36.6240715661	2.9777275051	-0.152978992539	-1.90697257036	2559.27078882
-6916.0760722	0.907646810647	883.083843811	3.35034610352	2.71795052253	2.84140868558	3060.15481545
-6456.46323905	0.785343420511	-26.9777825254	2.78936141725	-0.10254460512	-1.97551953874	2886.51307645
-6251.38148696	0.866839579716	591.678759885	3.01448911044	1.75704375712	1.3564573505	3386.06784012
-5774.24704963	0.782479431924	-13.5633704431	2.56620987003	-0.049335314418	-2.05110555307	3132.5805603
-5621.84956855	0.834097872237	382.571122448	2.7660241183	1.14292530234	0.279371976985	3611.11243858
-5147.70046802	0.811806784234	-0.919159973824	2.26525533572	-0.00333802263428	-2.15731556222	3287.02275463
-5027.72238788	0.815830235313	246.076439961	2.39906944103	0.762517890329	-0.510619391855	3757.30638089