U (kJ/mol)	 dU (kJ/mol)	 P (bar)	 dP (bar)	 Z	 Z-1/rho (ml/gm)	 Neff
-1083.48539646	0.768283206355	57.0700957906	0.300040075224	0.732864115017	-2.87189555662	5149.30969192
-2059.82001844	1.09829290201	88.9172029134	0.759815780396	0.570913945192	-2.30648595114	4036.85850639
-2980.97706305	1.02922379334	126.733755296	1.33072572755	0.5424827133	-1.63954243773	3859.70851633
-3946.83855953	0.875751859829	236.821636889	1.91296997692	0.760284686815	-0.644276361408	3944.66280207
-5000.07052574	0.908237212476	595.535992972	2.6194555438	1.52951191857	1.13852388383	3849.41256419
-5542.72201908	1.00402870448	992.555996843	3.17087243233	2.31743298674	2.57514836083	3731.71419386
-6064.38257289	1.14154468784	1655.07216232	3.73897385603	3.54226085856	4.55517715597	3500.16840225
-6537.84868123	1.30023368406	2714.05340972	4.46630976272	5.36191453064	7.21439975749	3321.77165316
-6917.16166393	1.52042714228	4351.37859587	5.22422719482	7.98258747775	10.7239493779	3110.26177957
-8179.01147728	0.852703703739	23.1339353016	3.36766940446	0.113511853208	-1.36148011616	1980.26640115
-7792.06591428	0.988089408647	1367.36393	3.69400519316	4.6022323288	5.53235562958	2462.17222537
-7361.34025552	0.854687834036	6.11216492001	3.26649284183	0.0255305538602	-1.61172624693	2328.03614037
-7074.73699926	0.934668933632	944.163367235	3.43966515847	2.9059407386	3.15233558699	2795.394774
-6605.69705486	0.801237149162	-5.50680465671	3.1170874364	-0.0209317837172	-1.82928715727	2589.60753412
-6398.65740556	0.961737066785	615.911955401	3.2232395659	1.82900642974	1.48539876944	3059.52715398
-5908.52359258	0.860197500306	-10.0242335816	2.69507053797	-0.0364620812817	-2.02594261458	2692.82965181
-5755.88318929	0.835730006049	385.590472981	2.80484867873	1.15194556529	0.29700362549	3268.32313017
-5266.35847377	0.931460465955	-5.65575132006	2.46371843938	-0.020539434329	-2.19430097721	2815.14992146
-5147.32652043	0.920352904095	238.552856938	2.46260490404	0.739204538368	-0.560746324015	3384.03741904