U (kJ/mol)	 dU (kJ/mol)	 P (bar)	 dP (bar)	 Z	 Z-1/rho (ml/gm)	 Neff
-1086.86016819	1.17076778761	56.9650102831	0.415985573282	0.731514662272	-2.88640310713	2823.46842094
-2058.43107598	1.36680658261	89.2352537807	1.14315678095	0.572956066058	-2.29550884519	2017.16223223
-2976.09901185	1.42549475278	124.104613934	1.8468268096	0.531228697064	-1.67987192418	1912.7999141
-3931.89791351	1.19104691632	222.853991698	2.52895638082	0.71544340082	-0.764795072531	2253.20495191
-4975.67196486	1.12281817452	542.534027251	3.19650069155	1.39338725233	0.845837018325	2643.30017727
-5514.84500507	1.09309858855	904.781668104	3.55095084183	2.11249631268	2.17456453943	2784.77620261
-6041.71679468	1.19435200019	1509.38244609	3.94121711402	3.23044908925	3.99647845133	2903.77902469
-6529.89988448	1.34421830248	2476.65531792	4.53747112109	4.89290818264	6.43868550185	2893.51275805
-6937.9568201	1.49700091493	3968.7057321	5.09106484508	7.28057556518	9.64579028044	2818.54950603
-8140.96592209	0.931581416006	-200.264070673	4.07253209633	-0.982640674694	-3.04496553717	1321.75344599
-7772.66046979	1.06811702763	1088.96735753	4.06562347332	3.66521353084	4.09326987698	1943.51500118
-7321.35987124	1.06457824446	-136.830703708	3.88506721461	-0.571542767001	-2.59925720174	1495.62264631
-7043.79621571	1.03143276577	772.318818862	3.77440461549	2.37703854735	2.27755644736	2123.02398465
-6570.87107209	1.08089572371	-101.940584091	3.77985527066	-0.387483920572	-2.48606866521	1462.79175526
-6363.91168646	1.01365377164	510.476331651	3.56262306891	1.51590577944	0.924390671097	2162.60829857
-5876.70120001	1.02099897671	-65.0857395477	3.59378889093	-0.23674244084	-2.41742487198	1651.33191864
-5722.49811026	1.05194468649	326.62226455	3.5623767465	0.975778956014	-0.0473441779166	2181.67949061
-5243.24459566	1.65276977438	-39.9898787888	3.42752969871	-0.145227299208	-2.46239713749	1266.67706474
-5119.79894704	1.12699781713	207.377699231	3.18441208484	0.642601972557	-0.768455205641	2070.81475601