U (kJ/mol)	 dU (kJ/mol)	 P (bar)	 dP (bar)	 Z	 Z-1/rho (ml/gm)	 Neff
-1121.09116019	1.12156738349	56.1376130548	0.382152803435	0.720889662802	-3.00062920134	3331.2586018
-2123.87237121	1.78109248109	84.7732995708	0.988205410829	0.54430703305	-2.44950730635	2165.88862588
-3061.7380271	1.64134308105	116.576770153	1.79780786976	0.499005828656	-1.79534463255	2102.99650242
-4042.96815775	1.12950655586	217.018952399	2.38493829049	0.696710775355	-0.815142243157	2711.3569066
-5117.95738897	1.04536430139	554.920900849	2.86433480662	1.42520039381	0.914239673916	3120.32086474
-5674.69456261	1.07945115896	939.243544631	3.40551396915	2.19295836188	2.33184139235	3161.39283533
-6212.64933631	1.22305020267	1585.80496148	3.97297456893	3.39401203903	4.28954759484	3020.10090104
-6704.25182829	1.35292191431	2627.27593482	4.69955965449	5.19047597238	6.93084851309	2977.37527596
-7104.35683524	1.58042020996	4242.01798615	5.44250483107	7.78196585532	10.4158320604	2834.36416682
-8363.33993689	1.08959425664	-85.7130169896	4.1500945117	-0.420570182967	-2.18173030821	1296.84782293
-7977.34925309	1.09164295972	1257.88128674	4.09172673325	4.23373894588	4.96641866178	1909.70376706
-7526.30265943	1.05622504727	-78.8018580547	4.03657243775	-0.329155889554	-2.19836080233	1606.59443796
-7239.97291469	0.995761528766	857.080321956	3.71093807539	2.63791702819	2.70903708176	2267.33511742
-6754.59164642	1.04591906594	-68.9695271662	4.25471698212	-0.262158423209	-2.26151269931	1559.95789473
-6546.90476677	1.08543053265	546.857874008	3.61931512195	1.62394407016	1.11797173191	2432.54240931
-6044.66235295	1.14978025058	-59.1251080643	3.3464776011	-0.215061279097	-2.37504532882	1454.20502982
-5888.49493553	0.955930305783	335.479861626	3.21662060355	1.00224089008	0.00438020336886	2405.13122947
-5390.59268781	1.33989148548	-41.3169831551	3.2553546304	-0.150046813264	-2.47275975949	1571.21908038
-5268.00435256	1.23606608576	198.012545269	2.95656460573	0.613582138547	-0.830851863707	2320.45419771