U (kJ/mol)	 dU (kJ/mol)	 P (bar)	 dP (bar)	 Z	 Z-1/rho (ml/gm)	 Neff
-1024.4200166	0.628544998881	58.8859416676	0.304549341667	0.756182251482	-2.62120945915	5015.3207498
-1958.58127639	0.856438838849	95.5901209541	0.776667079939	0.613758994741	-2.07617899115	4017.80950826
-2854.47137737	0.896976776285	144.369898931	1.35093705968	0.6179740694	-1.36901433834	3503.01531504
-3796.42148544	0.875262309322	271.538853313	2.13532474124	0.8717397395	-0.344721631881	3141.87570831
-4814.87683827	1.03980655692	676.818369787	3.09391260402	1.73826901399	1.58738052088	2877.70810869
-5332.80529949	1.13900968257	1106.22855495	3.62271571434	2.58283719232	3.09392632665	2778.43329261
-5826.56994345	1.31883265465	1809.79631972	4.32190511565	3.87340855056	5.14852161814	2619.68186753
-6265.29410923	1.51547344706	2925.3227616	5.07804845871	5.77930064531	7.90473659544	2513.09918661
-6601.89989377	1.69391274488	4642.89423152	5.80095418884	8.51737180218	11.5452781535	2395.64371912
-7886.14221745	0.798290303377	268.896468532	3.26326055915	1.31940096081	0.490540182397	2053.84863043
-7490.86996616	1.07693360452	1630.09066327	3.97893847974	5.48651005397	6.89044095123	2199.94587624
-7101.16288659	0.84136767891	187.634420629	3.22503766733	0.783750233277	-0.3576668579	2223.46941111
-6810.0701452	1.05922005322	1143.29039722	3.89553938805	3.51881279938	4.16599690832	2344.27310148
-6371.96354693	0.856089815962	127.937526907	3.10016506338	0.486300279287	-0.920437894852	2392.93889376
-6165.49062874	1.0084196587	759.095864995	3.47498782519	2.25420403954	2.24726017812	2481.16187129
-5696.91409311	0.847753269452	87.0883013398	2.83033526286	0.316774414351	-1.33548139805	2530.76720468
-5546.34673511	0.930690824444	495.215160629	2.97760392363	1.47944762157	0.937162473707	2648.90361478
-5072.0362826	0.835368904666	61.0348212013	2.55576377662	0.221654141228	-1.67355128186	2671.80175188
-4958.58279975	0.907157145635	317.964592745	2.77506383981	0.985277950615	-0.0316544429981	2800.69495345