U (kJ/mol)	 dU (kJ/mol)	 P (bar)	 dP (bar)	 Z	 Z-1/rho (ml/gm)	 Neff
-1024.34932643	0.927382541315	58.3132388881	0.422918759966	0.748827903993	-2.70027378207	2676.19970993
-1952.44684491	1.29070833688	95.0887616072	1.2346324434	0.610539898398	-2.09348274737	1747.52628082
-2837.30046215	1.5581314113	140.866357593	2.3023799729	0.602977191839	-1.42275660756	1335.13763068
-3759.80020042	1.71464708959	254.07278824	5.74061364823	0.815667237054	-0.495426179585	1112.03653283
-4762.26820942	1.85077467408	588.495013452	5.58817676622	1.51142860838	1.09964226504	1060.67412675
-5278.78404571	1.95826815837	947.774593754	5.97992710288	2.21287676921	2.37077533019	980.308770978
-5780.75797891	2.26724720184	1553.45468052	7.57673868232	3.32477449361	4.16548900967	901.853262956
-6242.7169115	3.49455308547	2509.13398602	10.1481135632	4.95707340568	6.54481173755	803.23668858
-6627.83124302	3.29023649292	3978.90926402	12.2174116201	7.29929390567	9.67453815313	766.841688533
-7808.57419546	2.37551902798	-118.78090975	7.74448042992	-0.582825231232	-2.43092373821	335.095291503
-7448.1405663	2.26572129526	1141.60610657	8.0808089747	3.84238344682	4.36536975634	485.903341025
-7019.85396032	2.48942340436	-58.7072673099	8.66454595288	-0.245220649255	-2.05953589574	274.338458284
-6748.69227812	2.49750876278	830.003693182	9.54765705766	2.55458073137	2.57120279928	549.598122014
-6297.64919223	1.62394787813	-21.8011890799	7.87419315527	-0.0828679793539	-1.94026331557	522.482795485
-6097.45625103	1.98863739552	567.727552581	6.54426887836	1.68591847407	1.22901635111	631.047894862
-5629.78877953	1.93340826985	-11.3986241534	5.65149877362	-0.0414612805056	-2.03571440549	643.345810446
-5483.57848153	1.65017416808	375.127673833	6.8038831039	1.1206881149	0.23590558639	722.546479644
-5021.55475705	1.83191802535	4.9154565195	4.87260229069	0.0178509787057	-2.11175627781	697.422438335
-4903.15844945	1.77138076255	248.637243986	4.66219181851	0.770453062355	-0.493557674155	859.634325386