U (kJ/mol)	 dU (kJ/mol)	 P (bar)	 dP (bar)	 Z	 Z-1/rho (ml/gm)	 Neff
-1098.92231202	0.882189132412	56.6585413294	0.326506374782	0.727579149366	-2.92871259328	4362.34260074
-2086.72137941	1.32737082307	87.0745448974	0.845112715906	0.559082723301	-2.37008286083	3173.10364211
-3015.36954313	1.20679453441	122.694045443	1.48718607417	0.525190771175	-1.7015092175	3104.35946237
-3988.25760568	0.967174662091	229.066936786	2.06202756564	0.735389243068	-0.711187171985	3397.19273827
-5051.65332662	0.961511277864	582.489090999	2.75549315115	1.49600362973	1.06647642689	3436.9641136
-5600.40357636	1.04876954643	976.46716894	3.29211886087	2.27986857665	2.50172228904	3387.40175581
-6128.62616051	1.18717304372	1636.2991889	3.88871572893	3.50208208543	4.48318555489	3214.81975789
-6608.67142395	1.34056640375	2694.65744811	4.61221275841	5.32359565009	7.15102214645	3105.4906408
-6994.86612049	1.55759702174	4333.69190194	5.36446412481	7.95014130503	10.6741181205	2910.66776106
-8259.69052127	0.916961822087	-6.20075822503	3.5955774694	-0.0304254139316	-1.5825408578	1721.81437313
-7871.20471663	1.03201959728	1343.00069111	3.82564820469	4.5202312732	5.40641733349	2245.245427
-7434.06798844	0.896226394177	-18.6615781409	3.44724750193	-0.0779495370426	-1.78287740945	2037.74168261
-7146.40984336	0.962385862607	922.045150891	3.54618500666	2.83786541586	3.03974223185	2551.24255893
-6671.21039023	0.875136727202	-26.1530263755	3.50564986685	-0.0994096442074	-1.96990237232	2194.74357932
-6463.93630189	1.01794374947	594.089730446	3.34601201224	1.76420335293	1.36928578516	2745.73903316
-5967.96628534	0.953298243748	-26.6725378598	2.93516832511	-0.0970185137362	-2.14431053108	2207.62129802
-5813.9105033	0.876660970609	369.300171497	2.94867013105	1.10327854194	0.201875594939	2927.01231384
-5320.41072194	1.08767039308	-18.9018420535	2.69714533644	-0.0686439557869	-2.29773235369	2261.66845056
-5200.12690471	1.03726430715	224.772888197	2.61707710135	0.696504502985	-0.652557307712	2901.28959731