U (kJ/mol)	 dU (kJ/mol)	 P (bar)	 dP (bar)	 Z	 Z-1/rho (ml/gm)	 Neff
-1064.46326992	0.913456044606	57.6593108404	0.427926013669	0.740430504386	-2.7905516368	2709.93504013
-2029.7748657	1.50263321251	91.9212379946	1.20091871524	0.590202063391	-2.20280564471	1599.66545743
-2949.55211149	1.68377909316	135.86561534	2.36550241366	0.581571559065	-1.49946506069	1080.49953553
-3913.86496632	1.78679445219	253.25299646	4.2228833172	0.81303540347	-0.502499687499	796.34545075
-4971.49802071	3.38198033282	638.656555603	10.5849125756	1.64025822989	1.37664377511	350.268754015
-5501.27012668	4.40050596645	1091.97150798	11.5726713218	2.54954964881	3.02886012293	355.878126248
-6004.12055328	3.23316646122	1822.31934126	13.4375716738	3.90021089189	5.19654556996	272.957341415
-6452.4616666	4.8119597269	2969.44162272	16.7009125521	5.866462365	8.04889794591	278.149660106
-6804.02704207	6.88413693057	4721.29462884	31.1148573264	8.66119703275	11.7661668279	156.756983174
-8123.85629851	7.62564443901	240.614201977	28.6614309077	1.18062766315	0.277410332781	11.7995869942
-7707.11961855	4.75868246278	1691.94749898	14.8647883973	5.6947059284	7.21019090427	132.60934676
-7310.48468611	4.20292533646	180.621366946	11.8082010611	0.754456661014	-0.406117037093	123.19641815
-7017.30418936	4.1656054326	1134.37718063	14.191448975	3.49137975113	4.12062394762	133.145945035
-6569.69511345	5.58254846885	84.0933064035	13.6135566051	0.319645059419	-1.21904771214	95.3502140651
-6353.05505375	3.74206268663	734.68976379	12.0931422658	2.18172790779	2.11739875237	226.231023312
-5869.68840523	3.33008830024	66.2059941674	7.74832493294	0.240817247624	-1.48395268681	220.321983367
-5714.19569312	2.95434330411	487.876872176	9.8002251978	1.45752459849	0.894310171139	340.803891749
-5226.91195039	2.33191051488	34.8312565351	6.6235067792	0.126493239486	-1.87816038629	416.996320918
-5111.44186735	2.33359362329	292.686550367	6.90781791657	0.906948795865	-0.200072962685	404.546767311