U (kJ/mol)	 dU (kJ/mol)	 P (bar)	 dP (bar)	 Z	 Z-1/rho (ml/gm)	 Neff
-1098.41606145	0.883240998048	56.6893519725	0.323818738721	0.727974803418	-2.92445903852	4478.61496764
-2085.03875384	1.30821864547	87.3318749591	0.828375122169	0.560734971864	-2.36120145335	3296.67241026
-3012.52121281	1.21795295678	122.541896915	1.46952203239	0.524539500752	-1.70384308668	3175.88807778
-3984.29210304	0.957497094605	228.466599734	2.04651749889	0.733461940002	-0.716367132291	3506.0538496
-5045.67571158	0.946818941299	576.847854692	2.67813931122	1.48151527257	1.03532445451	3650.68721246
-5593.85088408	1.02026331149	967.431966045	3.22974932809	2.25877306436	2.46048749802	3584.0708841
-6122.19864513	1.15999593161	1621.12479269	3.78383897714	3.46960515122	4.42499396991	3380.82096057
-6603.57849039	1.30827115694	2668.93443	4.51713641965	5.27277696535	7.0669704521	3234.80685285
-6992.27786432	1.53176286622	4290.50678885	5.26866973927	7.87091837938	10.5524465129	3050.99436066
-8250.44012544	0.932905112703	-30.6280407569	3.60750119713	-0.150283366022	-1.76662027175	1695.96195738
-7864.99769981	1.01599481573	1310.51104085	3.82755356377	4.41087858699	5.23847204459	2259.96130442
-7424.86908746	0.927392766267	-34.2645766211	3.54797339316	-0.143123366331	-1.89067183204	2039.10202694
-7139.10236176	0.952873890767	900.771346709	3.53591801731	2.77238902017	2.93144737877	2610.36990136
-6663.09074018	0.871047720294	-35.0696851567	3.40701937934	-0.133302543034	-2.03063105717	2188.31484849
-6455.80599914	0.991823462994	584.085835172	3.36007961955	1.73449587832	1.31605646793	2854.38968204
-5961.12977983	0.955794785746	-32.242319687	2.88810305237	-0.117278001511	-2.18391116903	2167.27152996
-5807.17948376	0.877878879173	362.565938202	2.94345101842	1.08316012429	0.162550702694	2935.70628584
-5314.4927555	1.05443917245	-21.041021989	2.73076762427	-0.0764126046042	-2.31443602346	2294.82707384
-5193.87071296	1.01369277235	220.594561324	2.61886865682	0.683557107482	-0.680395999339	3011.61440505