U (kJ/mol)	 dU (kJ/mol)	 P (bar)	 dP (bar)	 Z	 Z-1/rho (ml/gm)	 Neff
-1045.13747957	0.617260252563	58.1771133586	0.278629268893	0.747079851631	-2.71906655419	5944.29319237
-1994.06671925	0.825726499883	93.2065747462	0.689192705916	0.598454872203	-2.15844394297	5079.2334161
-2898.47948776	0.824573507139	137.763990235	1.19833425098	0.589697535934	-1.47034510322	4646.55726518
-3848.24524079	0.785863050932	258.706534569	1.82293297812	0.830543269594	-0.455444269419	4288.16929194
-4878.7460955	0.889178462265	643.901620904	2.61849564515	1.65372910317	1.40560801637	3899.34436218
-5406.14548927	1.00044930685	1057.67673357	3.1622165362	2.46947775185	2.87234588937	3728.14816971
-5910.20459614	1.15058885743	1742.02572609	3.76717505036	3.72836283798	4.88863132628	3488.42127748
-6362.63608842	1.32072828237	2829.52841887	4.46011831438	5.59004826125	7.59172212804	3300.33407885
-6717.27567783	1.51410528447	4505.2908861	5.19454427035	8.26493898858	11.1575885294	3069.88157531
-7988.1679737	0.754584030199	161.809593163	3.00290281192	0.793955137651	-0.316446400485	2453.5714066
-7597.65556637	0.953490620702	1512.00141404	3.51862235828	5.08904881591	6.2800147718	2714.18494251
-7191.24290281	0.7654171891	110.281273296	2.92889090837	0.460645618124	-0.892066567209	2785.41626404
-6902.7894317	0.921896240564	1056.00158561	3.38252298102	3.25015578249	3.72165094421	3008.12729621
-6452.65258344	0.75495250906	72.3831897287	2.74215487541	0.275134014481	-1.29880179969	3088.5725312
-6246.0744119	0.920397269063	699.133453787	3.07048755003	2.07614021941	1.92820863664	3260.93290018
-5769.414898	0.757462938558	47.3859782529	2.49540989705	0.172361445551	-1.61776127386	3380.71401171
-5619.1734354	0.817464059004	447.388091405	2.67753395085	1.3365649931	0.657873910107	3534.01749899
-5138.93811747	0.760436159959	35.293565238	2.20774484332	0.128172160412	-1.87455047401	3595.5672084
-5023.61058087	0.804632134137	285.797451206	2.35190501653	0.885601521178	-0.245972556696	3752.39592387