U (kJ/mol)	 dU (kJ/mol)	 P (bar)	 dP (bar)	 Z	 Z-1/rho (ml/gm)	 Neff
-1133.28810745	1.72917005146	55.8428206333	0.586540946462	0.717104093774	-3.04132668708	1462.03086142
-2149.50473948	3.00943074421	83.9313645018	1.77201824083	0.53890118968	-2.47856558416	769.690991882
-3102.89314827	2.89449821319	118.258840327	2.9814794334	0.50620591509	-1.76954266264	493.891775735
-4096.90628105	2.92115513002	216.798442838	5.83429296051	0.696002858442	-0.817044892291	411.923828622
-5203.7054069	5.27818441087	563.571552493	14.0670324063	1.44741781635	0.962010206189	194.6649829
-5761.56355503	6.71649039792	1003.93584877	15.4878096668	2.34400281687	2.62708364347	143.750608061
-6285.05704549	3.94194878851	1730.85451466	17.0227366433	3.70445370224	4.84579136807	133.180646154
-6764.85589097	7.14388446602	2855.2735845	23.2033314925	5.64091070088	7.67584619089	138.30584249
-7155.41733301	10.6612285753	4575.63458075	54.504947317	8.39398422876	11.3557779008	56.1305984397
-8484.57837092	8.32155320133	53.2603459682	32.67113581	0.261333858444	-1.13445314283	2.64893984023
-8060.4664576	7.12152416483	1548.60725606	21.7904585004	5.21225565639	6.46923745243	49.1296934106
-7635.15450544	7.58674695688	48.3282623322	15.826898851	0.20186747586	-1.32007334123	32.7455799539
-7335.03078559	6.03201763787	1003.28488627	20.1295531092	3.08790461971	3.45329521619	60.166675562
-6863.47361119	8.74241109205	-36.3349952474	18.1978942601	-0.138112083013	-2.03924870416	45.839982683
-6639.43070593	5.45876623527	626.554065693	17.0272754601	1.86060914175	1.54202393886	116.032814416
-6132.97851019	6.34698618948	-21.7193615716	10.1507084372	-0.0790018628918	-2.10909390196	109.178558558
-5973.56046679	4.41594696274	399.595347002	12.8708362306	1.1937849095	0.378785788017	167.358342893
-5461.93612174	2.91369508452	-20.3257667383	7.49926337311	-0.0738150826446	-2.30885099187	264.898725181
-5341.78726971	3.17748404638	223.941751702	8.98698866208	0.693929057539	-0.658094871738	222.22508913