U (kJ/mol)	 dU (kJ/mol)	 P (bar)	 dP (bar)	 Z	 Z-1/rho (ml/gm)	 Neff
-1119.21647341	1.82911552614	56.1832629276	0.716458372985	0.721475874428	-2.99432702085	1015.66688334
-2125.94263693	3.16003295912	89.3915066787	2.36954316468	0.573959324769	-2.29011598262	383.159535477
-3075.89854497	3.78745704216	126.796184885	4.79599286761	0.542749942602	-1.63858480445	124.488997459
-4068.56914448	4.47083519702	240.748235222	9.41865058765	0.772890513812	-0.610396021256	97.8654539719
-5174.09556548	7.54672283104	553.512277037	40.5382285849	1.42158263278	0.906460987166	9.55977773065
-5736.17546466	16.6877806933	1060.79947012	47.4261988334	2.47676875883	2.88659741096	14.7027008347
-6209.81984222	7.44443729943	1885.96118048	46.3044023407	4.03642005617	5.44060269393	17.5274880488
-6676.06502103	12.700279704	3074.86256832	39.0282005231	6.07473317427	8.39336798661	27.2013376071
-7051.28280431	19.2400065008	4795.25528362	114.919474738	8.79687757254	11.9745467794	6.86121204179
-8403.10994	1.75568653464	306.778205015	8.77775675061	1.50527621527	0.776009834706	1.18758750683
-7976.08513852	10.8772538506	1820.85067373	26.7728223361	6.12856435123	7.87651635719	7.25212564636
-7580.75520659	11.838487053	224.366920929	17.0169332734	0.937182133365	-0.103897772098	3.89681846997
-7265.3820736	10.8372696545	1181.38641879	38.4497009461	3.63606452181	4.35992569622	9.24279205569
-6820.20331182	17.4989586001	55.7978923027	18.019307348	0.212092036374	-1.41175927908	6.0419225067
-6591.25925476	10.3326160704	737.74570832	28.6909944919	2.19080281232	2.13365900264	16.7680718797
-6104.15777781	12.0494306118	43.8182448579	18.1597375227	0.159384195571	-1.64312753108	2.80559392301
-5928.94829365	6.56318413295	477.193698723	29.150394576	1.42560878328	0.831925245265	28.1153041457
-5427.79365916	4.55001769564	14.1172379499	16.4245490395	0.0512681808959	-2.03990466977	39.2513466429
-5302.94444195	6.31132586404	276.050795521	13.9339484973	0.855399526495	-0.310911023762	37.5536076545