U (kJ/mol)	 dU (kJ/mol)	 P (bar)	 dP (bar)	 Z	 Z-1/rho (ml/gm)	 Neff
-1079.69342091	0.785248701494	57.174331677	0.318721498582	0.734202657376	-2.85750530031	4600.22655114
-2054.69637191	1.15035352731	89.0846647746	0.814620021535	0.571989173705	-2.300706226	3518.65869811
-2976.68910062	1.09322265381	128.511774208	1.41124741587	0.550093507451	-1.61226867047	3264.2757935
-3943.10811314	0.960453320178	240.439361476	2.08213373544	0.771898915317	-0.613061113703	3204.70830429
-4997.66558724	1.02587276759	613.887939266	3.02440559505	1.57664512449	1.2398667975	2964.99245513
-5538.70598235	1.13353297778	1022.09255498	3.53221414404	2.38639533682	2.70994708272	2861.08605293
-6058.10328	1.30176456685	1701.17732133	4.23824904542	3.64093722077	4.73198368211	2694.71210145
-6525.74750034	1.47581135069	2787.36809932	5.01419390313	5.50675585839	7.45396044408	2579.89237177
-6895.51967094	1.69141098401	4469.33285702	5.81878124099	8.19897412103	11.0562788211	2412.27593959
-8174.12571627	0.817473690203	95.9839590128	3.2574459358	0.470966868531	-0.812496018015	1923.88635502
-7780.30194083	1.06215126151	1457.54102706	3.9424570878	4.90574768583	5.99849849346	2185.45686096
-7358.60705468	0.844033825941	54.6759000704	3.29503167983	0.228381601261	-1.27622023532	2168.42774676
-7068.07646079	1.03937982044	1006.37004066	3.84270530944	3.09740009064	3.46900027476	2359.60102539
-6603.79583614	0.901147760935	23.9843707913	3.18868168441	0.0911664192383	-1.62843161893	2286.54726181
-6396.03216998	1.01230730149	651.408611349	3.37971420979	1.93441696999	1.67427147435	2513.65721955
-5905.91831708	0.915385094444	8.5551483334	2.85722804024	0.0311184402647	-1.89384491319	2441.03057534
-5752.78625162	0.941246890291	411.098147291	3.02514758646	1.22814934718	0.445956965813	2712.82529664
-5262.58233001	0.963503552734	4.84443950322	2.55074137823	0.017593073211	-2.1123108103	2499.31722255
-5144.51934823	0.977909526587	255.306475413	2.66769123606	0.791119032161	-0.4491229799	2791.19630182