U (kJ/mol)	 dU (kJ/mol)	 P (bar)	 dP (bar)	 Z	 Z-1/rho (ml/gm)	 Neff
-991.396565717	0.517081149225	59.5399424599	0.253156268889	0.764580585236	-2.53092156169	7168.89672141
-1896.93467387	0.67153305677	100.051929481	0.615591270774	0.64240709236	-1.92218555802	6463.15174708
-2769.60839783	0.675838577039	150.110265135	1.06708053612	0.642545655924	-1.28096048761	5913.51103739
-3684.28497584	0.685586131286	279.826776079	1.62613398099	0.898347024406	-0.273209952139	5397.54921039
-4671.95301797	0.791709236956	656.061577524	2.33598535815	1.68495945498	1.47275759354	4839.45789178
-5176.29702077	0.892216745675	1057.58501877	2.88381477091	2.46926361492	2.87192732207	4504.00843971
-5658.46101349	1.0441947783	1716.35298301	3.35449578263	3.6734168634	4.79018012	4222.92106645
-6094.97096549	1.19610934545	2749.91814526	3.99583969952	5.43276930672	7.33159019664	3891.62438656
-6444.67157754	1.37862699679	4326.90127467	4.73745736973	7.93768392514	10.6549859132	3607.21427177
-7666.19960498	0.712343141905	123.956430059	2.83983155955	0.608220084893	-0.601700729174	2674.37084414
-7293.31709534	0.872567700338	1423.23194338	3.2921686068	4.79027120544	5.82114820118	3050.07456755
-6896.90394069	0.715979417301	108.89379121	2.76884021548	0.454850096147	-0.901652085691	3143.98062989
-6617.58641367	0.859793962747	1026.09382964	3.17222764861	3.1581058582	3.56940473516	3470.87810421
-6186.12055074	0.688504495045	87.5787763077	2.51207184673	0.332893595864	-1.19530922347	3610.6122929
-5983.61192055	0.828758114516	706.459277682	2.86382855364	2.0978949181	1.9671883134	3882.36481852
-5529.68986044	0.685713386531	73.4489785334	2.30219680119	0.267162831306	-1.43245573226	3985.45413082
-5381.34226194	0.754845121729	471.697337223	2.50511944362	1.40918848843	0.799828967295	4219.39256313
-4925.6521679	0.672068073373	63.6688528184	1.98644735446	0.231219894098	-1.65298358976	4388.6065134
-4810.78000569	0.722300685847	313.002377131	2.17692096494	0.96990151644	-0.0647159038309	4576.81058497