U (kJ/mol)	 dU (kJ/mol)	 P (bar)	 dP (bar)	 Z	 Z-1/rho (ml/gm)	 Neff
-1150.82571544	3.06659198367	55.7861456521	1.1450495157	0.716376303512	-3.04915093585	433.752230576
-2179.95016686	4.47418333639	92.6529866983	3.94655074019	0.594900429125	-2.17755030388	123.419186332
-3147.27486341	5.2052181154	125.409624912	7.29649588257	0.536814784959	-1.65985382119	15.8817786641
-4157.02367205	6.37704052071	263.98227423	15.2800587157	0.847480337203	-0.409922971063	23.52879482
-5262.58097525	8.79543397778	541.959207927	35.7719983804	1.39191094692	0.842662757449	1.97381385167
-5868.69507794	16.4402201894	1077.19866144	60.5761806741	2.51505780956	2.96143991698	2.98155994249
-6301.16411417	10.8060325023	2043.23409897	79.1478714779	4.37302272279	6.04372128126	5.80598487387
-6768.32077905	16.7333516677	3316.35110584	55.5280556613	6.55182065298	9.18244804917	11.6712957985
-7151.36244175	14.8830351738	5004.08854101	105.219055783	9.17998138865	12.562922642	2.23974583651
-8539.9712306	0.671377789183	492.064589998	3.6426231973	2.4144255087	2.17229323692	1.05801348577
-8105.86610398	8.07307566557	2037.72675171	19.0096634599	6.85851932193	8.99759076963	3.33221550055
-7719.54286462	7.50501657737	361.226339708	11.8204414204	1.50884484341	0.841605237583	1.66608493624
-7386.49129595	12.5920577709	1326.5862888	50.3140893552	4.0829598708	5.09906940818	3.94992443496
-6937.40717733	19.9574311133	155.21902996	20.4194906162	0.589999349254	-0.734631771527	4.16590485294
-6711.62511152	14.4043511253	841.388362513	38.9572356087	2.49857907685	2.6851269626	6.12455018245
-6229.84270619	3.05172260387	97.7233544194	4.06151892008	0.355458286456	-1.25986714606	1.13149445456
-6036.64005025	9.51740942161	531.499129962	43.9934889904	1.58784541792	1.14904452797	10.9018256104
-5536.67464996	4.4438128939	45.6378845714	25.5493856997	0.165738604833	-1.79377742112	12.4669543196
-5405.78092468	9.76814797279	318.6336059	15.6446630188	0.987351023925	-0.0271970485689	12.915045364