U (kJ/mol)	 dU (kJ/mol)	 P (bar)	 dP (bar)	 Z	 Z-1/rho (ml/gm)	 Neff
-1075.75269441	0.968108856766	57.3214974753	0.430533651168	0.736092483055	-2.83718836697	2676.58283037
-2049.45969986	1.59587192105	90.5197288542	1.20944824739	0.581203342262	-2.25117688313	1583.70400789
-2974.7178563	1.75862601097	132.60150474	2.30363877571	0.567599562648	-1.54953460282	1094.99669769
-3943.86618475	1.81215199215	246.782617332	4.14646313588	0.79226310313	-0.558328837099	827.172029385
-5008.66037092	3.35511472352	627.179249629	9.88892732731	1.61078112609	1.31326392373	399.169294413
-5543.33741032	4.2028126167	1074.94643923	10.9759813699	2.5097992911	2.95116124221	377.599334966
-6051.60473548	3.14649590931	1800.53239336	12.7427249322	3.85358147323	5.11299581857	297.304486694
-6505.90307826	4.75661319454	2940.71386878	16.4403662457	5.80970749027	7.95502807487	293.538125135
-6864.55283587	6.77251134336	4685.08832262	30.5727860525	8.59477670177	11.6641576129	161.85576006
-8182.39288194	7.81732918471	205.556841894	29.6654067999	1.00861084631	0.0132246506305	12.7019115607
-7767.05582203	4.66770717316	1653.56764947	14.7738966215	5.56552818697	7.01179803568	138.329885293
-7363.92509205	4.16609810938	151.240083946	11.3923394256	0.631730844885	-0.60909971635	129.36717577
-7070.23300529	4.06090038159	1105.76253045	13.7885158305	3.40330974064	3.97496032722	146.56437672
-6616.61687139	5.29099034714	63.845924912	13.0193947954	0.242683220995	-1.35694654619	116.389733891
-6400.07403803	3.63961764897	713.257400612	11.8188616826	2.11808256089	2.00336016767	247.287613759
-5912.39226833	3.0623741477	49.165912942	7.30488065081	0.178835768279	-1.60510610147	263.559392013
-5756.71727644	2.91383439037	470.053939346	9.22586431011	1.40427886273	0.790232263166	366.65112087
-5265.38831066	2.24285178576	24.1189175753	6.24771851816	0.087590294479	-1.96180710034	460.747607187
-5149.23505529	2.29670437647	279.820245037	6.7323499003	0.86707993236	-0.285796535148	437.945733768