U (kJ/mol)	 dU (kJ/mol)	 P (bar)	 dP (bar)	 Z	 Z-1/rho (ml/gm)	 Neff
-1023.05268858	0.550089049393	58.6845338091	0.253513649024	0.753595877831	-2.64901476504	7174.75533282
-1952.31386322	0.695778267378	96.3419008034	0.618233034384	0.618585975186	-2.05023230176	6479.29978945
-2841.0655051	0.693767133838	141.445162573	1.06762624241	0.605454761414	-1.41387807865	5942.60847783
-3772.663911	0.698020807881	262.391918368	1.6210156607	0.842374709086	-0.423645229613	5433.23814791
-4781.76439392	0.798328955821	625.521620819	2.35933733539	1.60652384685	1.30411018436	4876.70586107
-5299.03069589	0.887337631765	1019.38488488	2.8757463182	2.38007343254	2.69758983828	4533.08907124
-5795.59402393	1.04127683662	1670.63982152	3.36272174376	3.57557947217	4.61487684692	4236.38974496
-6247.24669449	1.20679831334	2698.47396167	4.04031160892	5.33113559733	7.16349286158	3908.72435415
-6612.5558781	1.38089240632	4270.75467529	4.8091442408	7.83468320221	10.4967960528	3586.80811983
-7838.17801491	0.707340745498	49.7205706463	2.84215353311	0.243965155217	-1.16112822492	2636.46808088
-7463.01596758	0.883085403779	1357.46111152	3.32179947896	4.56890172067	5.4811660447	3019.96528944
-7051.92278463	0.709848840553	46.6231466789	2.73495728518	0.194745196341	-1.33185325376	3092.89645967
-6771.09493355	0.866949844041	967.933698666	3.20499710681	2.97910093192	3.27333907692	3450.41923581
-6325.56538196	0.70264169769	38.6574162797	2.5306531454	0.146939782156	-1.52849791315	3566.25856877
-6121.83732021	0.826302323808	658.06877295	2.87372391714	1.9541949241	1.70970925583	3863.37640039
-5655.98729383	0.689962735233	34.0672732336	2.3266239698	0.123916075536	-1.71245604501	3973.13337133
-5505.54932263	0.771126165781	432.206388875	2.56292115748	1.29120989195	0.569219598619	4221.08937649
-5039.72886742	0.687268050895	33.8939506187	2.00402292763	0.123089318021	-1.88547928837	4337.48626027
-4922.65580536	0.731158224968	281.857264594	2.19286070853	0.8733920517	-0.272224605275	4569.69587268