U (kJ/mol)	 dU (kJ/mol)	 P (bar)	 dP (bar)	 Z	 Z-1/rho (ml/gm)	 Neff
-1018.01036806	0.616353639762	59.0888690316	0.300766348068	0.758788137822	-2.59319437835	5108.45705977
-1947.27626303	0.83425131486	96.3376644774	0.768967136865	0.618558774852	-2.05037851296	4121.21337762
-2839.67238386	0.87399300464	146.123501995	1.3282129678	0.625480351733	-1.34211509586	3621.57419003
-3778.28716974	0.852774339947	275.110494695	2.08897076245	0.883206023937	-0.313904009438	3280.50708117
-4791.96306891	1.00664920526	682.686365249	2.99803482587	1.75333975548	1.61978470014	3033.25594636
-5307.35303957	1.10445982908	1112.8013532	3.51907321413	2.5981834494	3.1239232139	2943.59644656
-5798.17372562	1.28111554743	1817.09606073	4.19961880974	3.8890317889	5.17651505483	2783.55976622
-6233.95094864	1.46807534822	2932.78264378	4.90798892922	5.7940384727	7.92911226295	2684.62748045
-6567.71241913	1.63615333427	4648.89702033	5.60038102192	8.52838389541	11.5621906706	2554.19450646
-7850.44039394	0.784922800386	280.965132099	3.18302961853	1.37861857119	0.581487364662	2160.84756814
-7455.65486638	1.04289438173	1640.02174357	3.83513223714	5.51993578492	6.94177662698	2330.39112832
-7068.92204821	0.821685101636	198.088981616	3.14104377412	0.827419004629	-0.285440781201	2342.10232168
-6778.16206552	1.02371754367	1152.7267973	3.77180801949	3.54785609884	4.21403314817	2484.21195008
-6342.89345159	0.833653753362	137.094216589	3.01655265934	0.521105553841	-0.858074431629	2518.81912654
-6136.66876981	0.986522892204	768.11526387	3.37705116767	2.28098796278	2.29525112872	2628.04782564
-5670.75399136	0.824764235297	94.3558459113	2.76705230642	0.343209333163	-1.2838098227	2658.17647584
-5520.67030218	0.904359079822	501.811782163	2.90185571355	1.49915492622	0.975683775195	2793.7362821
-5048.41020859	0.81409501323	67.0120504554	2.50509949346	0.243361055268	-1.62687841349	2796.40361749
-4935.39364444	0.879145094054	323.841850573	2.70047572073	1.00348982917	0.00750361553994	2943.16808529