U (kJ/mol)	 dU (kJ/mol)	 P (bar)	 dP (bar)	 Z	 Z-1/rho (ml/gm)	 Neff
-1007.93482863	0.513257516791	59.1374224711	0.244575683201	0.759411635522	-2.58649134677	7595.75594526
-1926.68890516	0.654603426078	98.1152164583	0.596205679668	0.629971968035	-1.98902865216	6991.63626717
-2808.83277362	0.658595010661	146.254256505	1.02778611935	0.62604004525	-1.34010939837	6356.85135892
-3734.7135794	0.674254876513	273.436088185	1.58010229628	0.877830562277	-0.3283514923	5706.68469002
-4735.50449349	0.776803030415	650.65252878	2.30955827106	1.67106742391	1.44288780474	5025.58135254
-5246.91975898	0.879026504568	1055.40167818	2.83066929316	2.46416592218	2.86196300871	4644.18851092
-5735.72328347	1.04193530364	1721.54452808	3.3582593805	3.68452804471	4.81008893428	4279.94551208
-6177.86640516	1.22399144701	2768.70270036	4.08348196641	5.46988028566	7.39296999571	3929.82236405
-6529.89206853	1.40120965443	4369.20161774	4.87901712726	8.01528374357	10.7741647316	3575.7577093
-7765.6699989	0.702035765803	126.808436156	2.83622261598	0.622214093831	-0.58020854681	2704.79644328
-7386.65594364	0.908947836686	1444.57802007	3.37731488524	4.86211718737	5.93149020201	3024.29429625
-6987.25390532	0.688110455604	104.020547522	2.67714074948	0.434494524582	-0.935319235639	3163.64038573
-6705.20139099	0.870423721136	1028.32633236	3.19056810554	3.16497704261	3.58076934829	3466.5614085
-6267.65616067	0.690589266074	81.2192210549	2.50539534022	0.308720442213	-1.23862224422	3631.27059414
-6063.60697468	0.818967530976	702.265571345	2.86427239145	2.08544132666	1.94487419286	3918.42683411
-5603.48001804	0.668261581012	63.7236610698	2.28014689046	0.231788025545	-1.50160184746	4100.10388685
-5454.05102191	0.771935146152	462.650851718	2.54388547507	1.38216225311	0.747001562576	4343.15539592
-4991.14475793	0.656876851107	54.7990115801	1.95119809499	0.199008166369	-1.72224326092	4537.59021843
-4876.06887076	0.715895028031	302.574993685	2.15875845867	0.937590148361	-0.134189815535	4764.2878454