U (kJ/mol)	 dU (kJ/mol)	 P (bar)	 dP (bar)	 Z	 Z-1/rho (ml/gm)	 Neff
-1003.36281689	0.579831322214	59.1423384204	0.280499107732	0.759474763553	-2.58581267677	5975.58625222
-1916.99016334	0.752182954632	98.2851496622	0.693098262436	0.631063064389	-1.98316363188	5168.16856787
-2794.24108764	0.766632737837	146.248896032	1.20637750965	0.626017099794	-1.34019162488	4719.58048628
-3711.61804841	0.769000109406	269.225884154	1.81440485237	0.864314256526	-0.364678901563	4340.81923128
-4704.80175093	0.853278354201	629.278262604	2.55966718973	1.61617200994	1.32485506984	3999.65007581
-5212.92219586	0.961824008524	1018.0231657	3.08846762047	2.37689407244	2.69137523454	3786.90304581
-5702.78491794	1.10260681614	1655.28843259	3.59741446364	3.54272373006	4.55600652077	3645.50108734
-6149.99936621	1.23889713122	2656.84719791	4.16804675919	5.24889729329	7.02747460708	3448.03131406
-6513.58532065	1.42886466504	4187.81103264	4.86682722528	7.68252340536	10.2631070422	3247.49991818
-7717.6566361	0.692112380648	31.9892790908	2.84090175363	0.156962587863	-1.29474790832	2634.28155303
-7350.90625662	0.920824337389	1314.05124241	3.49384252262	4.42279409075	5.25677203145	2897.02271305
-6940.34590788	0.719937027585	49.8158977384	2.81872659315	0.208081338928	-1.30979590642	2945.59958532
-6665.66453972	0.888696026519	952.61201105	3.28345227181	2.93194392735	3.1953436279	3174.42295154
-6227.40768124	0.718644710852	38.2697566052	2.62616847143	0.145466258222	-1.53113814676	3263.56808063
-6024.1487639	0.862065345887	655.858527884	2.99413761023	1.94763140085	1.69794885325	3428.4450892
-5566.19803736	0.725818288803	43.0883518882	2.44858842007	0.156729287686	-1.64831700315	3499.50767048
-5417.9905323	0.80895419955	435.516981041	2.65785987476	1.30110023477	0.58855196721	3658.03540894
-4959.58223969	0.733796979344	43.2004120779	2.14260109316	0.156886676349	-1.81281029204	3731.48382444
-4843.83642142	0.776465575138	291.23375283	2.34356216294	0.902447007262	-0.209752431012	3842.42138125