U (kJ/mol)	 dU (kJ/mol)	 P (bar)	 dP (bar)	 Z	 Z-1/rho (ml/gm)	 Neff
-1080.00359127	0.74822279424	57.1725080308	0.292419054023	0.734179239072	-2.85775706328	5437.40267408
-2053.03394385	1.04658652612	89.5099191085	0.734879348967	0.574719619799	-2.28602913387	4356.86635001
-2971.60405461	0.997021052558	127.347384572	1.28762370606	0.54510934796	-1.63012972455	4125.26102503
-3934.93439513	0.855085996352	237.548738931	1.86489867593	0.762618952197	-0.638002619496	4165.150697
-4984.39217979	0.884784397782	592.370948309	2.54766583089	1.52138315122	1.1210459094	4097.04780901
-5525.27033692	0.974675288851	986.5827578	3.10182369544	2.30348658851	2.54788773741	3940.28791765
-6045.80925063	1.11683510763	1643.53630363	3.64277606965	3.51757128815	4.51093882899	3677.25598515
-6519.41237923	1.27397633609	2692.03356823	4.37507053814	5.31841188341	7.14244844221	3447.32325325
-6899.93560599	1.49082551464	4311.68163786	5.13077321617	7.90976355934	10.6121054494	3219.41466914
-8154.66427544	0.854958155115	3.67742523666	3.2763702959	0.0180441134725	-1.50810072226	2004.07268617
-7770.69485302	0.97902960481	1340.21531394	3.69296260607	4.51085633461	5.39201917992	2502.69891853
-7338.34498552	0.847378031	-4.27147664128	3.26944558023	-0.0178419865759	-1.68346237175	2391.9168419
-7053.66018314	0.925565516027	928.053183486	3.43139675399	2.85635690503	3.07032627792	2881.1667269
-6585.2597746	0.795812021178	-10.98107456	2.98040787214	-0.0417399003599	-1.86657076539	2639.0629911
-6378.22169976	0.923616228114	610.140141371	3.19181778355	1.81186650434	1.45468776022	3196.42240661
-5890.42229702	0.84448977916	-12.6704471292	2.63609366124	-0.0460874010305	-2.0447569502	2753.90730662
-5737.97091854	0.839009765245	382.331720738	2.79010198345	1.14221009344	0.277973978727	3342.7518615
-5250.24145355	0.88635526955	-5.40366794401	2.43330552079	-0.0196239679913	-2.19233259793	2953.04624679
-5131.02490195	0.884986382019	237.363109999	2.43732540801	0.735517865535	-0.568673180662	3574.33127619