U (kJ/mol)	 dU (kJ/mol)	 P (bar)	 dP (bar)	 Z	 Z-1/rho (ml/gm)	 Neff
-1089.78265688	1.20781542817	56.8998651949	0.423095455213	0.730678103356	-2.89539669416	2734.62161632
-2063.29582908	1.40092041503	88.9578501194	1.1638258647	0.571174930198	-2.30508306647	1949.18738507
-2982.37941655	1.4546877895	123.372545956	1.87372608837	0.528095086591	-1.69110141758	1855.19339688
-3939.58948917	1.20854337303	221.448243853	2.5535554628	0.710930432437	-0.776924455551	2205.5553746
-4985.13764412	1.13797541975	540.084579069	3.21439751657	1.38709634761	0.832310702822	2613.88806368
-5525.35526522	1.09507075599	901.776293286	3.55660232325	2.10547932345	2.16084863243	2773.97228064
-6053.39912766	1.19613173047	1505.90917107	3.9460890232	3.22301542777	3.98315895076	2894.28280776
-6542.81853665	1.3455696078	2472.9589854	4.53971446528	4.88560566641	6.42660748636	2884.62617748
-6952.1051628	1.49578610063	3965.29545488	5.08807446617	7.2743194246	9.63618201773	2812.51350317
-8155.65086525	0.941665561569	-205.95897101	4.13568253331	-1.0105839832	-3.08788123666	1286.472963
-7787.12730412	1.07334482302	1084.12764958	4.08427137505	3.64892418761	4.06825249013	1912.03300687
-7334.69731535	1.08889220556	-141.822927452	3.9346910928	-0.592395319057	-2.63374633385	1453.63229953
-7056.8567706	1.03973844782	768.176108511	3.79285309647	2.36428813657	2.25646787265	2091.27708328
-6582.92060024	1.09767883262	-105.811738297	3.83660916934	-0.402198472407	-2.51243393381	1408.90496944
-6375.76448322	1.0202568827	506.710238347	3.57976167413	1.5047220237	0.904351819262	2132.13516857
-5887.57332698	1.03498589494	-68.3023999221	3.63110596611	-0.248442700124	-2.44029503222	1611.07862821
-5733.14957638	1.06223019861	323.628421396	3.59600870073	0.966834895963	-0.064826874806	2146.5148858
-5253.20449795	1.70358082824	-42.3870279508	3.51894934178	-0.153932789426	-2.48111514588	1203.4268212
-5129.43214056	1.14196352266	204.943943959	3.21737649974	0.635060486929	-0.784670443119	2033.0462243