U (kJ/mol)	 dU (kJ/mol)	 P (bar)	 dP (bar)	 Z	 Z-1/rho (ml/gm)	 Neff
-1090.42476297	1.38596938873	56.6878114289	0.504302971175	0.727955020569	-2.92467171784	1945.60953481
-2063.14349937	1.63517142033	88.6436490999	1.44816070998	0.569157528191	-2.31592730001	1214.76990527
-2982.00281956	1.92506766703	122.652938595	2.35912344793	0.525014813674	-1.70213977245	1073.92009114
-3937.07625444	1.79974900706	220.38087485	4.53322891911	0.707503784776	-0.786134163756	1191.54467593
-4979.9190048	1.31986204586	529.644387657	4.0075521591	1.36028285962	0.774657993944	1709.3554344
-5520.14654567	1.37573256076	883.448647002	4.40279680366	2.06268769033	2.07720505815	1761.67482174
-6049.30473314	1.38960714451	1474.99532494	4.67667243378	3.15685220563	3.8646088826	1958.78001055
-6541.26280248	1.57274439893	2423.65288339	5.38915104064	4.7881959751	6.26549647686	2004.04919222
-6955.80780483	1.76819553821	3884.33565037	6.12766604702	7.12579897126	9.40808235864	2110.80124519
-8148.73876104	1.23915500549	-251.109208015	4.86895400175	-1.23212376916	-3.42812494394	749.181314202
-7782.69854464	1.28778730002	1027.44031865	5.0001358418	3.45812767667	3.77522470762	1321.71384365
-7326.97614201	1.24694778824	-173.58184013	5.27729087153	-0.725052510294	-2.85315503651	854.383576818
-7051.71309773	1.25239804554	726.732972921	4.73291017596	2.23673468531	2.04550051385	1397.81599897
-6573.85864669	1.56252529706	-116.210744591	6.4037595612	-0.441725886976	-2.58325844234	814.426603142
-6369.40754998	1.28961131747	483.016988899	4.69004264276	1.43436276991	0.778283377273	1212.48960669
-5881.27689986	1.47601747554	-79.4125689316	4.99757073054	-0.288854755787	-2.5192873149	792.335373013
-5726.6796185	1.30911537653	311.908943046	5.28132453141	0.931823135926	-0.133263354974	1197.7645956
-5249.21570418	3.21079970231	-51.9131375393	4.45114357557	-0.188527822205	-2.55549925263	576.095089696
-5124.62846977	1.48028073376	195.07341347	3.95543326294	0.604474640979	-0.850434243518	1183.56383149