U (kJ/mol)	 dU (kJ/mol)	 P (bar)	 dP (bar)	 Z	 Z-1/rho (ml/gm)	 Neff
-1097.8967817	1.00957409169	56.7816649963	0.348418198209	0.729160238654	-2.9117147897	4032.35557703
-2080.87453766	1.38161991381	88.0446399926	0.878337905574	0.565311448451	-2.33660130884	3037.24124614
-3005.66469693	1.3137463667	121.872856575	1.5297252316	0.521675679523	-1.71410577309	2897.91336024
-3973.53110757	1.009464849	224.005667011	2.10820823003	0.719140702789	-0.754857934065	3253.6212771
-5029.49530969	0.957400843298	556.547536617	2.69382488201	1.42937807379	0.923222263858	3629.10514783
-5575.61123454	0.993094525136	933.392096056	3.22608274637	2.17929632166	2.30513659535	3561.5476544
-6104.43532933	1.14152021737	1566.67437067	3.70260594016	3.35306787685	4.21618458348	3469.86541379
-6590.46812705	1.29740731935	2579.45812333	4.37389805582	5.0960065646	6.77460059311	3300.08706696
-6990.15140272	1.48634054997	4140.54835426	5.21594933165	7.59582020171	10.1299471255	3067.55937445
-8224.54708449	0.896597506623	-116.775194395	3.59714638808	-0.57298373803	-2.41580904395	1546.74897387
-7846.16493751	1.04252369108	1204.0777167	3.93314072364	4.05264851046	4.68829759728	2211.02178433
-7399.76675891	0.865927773873	-91.3875748163	3.44780645536	-0.381726512869	-2.28531011998	1796.00087639
-7116.96791345	0.985222375702	836.385445628	3.76825898684	2.57422245341	2.60368927597	2498.03412542
-6640.87867	1.04249269973	-73.0215620146	3.2321103295	-0.277560516137	-2.28910989164	1911.86949233
-6433.30588065	0.955228814206	547.927798605	3.36489760064	1.62712130832	1.12366464994	2747.80981762
-5941.40080751	0.951066338669	-54.7951319009	3.03402173851	-0.199311452286	-2.34425959542	2112.27826186
-5786.72381204	1.02227862973	341.631839204	3.18640554736	1.0206198278	0.0403049842273	2726.97412924
-5298.13156674	1.04733313594	-31.2097102254	2.71688167705	-0.11334122689	-2.39383767051	2168.13732899
-5175.62780161	0.995931161263	210.634973379	2.78614757722	0.652695298894	-0.746753157589	2828.92595346