U (kJ/mol)	 dU (kJ/mol)	 P (bar)	 dP (bar)	 Z	 Z-1/rho (ml/gm)	 Neff
-1017.51246728	0.67854728087	58.7047409474	0.317437613579	0.75385536726	-2.64622507417	4711.86631775
-1941.05625117	0.886966011372	96.3801972666	0.814510930851	0.618831866691	-2.04891054988	3818.52713214
-2824.45322363	0.934719081386	142.404078882	1.43531429474	0.60955939415	-1.3991688649	3387.00936338
-3746.85103638	0.912044770746	259.100573591	2.14579094501	0.831808279997	-0.452044335185	3175.92378012
-4747.77255366	0.9781815376	607.115959453	2.9876038426	1.55925268481	1.20247064591	3004.55616554
-5260.9611853	1.08516484551	985.218735787	3.48207926784	2.30030185171	2.541662624	2869.35116221
-5758.43389011	1.21861922912	1607.87627437	4.02160099474	3.4412500686	4.37418784427	2834.67233065
-6214.85582108	1.37673117718	2589.32810072	4.68956713413	5.11550580328	6.80685140907	2737.43167546
-6590.29717291	1.58295421852	4090.14829743	5.47114783787	7.50336148921	9.98794782289	2650.0573563
-7785.37246553	0.756547392438	-40.0778373378	3.16866685344	-0.19665091691	-1.8378321642	2103.90562247
-7420.15713958	1.02048822702	1235.34853465	3.87645345485	4.15789888761	4.84994250616	2334.62000334
-7000.00969627	0.802203700415	-3.08462465798	3.14413646698	-0.0128844978824	-1.67526292057	2270.77200931
-6726.92622075	0.976286243444	892.794223184	3.63088805785	2.74783707393	2.89083962414	2476.41501953
-6280.97250731	0.835146137619	1.63038022148	3.0805128323	0.00619719933797	-1.78067793471	2435.83198534
-6077.89483423	0.95344734976	613.365749526	3.37929654386	1.82144524039	1.47185076673	2600.85754293
-5614.63948798	0.838777007149	16.9613502303	2.88366226315	0.0616951037412	-1.83407758868	2533.4354954
-5465.8274108	0.929425838816	405.542155803	3.07420636333	1.21155090867	0.41351247554	2726.907911
-5004.15284946	0.874088817659	23.8631384687	2.53282707796	0.0866614067212	-1.96380433753	2661.37091006
-4887.45596575	0.915947645694	270.765327081	2.71126087462	0.839021427702	-0.346126202106	2810.98178918