U (kJ/mol)	 dU (kJ/mol)	 P (bar)	 dP (bar)	 Z	 Z-1/rho (ml/gm)	 Neff
-1084.85486527	0.878537704942	57.0401171227	0.35632369187	0.732479144752	-2.87603425328	3751.87225879
-2064.41920078	1.35179838986	88.5450446649	0.937716798039	0.56852441508	-2.31933050196	2661.25719835
-2990.8823373	1.32309459272	127.836843631	1.62762952417	0.547204473113	-1.62262170966	2303.88315291
-3961.14131279	1.17472956573	238.704686193	2.5195672956	0.766329968696	-0.62802862086	2193.88984167
-5022.2108391	1.39534270901	616.848916026	4.02934796376	1.58424978533	1.25621787043	1888.84610327
-5564.14133126	1.52242361118	1033.61931335	4.5837808149	2.41330816608	2.76255281588	1771.66340706
-6084.81744645	1.66591460183	1724.77292476	5.46754421448	3.69143760641	4.82246936232	1607.1674679
-6551.6320921	1.9618735332	2826.57405982	6.81556388522	5.58421159619	7.58206856085	1474.4511057
-6919.86932073	2.38361192104	4533.38277926	8.28223606416	8.31647345969	11.2367358456	1284.14396571
-8209.39470652	1.06499583137	128.654173219	4.43892705251	0.631270617587	-0.566299418911	1108.9162464
-7812.65959183	1.49807098767	1499.90864832	5.61125240526	5.0483473493	6.21750492585	1175.05708489
-7392.35560131	1.12153204749	71.4724745048	4.25923152885	0.298541005314	-1.16017990853	1278.19888561
-7100.12401442	1.44797760781	1029.12826496	5.22599678538	3.16744522629	3.58485160704	1347.21653729
-6635.00502056	1.19120427846	31.2131755175	4.07437667549	0.118643656311	-1.57919840111	1424.55738179
-6425.14863476	1.28917693542	664.688257407	4.52648068158	1.97385208375	1.74493059995	1523.98051896
-5933.68065106	1.26783624085	12.7751014527	3.6028846625	0.0464680699782	-1.86384143354	1527.32329374
-5779.22310331	1.2819928317	422.100163455	3.89888208684	1.26101770005	0.510203789648	1682.76948961
-5286.42717645	1.19149611901	5.60064444931	3.11421337553	0.0203393081409	-2.10640602526	1642.90826166
-5168.47041878	1.20005109481	258.715449921	3.39307759695	0.801682432909	-0.426410206827	1827.41826571