U (kJ/mol)	 dU (kJ/mol)	 P (bar)	 dP (bar)	 Z	 Z-1/rho (ml/gm)	 Neff
-1017.07738574	0.522632232905	58.9116116417	0.245441573005	0.75651189177	-2.61766559802	7521.42981241
-1943.24589749	0.666656010007	96.9500717591	0.600140919041	0.622490880741	-2.02924208383	6920.8635496
-2830.72080703	0.669836439293	144.249947049	1.03417519821	0.617460616436	-1.37085432985	6307.71832051
-3762.76742642	0.682188710339	270.245057622	1.59063874503	0.867586178765	-0.355885044689	5640.4774317
-4770.81638845	0.778822029218	649.151103623	2.3236641194	1.66721132167	1.43459665144	4967.1762361
-5286.12532284	0.890959270139	1056.68513105	2.85195501928	2.46716254506	2.86782042124	4617.93150722
-5778.6837231	1.05122689175	1727.57899814	3.39632006793	3.69744329252	4.83323024237	4221.59676185
-6223.9045182	1.23253743367	2783.15185603	4.14020218961	5.49842620058	7.44018358512	3872.90206449
-6575.9284205	1.42615049349	4401.28222864	4.92703713791	8.0741355022	10.8645500339	3517.80433563
-7820.57731184	0.708760203085	134.17649332	2.82587385449	0.658367122375	-0.524684251669	2676.49024661
-7439.05800999	0.938148998467	1460.64865494	3.46134038243	4.91620724615	6.01456242331	2995.01948188
-7037.09194692	0.703232526091	106.917778987	2.74602972115	0.446596279838	-0.915303506404	3138.74832697
-6754.18403226	0.88505551842	1033.75044666	3.22358756293	3.18167135131	3.60838094311	3422.62871576
-6313.48916686	0.691270131384	79.4196495533	2.52218973961	0.30188013394	-1.25087858521	3582.42590399
-6108.1211132	0.823459961393	702.541599581	2.88070814361	2.08626101755	1.94634290021	3869.78906355
-5644.5000232	0.668459109393	59.9214689411	2.28407056304	0.217957956911	-1.52863508477	4034.9606717
-5495.26329709	0.776574497664	457.572823686	2.55279924857	1.36699172303	0.717348163824	4296.65440906
-5027.46458432	0.660917906366	50.7684643518	1.97066798439	0.184370825471	-1.75371556895	4490.30596615
-4912.66066265	0.718215707716	297.503790053	2.16035511042	0.921875992649	-0.167977424397	4721.05553779