U (kJ/mol)	 dU (kJ/mol)	 P (bar)	 dP (bar)	 Z	 Z-1/rho (ml/gm)	 Neff
-977.665070872	1.25395844524	59.7634180341	0.601526631591	0.76745034087	-2.50006970344	1393.22995953
-1872.94247673	2.08842475662	99.3941318342	1.76887893824	0.638183546885	-1.94488857573	777.418269325
-2731.7032108	2.4199110666	154.565794177	3.51605095007	0.661617508394	-1.21261528537	435.840994514
-3624.74012869	5.93605960766	280.702643038	11.5866673272	0.901158879967	-0.265652604027	181.187256163
-4594.34126094	8.21939828273	634.533356701	16.6617593046	1.62966864012	1.353874692	165.059373536
-5099.84946231	5.72209799492	977.343583706	16.2176370487	2.28191484154	2.50572206416	149.530674486
-5581.79150219	5.76672269879	1594.74991135	18.4827945719	3.41315642834	4.32385016632	78.6596299329
-5988.05263886	38.1452467057	2616.6410279	85.8628909104	5.16946553029	6.89609823837	25.3774072583
-6390.75287723	10.4384793907	4017.4361875	42.6674224572	7.3699714002	9.78308557568	63.2597681061
-7551.01989019	7.17920834555	-58.9126668545	21.2369068104	-0.289068241304	-1.97976790244	12.9752495256
-7210.16624402	6.64983714421	1156.32001698	22.6881179662	3.89190708328	4.44142880638	48.1968953671
-6786.89439942	5.35140231701	23.4001146028	21.4687839967	0.0977424356214	-1.49229121936	2.8329308795
-6524.92983603	7.22562157083	897.941399012	33.3409870863	2.76367902295	2.91704145647	41.0446942379
-6101.30347864	2.46456416893	20.8354883923	12.3802085476	0.0791972775246	-1.64987771119	120.126764941
-5893.95953163	6.8937156248	608.903451752	14.7460849159	1.80819404231	1.44810750901	43.99951125
-5439.74730302	4.23620176878	29.7571300958	14.4009822514	0.108238389242	-1.74310076741	80.2527722033
-5309.67342584	3.51823018711	400.404993074	15.7839422465	1.19620371459	0.383513756763	125.802406324
-4861.40946974	6.35947437689	35.9183827242	8.34760492885	0.13044124846	-1.86967162078	105.743620341
-4739.81560168	6.15939362952	277.209858628	12.8625738156	0.858991119235	-0.303188602469	116.141056018