U (kJ/mol)	 dU (kJ/mol)	 P (bar)	 dP (bar)	 Z	 Z-1/rho (ml/gm)	 Neff
-1053.98421379	0.94946279559	57.6496291029	0.395163331379	0.740306176612	-2.79188824638	3093.86392062
-2002.82733957	1.21787560906	92.2704136137	1.09011001863	0.592444028092	-2.19075430902	2165.94365686
-2903.7669647	1.37280315366	132.526824092	1.88489398207	0.567279892798	-1.55068016016	1877.85026227
-3842.26863396	1.26593034291	238.402619187	3.16074361802	0.76536022234	-0.630634981903	1942.63776752
-4864.47809991	1.17097864511	565.918285713	3.63743834781	1.45344491878	0.974969310274	2107.72253819
-5391.53236513	1.25981665886	929.262068523	4.05955528204	2.16965347826	2.28628800675	2085.95969755
-5905.50381895	1.35413828158	1533.53250224	4.52680133729	3.28213613987	4.08909037643	2165.61693367
-6380.49765338	1.52358230867	2494.47316609	5.23468402539	4.92810932445	6.49690652091	2141.91338995
-6776.82910095	1.7585846432	3969.32314145	6.1450198111	7.28170820028	9.64752979627	2172.62425123
-7968.33528074	0.968254440971	-156.125925701	4.07271312982	-0.76606694577	-2.71234876538	1233.79853088
-7603.38959169	1.18450928666	1117.89720258	4.55417976156	3.76258473192	4.24281384397	1643.50545388
-7164.42794891	1.02426803376	-95.9595958896	4.08037882518	-0.400823875553	-2.31689625211	1332.43217276
-6890.77790518	1.16575647038	799.865692256	4.38436475043	2.46182216044	2.4177845223	1711.59658112
-6427.83757359	1.15049090886	-61.5446488719	4.60055349399	-0.233935895578	-2.21094408331	1374.78472778
-6224.6272436	1.13230778288	541.513946251	4.13681070295	1.60807479186	1.08953744526	1693.53053721
-5748.5087766	1.12274377871	-34.892576688	3.81780031531	-0.126918028891	-2.20275425324	1381.65208863
-5597.05870961	1.12804366686	353.817133984	4.10537318472	1.0570232072	0.111461622741	1726.08386951
-5126.60091547	1.45747739	-16.1139788284	3.4297255232	-0.0585195478363	-2.27596347587	1382.46986652
-5006.62793578	1.20437162491	230.301983089	3.38044059919	0.713637527881	-0.615718933802	1725.19036731