U (kJ/mol)	 dU (kJ/mol)	 P (bar)	 dP (bar)	 Z	 Z-1/rho (ml/gm)	 Neff
-1024.64829651	0.574825295814	58.8053231845	0.27153873151	0.755146991377	-2.63233922142	6189.61996144
-1958.21219364	0.753827174874	95.6342470542	0.673775255014	0.614042316809	-2.07465603703	5389.68903868
-2852.38177982	0.765370964444	143.526278038	1.16385191953	0.614362957666	-1.38195498803	4912.24460308
-3792.19090048	0.751149939313	270.188687398	1.78040950941	0.867405209584	-0.35637143066	4491.28438503
-4808.71142622	0.866779739311	664.984609969	2.55699461779	1.70787643168	1.52203226405	4081.89248691
-5327.65099047	0.980725832841	1084.3568103	3.11151670018	2.53177075105	2.99410822293	3901.99024596
-5822.23354332	1.12660727182	1775.20341136	3.69478156654	3.7993712318	5.01586288567	3646.60060775
-6264.62973253	1.29722769946	2868.299591	4.36932252773	5.66664502625	7.71840954452	3433.42793973
-6608.54328889	1.49151886306	4548.78142726	5.10532668471	8.34472222084	11.2801206633	3193.08242871
-7878.15674267	0.745312320711	214.472354117	2.94872136844	1.05235681091	0.0804102764997	2545.89216251
-7488.46219702	0.940179684252	1560.68144786	3.48225792358	5.25289460746	6.53165128619	2799.63912343
-7092.4915884	0.755619982655	152.354991062	2.87796357422	0.636387819384	-0.601397301398	2905.13322065
-6804.60608689	0.914498278907	1096.62118792	3.33946248885	3.37517456764	3.92842608548	3125.34324724
-6363.84549432	0.734878825033	106.363844148	2.66805961706	0.404297068776	-1.06736976849	3236.91268085
-6157.49421617	0.903083434854	734.268124693	3.02141389421	2.18047581224	2.11515527014	3409.84866138
-5689.23092462	0.730068108478	73.894532595	2.44531824771	0.268783486718	-1.42928788375	3555.13299131
-5540.23378208	0.80283997613	474.10985472	2.62341022071	1.41639584708	0.813916983917	3683.95964462
-5066.13583043	0.723099246892	55.524217179	2.16381166755	0.201641824027	-1.71658053259	3807.17396063
-4952.431107	0.769133604373	306.932846713	2.30671037658	0.951093842163	-0.105155005601	3934.91172468