U (kJ/mol)	 dU (kJ/mol)	 P (bar)	 dP (bar)	 Z	 Z-1/rho (ml/gm)	 Neff
-1126.81819897	2.19569321896	56.0216019075	0.877936665403	0.719399908745	-3.016645088	687.003742401
-2139.48883974	3.76558045212	92.1033786242	3.11979100179	0.59137154041	-2.19651930125	208.163031956
-3094.53589566	4.7969397259	127.859194954	6.61548139455	0.547300147754	-1.62227885347	36.6760776448
-4092.21050594	5.53699948709	257.488594844	12.4501956966	0.826633234451	-0.465953165082	43.4177146769
-5192.58315389	8.85345243492	548.031896393	42.3347216216	1.40750740036	0.87619729014	2.92484648614
-5777.4107235	19.17105738	1077.30551765	61.0447250704	2.51530729886	2.96192758653	4.86008974015
-6220.9247873	9.68394419009	1987.99615298	68.7871084644	4.25479995375	5.83189185587	8.0185461725
-6683.53087129	14.9558536849	3225.42052989	49.1268927732	6.37217718144	8.88532626734	15.5906052974
-7058.81941186	17.9749859342	4925.50816181	117.388272833	9.03582598199	12.3415268789	3.24762197126
-8428.33933535	1.1280142267	441.332491442	6.174508196	2.16549706444	1.7899856692	1.10801636504
-7999.14441591	9.61398694219	1966.18654866	21.9743283318	6.61773146139	8.6277856171	4.22382108865
-7613.58714384	9.87424405396	321.494876199	14.1687583633	1.34288625389	0.567117601573	2.20523486488
-7287.65534207	12.2515785666	1285.29841343	46.3166936991	3.95588427856	4.88889240554	5.41305570838
-6844.69283112	18.9336018792	130.51065532	19.8214303043	0.496080936271	-0.902913090064	4.64740564394
-6618.71705595	12.7209507845	812.02465514	34.8463523062	2.4113808838	2.52888681294	8.81088867698
-6141.71115715	6.21090415474	85.2681056875	8.00064802065	0.31015364666	-1.3484228222	1.33274399896
-5954.02936685	8.21506740608	514.782655372	40.0908728397	1.53790520902	1.05142783825	14.4847998277
-5457.38696794	4.53087148396	37.8420754174	22.1498209726	0.137427333509	-1.85465057138	17.8703488672
-5327.90704106	8.22796422392	310.403153416	15.20628242	0.961847293192	-0.0820335981314	19.5288574401