U (kJ/mol)	 dU (kJ/mol)	 P (bar)	 dP (bar)	 Z	 Z-1/rho (ml/gm)	 Neff
-1014.80390446	0.611301076136	59.190590059	0.299157820696	0.760094385685	-2.57915131022	5146.05257222
-1941.61738289	0.82531099863	96.713844715	0.766146503627	0.620974129098	-2.0373951485	4162.50829248
-2832.25655294	0.86465102214	147.004576408	1.31848774203	0.629251782926	-1.32859993114	3672.24820327
-3769.18451238	0.843028834929	276.911059429	2.06790524954	0.888986499965	-0.298367980416	3345.31564461
-4780.46874826	0.992273771251	685.616621241	2.9554649706	1.76086551633	1.63596612719	3106.83324719
-5294.57838909	1.08978209206	1116.0994408	3.47446502552	2.60588386832	3.13897500126	3021.83729112
-5783.91470697	1.26441483429	1820.79037809	4.14620631139	3.89693853526	5.19068222036	2861.31646412
-6218.20923623	1.44746535472	2936.53191773	4.83518920346	5.8014455806	7.94136326812	2764.75886599
-6550.56533183	1.612214683	4651.84108229	5.51708994752	8.53378476588	11.5704853983	2626.11587098
-7832.50353722	0.78071902053	287.042032219	3.15316875915	1.40843624749	0.627281742777	2204.71659362
-7437.99226105	1.02897996136	1644.95380166	3.77648800982	5.53653595746	6.96727138957	2385.42404901
-7052.73681935	0.813902793753	203.322066993	3.10741079886	0.849277637346	-0.249287639394	2392.10542831
-6762.1586629	1.00921347049	1157.3891028	3.71983752614	3.56220571669	4.23776673552	2546.3939415
-6328.30796747	0.824552115864	141.67417675	2.98173141489	0.538514331072	-0.826881698559	2573.38662985
-6122.18552449	0.977701196473	772.656109208	3.33592052217	2.29447241497	2.31941232697	2695.37456297
-5657.62495839	0.815222401907	98.0123432295	2.74071748366	0.356509452452	-1.25781246212	2714.70720286
-5507.7826036	0.893508074368	505.130444298	2.87020971301	1.50906937795	0.995063268769	2860.11822468
-5036.55487335	0.805728561561	70.0312244328	2.48430835496	0.254325491667	-1.60330335828	2850.35359935
-4923.75848902	0.866990601426	326.785196844	2.66745436357	1.01261038614	0.0271140748694	3008.21654213