U (kJ/mol)	 dU (kJ/mol)	 P (bar)	 dP (bar)	 Z	 Z-1/rho (ml/gm)	 Neff
-1006.06439251	0.867166062641	58.8765391131	0.41171140563	0.756061508828	-2.6225075262	2845.98798905
-1921.16953331	1.21885008998	97.1141109573	1.16396477693	0.623544133236	-2.02358048738	1950.21492901
-2796.63837894	1.44226918849	146.154705821	2.21677617771	0.625613919434	-1.34163644747	1456.52803691
-3710.13286497	1.7020573014	263.270968533	4.82345994755	0.845196783911	-0.416060415462	1179.13305532
-4701.09116696	2.02179146983	607.464535467	5.75399543659	1.56014793072	1.2043955485	1031.35650674
-5210.63832197	2.07301143429	970.996025737	6.23420972784	2.26709447849	2.47675312683	909.031997691
-5704.49278555	2.43066793399	1583.27017781	7.97796414302	3.38858697953	4.27982707106	807.672039977
-6156.82308526	4.48040626181	2546.04753826	12.2820246281	5.03000023588	6.66542925594	678.484226782
-6533.45632655	3.68425278885	4020.86906009	13.6255931469	7.37626899191	9.79275749959	637.263050073
-7712.8307581	2.65131979378	-70.3115767724	8.41381575702	-0.344999554869	-2.06566794697	275.971422643
-7353.39180315	2.46334328656	1186.32751863	8.66004150412	3.99290542846	4.59654338882	421.357644875
-6933.36522139	2.7833757442	-17.8341705364	10.0367088382	-0.0744934499298	-1.77716120528	218.309736667
-6663.2865227	2.67711483903	867.674861691	10.2834415023	2.67052484342	2.76296886163	496.590640887
-6221.01475668	1.55101713425	5.99274379645	7.16617226006	0.0227788753805	-1.75096718663	555.197278455
-6020.56058761	2.14330176135	598.52827149	6.76171487328	1.77738400325	1.39290263667	587.158831079
-5559.18822171	1.92966874808	13.0389065843	5.79561427299	0.0474276330284	-1.86196580325	641.984402394
-5415.03899499	1.65690901133	396.334266009	6.32903611771	1.18404248054	0.359742542406	754.267119768
-4958.04014432	1.75537416842	23.128743151	4.63856375402	0.083994375668	-1.96953882329	763.052221507
-4841.08896115	1.76846464279	266.795323242	4.68314550303	0.826719563485	-0.372576912156	872.454983139