U (kJ/mol)	 dU (kJ/mol)	 P (bar)	 dP (bar)	 Z	 Z-1/rho (ml/gm)	 Neff
-1070.42982362	0.702393867668	57.4355031843	0.280513820792	0.737556484331	-2.82144934052	5909.69910136
-2035.65836302	0.94768899284	90.8003445556	0.698984771941	0.583005101786	-2.24149180252	4916.38894788
-2948.79147112	0.915780679223	129.546069286	1.21636882366	0.55452079834	-1.59640319061	4613.10866549
-3906.5813425	0.817521220157	240.965972042	1.78858304883	0.773589529208	-0.608517296489	4498.13617175
-4948.5050506	0.853548557844	594.288364787	2.48033283591	1.52630764175	1.13163424534	4339.26596559
-5485.12689437	0.941831513316	986.5513565	3.02069333062	2.30341327233	2.54774442839	4129.79755842
-6001.84926695	1.09585226285	1639.15042653	3.55568947028	3.50818443412	4.49411963322	3858.60813233
-6472.84894831	1.25914615041	2677.99736662	4.28482738915	5.29068180517	7.09658420798	3571.85401524
-6852.41765671	1.46289526087	4278.85617498	5.06941108383	7.84954537256	10.5196215688	3299.18754924
-8098.62335199	0.80617254064	-4.21196677421	3.13971825004	-0.0206669616716	-1.56755369891	2116.49587284
-7717.21327458	0.981581675996	1324.98122904	3.68527474828	4.45958191053	5.3132712473	2612.18008057
-7286.96809801	0.782565043995	-5.11656422127	3.08719295328	-0.0213719230648	-1.68930071929	2538.17679154
-7003.7540235	0.917346148827	923.049427143	3.41289324054	2.8409563717	3.04485452621	3004.26688231
-6539.02951922	0.796116824212	-9.10468033578	2.80419739624	-0.0346075830692	-1.8537912079	2770.27311174
-6332.31354917	0.879953966252	612.594345989	3.0968160639	1.81915448761	1.4677462372	3360.87702867
-5848.85084317	0.795883668448	-9.25089527469	2.56455096261	-0.0336491456117	-2.02044425014	3014.77385857
-5696.60935428	0.848505518685	386.760161742	2.77092717619	1.15543999235	0.303834081527	3519.0596631
-5212.92508141	0.823264827273	-0.335897827188	2.31208389219	-0.00121984701455	-2.15276119159	3258.88692838
-5093.78740536	0.833483738812	242.653528392	2.38948246275	0.751911302764	-0.53342502256	3834.4330284