U (kJ/mol)	 dU (kJ/mol)	 P (bar)	 dP (bar)	 Z	 Z-1/rho (ml/gm)	 Neff
-974.800314778	1.28271879031	59.875188129	0.616393843299	0.768885633566	-2.48463931409	1332.83588011
-1868.02281827	2.15120554229	99.6510341045	1.80136131903	0.639833048712	-1.9360219329	740.514434042
-2725.22963147	2.47901213961	155.388778791	3.57722067714	0.66514028672	-1.19999118409	409.215238993
-3616.29519907	6.30719859857	282.232594472	11.8262331862	0.90607058762	-0.252451540259	163.526264721
-4583.6537317	8.90739518629	638.114819494	17.7706958903	1.63886689193	1.37365220599	146.048996213
-5088.82966047	5.93050193775	979.691171177	16.8339278806	2.28739602009	2.5164359662	137.346298292
-5569.59079222	5.88800358554	1597.86155576	18.8679141803	3.41981611148	4.33578286647	70.6464204462
-5970.79022052	40.6300897185	2627.55773573	91.1550256716	5.19103270143	6.93176931653	21.4976698027
-6376.00281018	10.7332155297	4020.98866105	44.0085309335	7.37648839942	9.79309446851	56.908546876
-7535.70820988	7.16332603349	-55.0877101095	21.4898077558	-0.270300231327	-1.9509437467	11.9860809695
-7195.57711718	6.86025854204	1158.27801474	23.4256394419	3.89849725317	4.45155007568	45.0596268256
-6773.40140986	5.02566428009	26.9958307326	20.5253050757	0.112761766009	-1.46744995923	2.6201936082
-6511.34780397	7.45330018766	902.717849716	34.3567763199	2.77837995625	2.94135610291	37.4937242577
-6089.3133017	2.50190620966	23.412933643	12.4639848247	0.0889943431358	-1.63232350572	115.260568046
-5881.39034344	7.12636328318	611.925925262	15.1342451234	1.81716955161	1.4641896647	39.2536480138
-5428.3722595	4.28904210543	32.4462901582	14.7288745021	0.118019922362	-1.72398108601	74.4284064795
-5298.97447123	3.61380017665	402.192327648	16.1397207522	1.20154334895	0.393950986434	119.203017714
-4851.48512306	6.57758827447	37.9927680882	8.49004468033	0.137974589222	-1.85347389589	100.359530886
-4729.75433421	6.45490473071	279.364284628	13.4555532414	0.865667046313	-0.288834435625	105.92003958