U (kJ/mol)	 dU (kJ/mol)	 P (bar)	 dP (bar)	 Z	 Z-1/rho (ml/gm)	 Neff
-968.624929957	1.0320621328	60.0915710704	0.50756241138	0.771664309345	-2.45476662729	1999.90860032
-1856.61549304	1.54532495841	101.05061531	1.36443050996	0.648819391077	-1.88771723462	1324.46093851
-2711.5926965	1.82864673733	157.341127517	2.75427025323	0.673497298092	-1.17004329973	831.253225652
-3603.31435947	3.54064902361	283.330880444	6.66300809478	0.90959649014	-0.242975067455	477.618364965
-4567.53229515	5.33134260809	646.432113713	11.5023839176	1.66022815437	1.41958187561	364.060978474
-5065.73378032	3.76442735612	1005.75070998	10.6256123958	2.34824017905	2.63536629342	323.967785207
-5542.6182095	4.22715479278	1629.44155413	13.5114483102	3.48740506301	4.45688753084	219.687971597
-5963.58849606	20.2634767355	2622.44573699	47.3409352428	5.18093337905	6.91506551631	98.8429968437
-6337.34698004	7.56967304373	4075.27794264	28.7731974742	7.47608187993	9.94605144137	148.417536008
-7505.33830804	5.54484933907	4.78605267957	16.8436463026	0.0234838431995	-1.49974631404	35.538264707
-7156.5825114	4.74982395756	1234.67571405	16.1543901491	4.1556343283	4.84646456628	107.708691825
-6745.10421911	6.29793171964	63.7046177061	24.9731313299	0.266094615373	-1.21384469863	11.6900320126
-6481.37737895	5.14607510729	931.774236519	21.9958726566	2.86780954127	3.08926839509	122.368986208
-6059.77155574	2.01693906834	53.3605995629	9.15195158052	0.202827701126	-1.42835894789	245.060750778
-5855.92385984	4.52333272106	648.466683957	11.132107961	1.92568064969	1.6586178932	126.927526731
-5407.22543028	3.0143576453	54.9303304195	9.71913358156	0.199803222488	-1.5641216219	197.030697196
-5271.49727712	2.39661162306	427.817839888	9.26343474809	1.27809916983	0.543592447245	332.440160023
-4825.53732061	2.99236185535	54.1835741443	6.22991529744	0.196773142925	-1.72704887055	348.294903934
-4709.646952	3.23524160814	295.843788631	7.73310038102	0.91673214067	-0.179037417814	339.897858466