U (kJ/mol)	 dU (kJ/mol)	 P (bar)	 dP (bar)	 Z	 Z-1/rho (ml/gm)	 Neff
-984.084051408	0.54278993753	59.6896900785	0.269705696853	0.766503565292	-2.51024819585	6423.05884663
-1883.56532984	0.717507440825	100.731243527	0.659256436852	0.64676878896	-1.89873993023	5617.26204057
-2751.49672458	0.725525900055	151.771126451	1.14786375892	0.649654958028	-1.25548384915	5162.11965345
-3660.05284387	0.732202095507	281.653122372	1.73712540117	0.904210268735	-0.257451468994	4739.05000777
-4641.11667717	0.825957072725	654.166667346	2.44578543641	1.68009276727	1.46229354164	4313.89559534
-5141.76699596	0.935457295511	1052.01142029	2.99542979485	2.45625030282	2.84649057525	4070.4086469
-5621.86287959	1.08198499638	1701.67621193	3.49611726976	3.64200496915	4.73389685441	3871.14472675
-6057.8397605	1.21147436648	2719.00336466	4.05684416744	5.37169371744	7.23057406865	3617.6936906
-6408.44732774	1.40441411109	4271.21488477	4.76585958949	7.83552745476	10.4980926669	3389.47072509
-7617.69065396	0.696650336113	104.470223726	2.82099714974	0.512606633745	-0.748545120775	2657.4509106
-7249.82198096	0.899817041974	1389.29552406	3.40927450313	4.67604902747	5.64572428301	2966.97456071
-6851.35727809	0.72044795386	103.781379185	2.81970765317	0.433495516833	-0.936971547074	3051.51023606
-6575.79800373	0.878549397256	1010.14540929	3.24161782466	3.10901989912	3.48821888689	3308.37562391
-6146.81821353	0.699222192466	80.6149436141	2.56169914916	0.306423537659	-1.24273779637	3408.40477918
-5944.29004372	0.85192611503	699.507898581	2.92564017526	2.0772521672	1.93020100464	3630.46128726
-5493.52087367	0.706669608372	73.2471241794	2.37206652576	0.266428607607	-1.4338908982	3688.76228803
-5346.37250805	0.780024094774	468.275902147	2.56046545975	1.39896700414	0.779849325989	3890.95678747
-4893.48786238	0.706892440927	65.5321704644	2.07122453916	0.237986721042	-1.63843397562	3998.42924019
-4779.12480191	0.74873487673	314.454035755	2.26353373722	0.974399775891	-0.0550440236707	4128.24358481