U (kJ/mol)	 dU (kJ/mol)	 P (bar)	 dP (bar)	 Z	 Z-1/rho (ml/gm)	 Neff
-1029.16413046	0.657183233678	58.7517302553	0.319120114676	0.754458779205	-2.63973797835	4618.89940076
-1967.10765217	0.914807605654	95.0732557122	0.821605602106	0.610440339129	-2.09401791287	3567.94445431
-2866.03627004	0.968651349762	143.34042293	1.44677834351	0.613567406529	-1.38480589638	3028.29089712
-3810.98230537	0.948394440015	269.226618962	2.33398438179	0.86431661553	-0.364672561334	2659.15359277
-4833.69319049	1.16615295147	674.902089932	3.45473164036	1.73334744264	1.57679846158	2388.62491197
-5353.04440446	1.2739675607	1107.02816717	4.03685569381	2.58470413761	3.09757559092	2281.63485804
-5848.61296073	1.45313880891	1814.0378828	4.78997723766	3.88248653714	5.16478739078	2143.93762195
-6288.60245185	1.69245221462	2934.79857627	5.70904075151	5.79802117166	7.93569945815	2022.07421481
-6625.73832625	1.90776631688	4661.86719497	6.54903599618	8.55217763144	11.5987334023	1921.61601801
-7914.42714796	0.889843527828	274.089950292	3.70754969272	1.34488394636	0.529677285656	1637.96943739
-7517.91511725	1.22215407776	1640.15545751	4.55275476475	5.52038583525	6.94246782018	1740.0942201
-7127.30014424	0.933007956388	188.966433239	3.59870915644	0.789314058882	-0.34846455423	1779.22297136
-6835.51996401	1.20282683377	1146.87953805	4.38524603648	3.52985943697	4.18426752298	1879.49736797
-6395.75943306	0.9563706398	126.430193891	3.48108469787	0.480570791744	-0.930703887297	1928.05251699
-6188.77293951	1.11279286689	758.606610483	3.91515026695	2.25275115388	2.2446569238	2002.71780809
-5718.33804681	0.941991272712	85.5094976676	3.12253357864	0.31103168426	-1.34670654736	2065.30441729
-5566.93899657	1.03591624327	496.376612316	3.28879749479	1.4829174405	0.943944828944	2169.81712928
-5091.15636348	0.923214739041	58.0589286684	2.81969334517	0.210846885783	-1.69678837627	2193.19375226
-4977.52350343	1.00623146251	316.119693766	3.09076501877	0.979561155959	-0.0439463424374	2312.21804031