U (kJ/mol)	 dU (kJ/mol)	 P (bar)	 dP (bar)	 Z	 Z-1/rho (ml/gm)	 Neff
-1039.89364626	0.875716467362	58.4277919139	0.45513622731	0.750298933622	-2.68445919596	2397.86172948
-1986.88617049	1.47872705928	95.1343149873	1.30512600286	0.610832384656	-2.09191053257	1332.93835919
-2894.58331633	1.74749618027	143.549635942	2.85654755191	0.614462940966	-1.38159669149	802.269759994
-3848.22441979	1.94393908361	268.586438771	4.85747910564	0.862261401309	-0.370196304988	582.693022121
-4891.74962541	3.92900626779	661.07724845	16.0758335626	1.69784117591	1.50045507574	154.321260988
-5410.22833043	6.00972096569	1133.09122008	15.5460303574	2.64555650134	3.21652195576	221.515465472
-5898.36030857	3.80390062117	1880.23704922	18.068281911	4.02416900962	5.41865148968	153.220549953
-6332.04176874	5.46716452511	3048.60459277	19.2373266434	6.02285762159	8.30756828283	186.64850622
-6666.94527494	8.27157543607	4820.89375029	38.7107180371	8.8439112421	12.0467817057	105.469147651
-7995.48501524	6.91184126264	332.620057688	26.6822549599	1.6320750737	0.970749183593	6.57116441345
-7572.53139976	5.73433043967	1800.50254094	16.928889097	6.0600772188	7.77133292146	87.4748874811
-7192.37558318	5.06483494228	258.044775122	14.4818116089	1.07785475618	0.128768074238	75.465590673
-6900.08776937	4.95758446465	1208.82236356	16.9898108519	3.72050671939	4.49958908612	74.429490293
-6469.08236258	7.12296456879	130.705285349	16.1744565828	0.496820739826	-0.901587523396	39.3343776419
-6249.86100163	4.51882780978	789.147327211	14.1371981586	2.34344458299	2.40715977439	136.456565937
-5777.70949991	5.86020861333	107.886612339	10.5823358269	0.39242605395	-1.18760731438	77.5700391995
-5621.2030099	3.56984769187	531.400993116	13.8458132472	1.58755223561	1.14847145295	204.775178966
-5143.51949661	2.94755404553	61.1754980032	8.50869443701	0.222165023297	-1.67245281473	245.241181141
-5028.84479193	2.67621649746	324.660275178	8.16419457867	1.00602588424	0.0129564848133	255.269929662