U (kJ/mol)	 dU (kJ/mol)	 P (bar)	 dP (bar)	 Z	 Z-1/rho (ml/gm)	 Neff
-1132.84267325	1.23493858633	55.8069862647	0.413305612952	0.716643927684	-3.04627379087	2751.17083536
-2145.69765408	2.10575537515	83.0418868462	1.14731045905	0.533190087881	-2.50926473161	1624.33920061
-3090.41283186	1.75947928472	114.00704145	2.01274521874	0.488006127779	-1.83476276365	1724.04459795
-4078.01180228	1.26155313009	212.239366871	2.52617323914	0.681366545266	-0.856382515207	2267.54380081
-5163.44560881	1.12302443563	554.409854911	3.24404199575	1.42388787725	0.91141758172	2478.28902917
-5725.28740979	1.1973464029	941.70126085	3.69612305488	2.1986966705	2.34305789915	2553.61993572
-6267.66278991	1.33548488173	1595.96770579	4.39160077837	3.4157628075	4.32852022949	2490.39687857
-6762.0791193	1.47035578266	2651.91016956	5.07984734449	5.23914364439	7.01134253439	2506.25419208
-7163.04731512	1.69869341214	4294.63965663	5.88806071858	7.87850010961	10.5640906335	2339.88199762
-8434.67020668	1.23147890568	-71.3015438792	4.11333891101	-0.349857050986	-2.07312815318	994.548904959
-8042.77617269	1.17216940802	1288.95146957	4.29783209243	4.33831403136	5.12702644887	1640.30384712
-7591.10479531	0.990781859403	-71.5131997662	4.00767301467	-0.298711115004	-2.14800658915	1443.71710494
-7301.3721177	1.08438272478	873.94414493	4.01148993025	2.68982040836	2.79488281089	1948.00316379
-6813.42945067	1.18596158355	-71.5764118026	4.95138783859	-0.272067390166	-2.2792674076	1314.93250595
-6604.98262412	1.1775488466	547.377173579	3.72233816629	1.62548617735	1.12073485176	2006.14637691
-6096.97382724	1.30058645228	-62.5072885467	3.87829704999	-0.227363600133	-2.39909232185	1224.00138264
-5939.33357199	1.02786168176	334.339817792	3.41638205194	0.998835026781	-0.00227713963804	2149.67056719
-5437.80704606	1.6086009228	-47.4330385432	3.41869568487	-0.172257888484	-2.52051664416	1239.49712507
-5314.67994183	1.43060837692	195.191518711	3.10838276213	0.604840614086	-0.849647350704	1877.2517569