U (kJ/mol)	 dU (kJ/mol)	 P (bar)	 dP (bar)	 Z	 Z-1/rho (ml/gm)	 Neff
-1088.84474115	1.6245088156	56.6757686244	0.833228261717	0.727800373216	-2.92633428386	738.947621454
-2074.49402193	3.57896708016	97.1360722865	2.9928806955	0.623685141148	-2.02282252108	224.542417636
-3011.667324	5.65495718843	136.215333506	8.84516239072	0.583068524566	-1.49410058914	31.8164621812
-3990.14293715	5.34604688491	284.493330636	12.2929862166	0.913328383441	-0.232944958801	47.7854396522
-5064.45835511	6.34656766898	585.822826439	36.1843490681	1.5045656447	1.08488594365	2.04655977786
-5639.36834912	20.7322551354	1127.05731524	59.7597882477	2.6314684598	3.18898446624	3.71023692547
-6061.50717671	10.5613488034	2069.92123604	81.5671131735	4.43013974961	6.14606253979	6.13585472188
-6501.80628299	13.3318699009	3332.75735919	49.8490332078	6.58423303215	9.23605658706	14.6024425023
-6856.17231533	18.0085043759	5046.76300148	117.282525739	9.25826752402	12.6831555149	3.25885002925
-8226.81219849	1.99310193272	577.111810398	11.9169705695	2.83172881105	2.81319311879	1.22363869191
-7797.39236071	9.86066490637	2093.25806892	23.1626373738	7.04542495669	9.2846428935	4.1900895319
-7430.95169419	10.9781780877	422.943323286	17.9641976783	1.7666370977	1.26798139966	2.56235936465
-7106.07134856	12.4333557075	1394.43312076	45.7814821666	4.29177847128	5.44444546955	5.46744868518
-6680.48822182	16.4693903002	222.257835126	21.7141544049	0.844818951157	-0.278050604582	4.62081810749
-6457.05539214	12.4898004814	901.294978132	34.6603912248	2.67647720692	3.0038816236	8.89533853328
-6001.88749243	5.38136834806	155.85752439	5.32671642499	0.56691513385	-0.846538529394	1.22327585423
-5812.11610001	8.31284709999	561.437912104	47.4147299076	1.67728706582	1.32387354417	11.5422622405
-5330.79979853	4.33005663114	81.5141532123	23.6271917493	0.29602691173	-1.51363953568	14.8238033853
-5199.62459637	7.78609381653	366.677739873	15.4215389643	1.1362255431	0.292903764704	20.0255550762