U (kJ/mol)	 dU (kJ/mol)	 P (bar)	 dP (bar)	 Z	 Z-1/rho (ml/gm)	 Neff
-1019.95459878	0.743217350556	58.5891117503	0.345076790555	0.752370518004	-2.66218823082	4005.20061919
-1945.07115043	0.985951688857	95.937569714	0.911794608716	0.615989871734	-2.06418725572	3083.82646083
-2829.07908321	1.07736011719	141.855024594	1.63490597878	0.60720917215	-1.40759103564	2633.88700597
-3751.58601845	1.05310099443	256.666604295	2.56598333031	0.823994342013	-0.473045644888	2466.18999982
-4753.15896583	1.12458338854	600.467810252	3.4579900378	1.54217827862	1.16575831035	2327.68187268
-5267.23042439	1.22832398873	973.204415778	3.92860908432	2.27225065702	2.4868317607	2213.88427034
-5766.3877572	1.3786318567	1589.62506634	4.55690151725	3.40218800153	4.30419713699	2191.33259973
-6225.04710449	1.55506907797	2561.90086446	5.31345796447	5.06132024595	6.71723106715	2103.55495283
-6603.8610142	1.81956345768	4049.85451782	6.37201799611	7.42944270383	9.87442238336	2058.08509118
-7794.19304888	0.876988207283	-66.0853242673	3.71886401115	-0.324262497048	-2.03381970175	1532.25345471
-7429.86662723	1.17167290479	1204.56360547	4.43405400495	4.05428390025	4.69080925036	1751.93676754
-7007.45178106	0.942464441892	-22.4202899873	3.64991960505	-0.0936497016316	-1.80884473706	1656.05542345
-6735.08634247	1.15355091429	869.988909617	4.29159895614	2.6776470072	2.77474858273	1850.66516027
-6286.89335476	0.987318602241	-7.45170905449	3.81070262616	-0.0283245133931	-1.84253331697	1762.22686135
-6084.75495378	1.09435616225	598.277524278	3.90482688473	1.77663938665	1.39156844609	1936.27517552
-5620.33595216	0.992067577659	8.49230438137	3.33016508929	0.030889852087	-1.89429172792	1849.05696808
-5471.7285615	1.06136294172	395.535149406	3.59060752023	1.18165513207	0.355076061021	2041.10273755
-5009.91359974	1.01974549963	17.90678716	2.96731285691	0.0650303130572	-2.01031418161	1969.41672488
-4892.99592798	1.06588405929	264.076531809	3.0895027869	0.818294835346	-0.390691243232	2119.06101897