U (kJ/mol)	 dU (kJ/mol)	 P (bar)	 dP (bar)	 Z	 Z-1/rho (ml/gm)	 Neff
-1070.68455167	0.798105446557	57.4548151265	0.343639685849	0.737804478123	-2.8187832357	4047.17803565
-2039.77131061	1.18912680591	90.2382395941	0.890154481322	0.579395973848	-2.26089211347	2962.40950793
-2959.61143545	1.20540077163	131.784190488	1.5678863076	0.564101056257	-1.56207172407	2517.60633692
-3923.80250281	1.10873800343	246.406333136	2.48302137767	0.791055092259	-0.561575575234	2287.4466091
-4975.67968045	1.36321470424	631.852633256	3.94543569543	1.62278375237	1.33907123081	1953.03306914
-5511.80354652	1.4867787528	1053.54946231	4.53381828003	2.45984134384	2.85350987984	1823.75328795
-6026.13530194	1.64285251361	1749.83859025	5.41336548053	3.74508428586	4.91859251502	1659.40368029
-6485.99703254	1.94444119471	2857.94358119	6.71725952508	5.64618557646	7.68457058491	1520.10528742
-6846.08461018	2.32401861575	4572.03846674	8.06789877817	8.38738717129	11.3456460535	1343.74308235
-8136.24314622	1.04629125561	169.09532687	4.36874876815	0.829704227648	-0.26154247946	1173.42080597
-7739.35243751	1.46681868543	1540.11136911	5.47814828358	5.18366045597	6.4253205688	1228.50868668
-7326.86275605	1.09458620402	103.314334646	4.16527335742	0.431544668661	-0.940198157426	1335.96753867
-7034.65674976	1.42141376746	1061.40640384	5.12755009161	3.26679070188	3.74916431192	1398.99545966
-6575.85271759	1.13978867159	56.5233187741	3.96877730492	0.214849437617	-1.40681861726	1503.59527327
-6366.66154454	1.26819665104	689.821208123	4.4695888159	2.04848666107	1.87865948954	1571.5812859
-5880.31443237	1.15858567798	32.0095704194	3.47830303307	0.116431400857	-1.7270861233	1635.71935619
-5726.65260136	1.23492049123	442.374453732	3.78230502759	1.32158682821	0.628596522073	1743.28120012
-5237.92038207	1.11459768162	18.9214628334	3.04670418142	0.0687152106384	-2.002391142	1770.20632841
-5121.18376172	1.16045061641	273.618926312	3.36746267261	0.847863885217	-0.32711369508	1900.4645453