U (kJ/mol)	 dU (kJ/mol)	 P (bar)	 dP (bar)	 Z	 Z-1/rho (ml/gm)	 Neff
-998.528208237	0.944343744329	59.0740288211	0.450883405053	0.758597567653	-2.59524313949	2396.91943915
-1908.33219307	1.37690695278	97.7755599189	1.30346657657	0.627791122838	-2.00075144938	1552.6055863
-2779.29051611	1.65689867061	148.466692965	2.54346355218	0.635510359856	-1.30617192071	1075.65315567
-3687.85661349	2.36759300553	267.629412623	6.45012053704	0.859188994855	-0.378453928685	755.398153333
-4673.29367065	2.93219698429	613.31315266	7.62605061187	1.57516890311	1.2366927173	659.699689487
-5180.94064468	2.83540643467	972.202486779	8.21917160752	2.26991133983	2.48225916467	554.243859018
-5671.56012655	3.28902346204	1585.14174626	10.7093448308	3.3925925956	4.2870042617	434.622329288
-6117.24111269	9.50594299037	2551.34974661	23.49998501	5.04047533849	6.68275457885	304.909477161
-6495.2965905	5.34827018101	4017.35385087	20.4101245079	7.36982035397	9.78285359691	327.239768327
-7668.65779397	4.45616485911	-65.7927127925	12.969949385	-0.322826733078	-2.03161463662	89.9545177662
-7314.03138915	3.5307489786	1180.169178	12.114647145	3.97217787109	4.56470973451	196.770615376
-6892.77520639	5.20065880671	-4.66189392032	18.8344760433	-0.0194727621687	-1.68615959724	38.8921829789
-6625.56141432	3.87733798075	874.023547638	15.8770024326	2.69006479357	2.79528701244	232.757023764
-6188.03729625	1.82198066792	12.0268772016	8.87531611418	0.0457150758145	-1.70987051635	328.090160078
-5986.75799511	3.17531094327	601.620172533	8.80757264718	1.7865656839	1.40935420648	284.044567782
-5526.82893959	2.6207843119	17.4486021251	7.97669437481	0.0634674305779	-1.8306132724	343.068708825
-5386.20757908	2.07303452692	397.782382874	8.45626049606	1.18836870725	0.368198893287	442.436095992
-4931.59873261	2.55626538902	26.6906311035	5.65689749373	0.0969297328907	-1.94172601563	436.466384699
-4814.00352861	2.48578421458	269.157378701	6.07713465179	0.834038872664	-0.356839384784	520.224494104