U (kJ/mol)	 dU (kJ/mol)	 P (bar)	 dP (bar)	 Z	 Z-1/rho (ml/gm)	 Neff
-1100.54619645	1.32361452508	56.6925750871	0.437742950042	0.728016192958	-2.92401407234	2576.48840602
-2081.55737052	1.52546596025	87.9651755193	1.18935663291	0.564801227994	-2.33934392027	1861.74318616
-3005.94989135	1.50366781124	120.788619716	1.91418892784	0.517034613283	-1.73073733058	1813.75549374
-3969.06731148	1.21561052733	216.915245558	2.51019390873	0.696377838194	-0.816037069356	2210.52609647
-5021.78835102	1.17598863904	533.634929512	3.19601254381	1.37053174701	0.796694519786	2654.61583595
-5566.1127316	1.07430864168	894.699730072	3.48778194314	2.08895686922	2.12855266645	2899.55174184
-6098.13117871	1.18258986406	1500.71836803	3.88815752778	3.21190583458	3.96325298204	2968.38703942
-6591.22145218	1.33128193414	2472.26254893	4.4907307282	4.88422977865	6.42433183327	2938.51606157
-7003.76629851	1.47117514708	3973.73737782	5.05197935097	7.2898061001	9.65996665697	2870.24551223
-8212.24040073	0.935314597997	-215.576301142	4.16984688871	-1.05777357511	-3.16035563049	1262.84253943
-7842.03122988	1.06330780465	1081.01810989	4.09490096453	3.6384581926	4.05217867779	1856.68700127
-7386.62267252	1.13754679411	-153.230643307	3.92644850596	-0.640045424687	-2.71255734862	1382.80449709
-7107.0184798	1.06340786606	762.647399305	3.81149022703	2.34727190625	2.22832383475	2036.51326541
-6629.69570903	1.11834188375	-115.867972604	3.99058285552	-0.440422984561	-2.58092392529	1320.31811283
-6421.79332376	1.02527091334	498.464141095	3.58462230727	1.48023448979	0.860475497641	2154.85814157
-5929.98154756	1.08100888139	-78.0849477444	3.56702813351	-0.284025675215	-2.50984805002	1561.99192671
-5774.69008571	1.07694560846	315.464411958	3.60989348956	0.942445044229	-0.112501016372	2154.28524154
-5291.40086037	1.60576002537	-49.0361007534	3.75116532528	-0.178079571427	-2.53303406793	1161.33161154
-5166.71616173	1.15599154253	197.700320934	3.25173283803	0.612614647953	-0.832932102338	2044.25761592