U (kJ/mol)	 dU (kJ/mol)	 P (bar)	 dP (bar)	 Z	 Z-1/rho (ml/gm)	 Neff
-1114.92694183	1.04339870413	56.2289583054	0.368318614401	0.722062670405	-2.98801855817	3406.55096417
-2115.34224402	1.69156009018	85.0062169075	1.00155198316	0.545802533935	-2.44146847185	2238.73592488
-3052.7332846	1.45210679545	118.843128603	1.72452939046	0.508706955863	-1.76058002318	2270.67478929
-4033.58865861	1.14214997831	221.613752779	2.30355899232	0.711461777053	-0.775496375002	2619.69804949
-5109.28646709	1.07903385453	575.252688486	3.17326122528	1.4774184157	1.02651564543	2643.75212139
-5664.31404045	1.18191733533	970.237566748	3.64819040703	2.26532361832	2.47329167741	2637.27393887
-6199.07592719	1.33202358276	1634.00001742	4.35927479332	3.49716129387	4.47436856933	2541.22237612
-6684.36250282	1.48267838771	2701.82589955	5.08917598626	5.33775772362	7.17444554439	2492.50305433
-7074.42682885	1.71380706147	4361.01714084	5.92376263109	8.00026935183	10.7511054319	2323.0431453
-8349.593585	0.98122098153	-11.0530313496	3.60589223974	-0.0542341826284	-1.61910667686	1362.68278788
-7956.58701682	1.12118344375	1350.85403757	4.15208044619	4.54666383016	5.44701280096	1874.98160539
-7515.28509539	0.914639204622	-26.5035284637	3.67173027422	-0.11070541613	-1.83705407992	1720.13041658
-7225.0769665	1.0763549342	921.92222116	3.98793392596	2.83748706342	3.03911645486	2089.3245501
-6745.19046776	1.06887759667	-38.9688437561	3.96417244384	-0.148123541702	-2.05718705528	1667.09575309
-6536.74415111	1.10180816754	584.41849929	3.563721712	1.7354837546	1.31782652683	2189.25959828
-6034.36292898	1.13841805224	-38.3672014139	3.37458537785	-0.13955660601	-2.22745851636	1685.11215324
-5878.48298768	1.00247765504	360.805845648	3.26939182504	1.07790187505	0.152272554165	2356.27521315
-5380.21738611	1.31054871336	-29.4435007762	2.99618528283	-0.106927058208	-2.38004632043	1659.90855154
-5258.85349227	1.21457989953	216.39161198	2.87968992928	0.670533414246	-0.708398741648	2221.18207756