U (kJ/mol)	 dU (kJ/mol)	 P (bar)	 dP (bar)	 Z	 Z-1/rho (ml/gm)	 Neff
-1110.63894011	1.10129152785	56.4559217102	0.371405225075	0.724977214923	-2.95668518845	3618.13318332
-2103.72035796	1.61079148494	86.4529913995	0.926912096741	0.555091891966	-2.39153495955	2566.16452288
-3035.19101778	1.55891246587	118.778353803	1.65725045283	0.508429687907	-1.76157363062	2391.31886549
-4009.98781892	1.08957982066	219.581124911	2.28853334797	0.704936292886	-0.79303474224	2908.28402371
-5075.05864661	0.991332943118	551.822964125	2.74708513623	1.41724397943	0.897132282199	3436.11597838
-5626.58020598	1.02736397676	930.833759297	3.31984374387	2.17332308285	2.29346087729	3389.63339924
-6160.62719055	1.17668216298	1567.32266848	3.80212602551	3.35445539336	4.21867071055	3297.31202255
-6650.72972048	1.31772377446	2589.09598005	4.48646098314	5.11504722305	6.80609293913	3135.59036892
-7051.99526417	1.51953620422	4168.13268172	5.29979656188	7.64642354548	10.2076644042	2966.37696584
-8295.99948453	1.00122193631	-116.11126148	3.91002256384	-0.569726001959	-2.41080577019	1363.33792199
-7915.38548535	1.07121612525	1211.71697944	4.10182629746	4.07836051092	4.72778642462	2031.14813531
-7463.96824169	0.939856565485	-94.1514320696	3.73133618019	-0.393271163151	-2.30440442401	1707.02829913
-7180.76265188	0.990350987286	834.230374363	3.79163713199	2.5675895871	2.59271882968	2369.05639301
-6699.51934884	1.17869110732	-77.8866515404	3.43939418404	-0.29605309179	-2.32224455518	1613.43023795
-6491.27746864	0.986878328982	541.83891546	3.51452086136	1.60903981741	1.09126656063	2600.97554081
-5994.73902257	1.04813690666	-62.1770082388	3.18978451776	-0.226162240713	-2.39674405915	1771.78512064
-5839.53057627	1.04221805949	333.398496581	3.24284358616	0.996022844243	-0.00777403194814	2422.61587368
-5345.74832967	1.15715900332	-37.7776564819	2.96391622669	-0.137193389614	-2.44512312035	1811.96245392
-5222.94794109	1.09519318839	201.392047828	2.91678220451	0.624054214468	-0.808335451648	2545.20940688