U (kJ/mol)	 dU (kJ/mol)	 P (bar)	 dP (bar)	 Z	 Z-1/rho (ml/gm)	 Neff
-1083.78915841	1.15484120654	57.0708685178	0.51734112816	0.732874037974	-2.87178887797	1886.21786635
-2063.98213093	2.04947306948	90.8818936056	1.56802504018	0.583528706761	-2.23867724468	914.772825009
-2994.81237591	2.38847538689	132.558645373	3.25290308382	0.567416103509	-1.55019204037	490.477840633
-3969.38707371	2.68954391886	247.378639813	5.96043412182	0.794176554835	-0.553186104722	338.611721837
-5048.7847596	5.21923623485	605.356330753	22.7561624321	1.55473343979	1.19275364388	63.8056721116
-5585.80499746	9.31938000864	1082.52547569	23.7120082342	2.52749492657	2.98575039181	85.9431814829
-6081.36456696	4.74328400682	1839.81368668	24.9573621626	3.93765308714	5.26363382011	67.2163094988
-6534.43279071	7.99535860939	3003.71190846	26.1702017488	5.93416712808	8.16087841295	84.7377430754
-6893.88511909	13.2277863264	4755.35590561	69.3537534264	8.7236823154	11.862132544	33.2512610535
-8231.67347408	5.45792794235	246.778084349	22.9676625848	1.21087213742	0.323860192818	2.04206243111
-7803.81264306	8.71921542795	1747.81875762	24.3414635956	5.88275572782	7.49900025123	28.7619715039
-7408.76991077	9.14890113937	194.639410014	17.910639289	0.813010120916	-0.309272391479	20.2064204199
-7109.46980448	7.36649912975	1146.12817836	24.4106318149	3.52754690633	4.18044270699	29.8765470912
-6667.34441285	11.4014379765	56.1880906951	18.4770496218	0.213575210169	-1.40910175502	15.7891845969
-6440.96502864	6.61724602812	730.450316064	19.5051965122	2.16913848314	2.09484124835	59.7778691783
-5954.06949412	9.02355326709	58.1561465339	15.4715805168	0.211536784801	-1.54118636518	23.0551246018
-5793.54552054	4.59706410557	483.504628942	17.9750377826	1.44446258955	0.868778238025	98.3598363133
-5300.4590984	3.58319746323	25.2724844516	10.6059236896	0.0917795895453	-1.95279953635	135.443108311
-5181.91091869	3.76292790057	284.067695696	10.245103785	0.880241521972	-0.257497296553	128.543789953