U (kJ/mol)	 dU (kJ/mol)	 P (bar)	 dP (bar)	 Z	 Z-1/rho (ml/gm)	 Neff
-1026.11365457	0.983307537367	58.8213211109	0.55670974266	0.755352428323	-2.63013063214	1618.00605761
-1962.89153179	1.80369777459	97.8480149438	1.65984883539	0.628256337474	-1.99825075981	781.278289393
-2864.23947823	2.40375996804	149.171485267	4.61799328221	0.638527217044	-1.29536082017	335.688827215
-3811.78402412	2.62477820984	282.681569289	6.48641324279	0.90751196216	-0.248577596906	280.903047962
-4852.64067323	4.90702103179	658.314359582	35.3700513419	1.69074526314	1.48519788157	21.194317824
-5365.34925254	12.0629837805	1167.23368237	29.4372618022	2.72527277791	3.37234106838	59.0305326547
-5832.29192721	5.52802607894	1952.63820896	35.1781750189	4.17912527081	5.6962993238	38.7263974603
-6253.38749095	7.31087447109	3151.87149549	26.5291572598	6.22687287944	8.64499984331	70.5591344673
-6576.07958117	13.2743515362	4940.64863907	68.1277207421	9.06360112993	12.3841843151	33.492136539
-7916.10982021	4.93643742083	462.183168995	27.3075967516	2.26780560031	1.94711245969	2.8152866668
-7487.5955133	8.88241670498	1943.40318682	23.671214708	6.54104790836	8.51001401117	29.358925633
-7123.92220238	8.07934259181	348.520962232	19.9407663154	1.45577439649	0.753829235395	23.4058637487
-6828.94553927	7.04102109311	1298.52110462	23.7938026333	3.99658100366	4.95620285869	23.2007731078
-6416.05027408	9.88597320617	180.333364384	18.4033859128	0.685460846281	-0.56358558283	11.1048668708
-6191.24754966	6.5821167154	851.467938795	19.1739091909	2.52851129308	2.7387589678	48.257997148
-5734.84280965	13.7769140466	147.941189068	16.1637293605	0.538120307831	-0.902822947479	9.32965926116
-5570.58118591	5.47971559316	567.579089181	26.8404442083	1.69563373721	1.35973525497	59.5004093098
-5100.43917665	4.34966288411	86.2204709817	12.9522458433	0.313118381861	-1.47689051027	85.1753476079
-4982.8187089	3.72963840359	358.211205449	11.3907632553	1.10999026447	0.236494285948	96.8317061797