U (kJ/mol)	 dU (kJ/mol)	 P (bar)	 dP (bar)	 Z	 Z-1/rho (ml/gm)	 Neff
-1091.73668491	1.19588996157	56.8853786426	0.41264102347	0.730492074682	-2.8973966311	2874.23200497
-2066.90818052	1.39515637504	88.8091605621	1.12321337081	0.570220233705	-2.31021489032	2088.36775897
-2987.08228318	1.40010209443	122.968690866	1.81579297733	0.526366388464	-1.6972963178	2015.36671427
-3945.97028838	1.15327644527	221.086455007	2.41489793556	0.709768956978	-0.780046121716	2393.33748913
-4993.37792366	1.122294494	540.952062082	3.1234699562	1.38932429961	0.837101107866	2782.06360691
-5534.54928622	1.06132813192	903.801892182	3.45145557075	2.11020871878	2.17009304544	2970.80733718
-6063.08019574	1.17309908736	1511.08872439	3.8552555891	3.23410094381	4.00302177847	3038.4327959
-6552.52322368	1.31889169727	2483.20849448	4.45084833034	4.90585471215	6.46009844765	2995.97264703
-6961.3178904	1.46721063666	3984.14776743	5.01617028921	7.30890392024	9.68929733948	2914.49267982
-8168.23649085	0.908779555445	-198.600575911	4.01073001395	-0.974478363752	-3.03242975303	1369.61403715
-7798.73341721	1.04433519643	1095.29348479	4.00467488159	3.68650581943	4.1259708529	1975.3995667
-7346.61860907	1.07177095166	-138.19153654	3.7854564161	-0.577226974866	-2.60865861196	1520.44854225
-7067.82083628	1.0345550324	775.16229428	3.73698948865	2.38579018012	2.29203123288	2166.05838892
-6593.61004186	1.06009414643	-104.411568633	3.76509098793	-0.396876320925	-2.50289779877	1492.94454763
-6386.21975609	1.00047766681	509.806847885	3.50255871243	1.51391768666	0.92082844231	2277.41567111
-5897.34032315	1.02461888857	-68.3719307871	3.4403068344	-0.248695611235	-2.44078939029	1716.19320099
-5742.69539047	1.03736834331	324.575135847	3.47671038796	0.969663190721	-0.0592984884036	2296.49128301
-5261.60196056	1.49068998043	-41.985993316	3.43494419909	-0.152476391491	-2.47798368882	1350.60616807
-5137.80515625	1.10340011452	205.086523862	3.12946832883	0.635502299755	-0.783720484418	2191.80585308