U (kJ/mol)	 dU (kJ/mol)	 P (bar)	 dP (bar)	 Z	 Z-1/rho (ml/gm)	 Neff
-1032.07784817	0.75486307112	58.6982029132	0.381185307697	0.753771409268	-2.64712768067	3336.25694924
-1972.78962405	1.14907149423	95.1596383205	1.03768593744	0.61099497911	-2.09103653114	2194.83675978
-2875.0471119	1.28907279168	144.026086963	1.97482938989	0.616502385329	-1.37428821227	1625.04607775
-3823.54681458	1.33415462408	269.460441717	3.42049841338	0.865067272701	-0.362655040364	1281.29720604
-4853.34250522	2.14062219244	677.069013474	6.38814107949	1.73891274084	1.58876462266	871.803880912
-5371.31393096	2.52125864758	1125.92987359	7.35164934874	2.62883609398	3.18383905649	833.026071456
-5864.6601694	2.36814059055	1852.06006535	8.68909508517	3.96386334481	5.31059688709	719.984054741
-6300.82292049	3.05829351797	2997.02553883	10.7138677936	5.92095746081	8.13903024979	679.740921826
-6634.82485816	3.75280535838	4752.75254254	14.4418381393	8.71890645575	11.8547977162	526.799568105
-7940.17817698	3.25525954067	317.745139748	12.3173821286	1.5590879455	0.858654595365	154.192050642
-7535.15119382	2.58592395802	1719.24716557	8.90510028282	5.7865903239	7.35130816332	429.035507635
-7149.83056719	1.96870620762	225.520600988	7.34888168335	0.94200106271	-0.0959274915137	432.578024863
-6858.01556151	2.40863880665	1182.79909421	8.66592275346	3.64041244633	4.36711695718	455.619230948
-6419.71484646	2.52665277162	140.236016916	7.69814066356	0.533047776058	-0.836676573241	414.320850235
-6209.62331813	2.21479906609	777.940731425	7.71520493445	2.31016558009	2.3475310572	586.580540176
-5738.41653875	1.76245576861	99.9838025743	5.24899258866	0.363680425703	-1.243795567	651.017418056
-5584.95798224	1.91536339275	519.664533527	6.21416915417	1.55248974439	1.07993580999	771.453381614
-5108.79134283	1.62354963795	61.7375831613	4.85215551753	0.224206292535	-1.66806380346	806.387152201
-4995.67061482	1.63196499934	322.599024132	5.09674693832	0.999638678709	-0.000776890765643	847.844733246