U (kJ/mol)	 dU (kJ/mol)	 P (bar)	 dP (bar)	 Z	 Z-1/rho (ml/gm)	 Neff
-981.141029933	0.656310093341	59.7019843225	0.328504121716	0.766661441499	-2.50855091741	4497.02369452
-1877.88253717	0.8926056105	100.497113418	0.837638914767	0.645265501188	-1.90682062194	3623.2934835
-2742.23627601	0.947173092283	152.778961441	1.5019656702	0.653968986748	-1.24002425152	3117.61026166
-3645.6062023	0.978532430245	279.098098823	2.27587071173	0.896007702006	-0.279497285658	2768.85060882
-4622.1954997	1.1212464438	642.161102053	3.30679629277	1.64925893787	1.39599654253	2462.74484246
-5120.70317327	1.21927984603	1027.40901506	3.84159902155	2.39880827877	2.73421030326	2270.0438237
-5601.91591901	1.41655595221	1659.56826083	4.60508782868	3.55188361349	4.57241903469	2179.91430462
-6040.96531646	1.62084823742	2647.0307607	5.45576737468	5.22950382922	6.99539873729	2034.23010747
-6398.57231255	1.89545466827	4152.69523341	6.57423799788	7.61810360528	10.1641702688	1920.79931033
-7589.04913476	0.850348470919	44.1807661339	3.54693955019	0.216782859234	-1.2028751514	1671.27226219
-7224.73973499	1.18529329652	1313.26526913	4.39640494091	4.42014868558	5.25270918352	1761.66634445
-6822.59573781	0.916751765222	67.3225577276	3.49204053597	0.281206775105	-1.18884990317	1826.71345049
-6551.3083599	1.15282563815	957.412221576	4.21108595465	2.94671798849	3.21977922434	1912.80297063
-6121.21511246	0.927193319471	59.2166556591	3.41421916509	0.225087016153	-1.38847510868	1981.19947716
-5919.93103526	1.08903426512	668.792522595	3.76700398463	1.98604007158	1.76676881673	2059.15188414
-5469.79656941	0.953777035599	61.6369760533	3.12679928702	0.224197931195	-1.51643798655	2122.84954434
-5324.0648694	1.04115829549	448.189802648	3.32045212297	1.33896009302	0.662555543021	2216.65234913
-4873.42039087	0.93322216507	58.672952628	2.73627065247	0.213076776045	-1.6919938037	2286.96846862
-4759.65365545	0.98416660949	305.050308641	2.91305347573	0.945260415123	-0.117697680803	2371.43397742