U (kJ/mol)	 dU (kJ/mol)	 P (bar)	 dP (bar)	 Z	 Z-1/rho (ml/gm)	 Neff
-1116.07731847	1.64927597104	56.2544518125	0.636331794931	0.722390044598	-2.98449905913	1275.0693823
-2120.25636105	2.85292359152	88.1159301468	2.01748837103	0.565769183758	-2.33414082325	548.453398426
-3067.77068495	3.27684717824	125.799917837	3.85834296256	0.538485430357	-1.65386695663	245.513634674
-4057.64265134	3.77168740982	234.152687422	7.80690851124	0.751716375929	-0.667305178747	169.614855916
-5161.89032792	6.60248742804	564.265220782	30.1548458332	1.44919936092	0.965840773499	27.417505797
-5715.04614154	12.8015359854	1050.94595606	33.9516419049	2.45376264271	2.84162801759	34.1201939143
-6206.92982392	6.01518228638	1832.81710486	33.435030942	3.92267868391	5.23680295448	33.543585205
-6674.36921252	10.7931483658	2998.67723731	33.0089683938	5.92422057496	8.14442728584	44.2690858794
-7050.16794735	17.322940648	4729.73027131	98.1842161231	8.67667218677	11.7899337723	13.2847379653
-8394.56511042	2.74059914303	224.637665058	12.2396046933	1.10223519382	0.157014150798	1.31926016173
-7966.8174541	10.4966386037	1737.74570512	27.7108909527	5.84885215113	7.44693069373	12.4847509746
-7564.68308331	11.6569188616	170.648305883	18.7828568072	0.712799118073	-0.47501663739	7.07570431772
-7256.27126978	9.44745251748	1124.23245838	32.2868555433	3.46015638167	4.06898197537	15.1762757185
-6807.63846619	15.3008249534	19.3359750681	17.9905987865	0.0734975132255	-1.66009044606	8.72143753986
-6577.69429483	8.69334314265	701.479308795	24.7068876682	2.08310644868	1.94069060062	29.5214908515
-6082.80626971	11.4220113272	28.0062524875	19.5324806343	0.101869758549	-1.75554934663	7.91412341714
-5916.7092419	5.65834495798	457.866938273	22.1914591525	1.3678703858	0.719065660668	49.9658451332
-5413.25811558	4.14315623891	5.05760143439	12.9409528875	0.0183671923756	-2.110646347	74.9680617547
-5291.48488566	5.08510275155	260.230969801	12.4491906379	0.806378579448	-0.416312842048	64.8924550818