U (kJ/mol)	 dU (kJ/mol)	 P (bar)	 dP (bar)	 Z	 Z-1/rho (ml/gm)	 Neff
-1089.10649234	0.852983046893	56.9108298897	0.334367916316	0.730818906192	-2.89388296627	4180.73115824
-2071.17333667	1.29033930752	87.968719002	0.869823851255	0.564823979763	-2.33922162164	3068.67158424
-2997.85595043	1.20188903106	126.04014	1.49861091995	0.539513699188	-1.65018208955	2865.95854931
-3968.60423869	1.03317784752	235.562276425	2.18283713876	0.756241675845	-0.655142652602	2889.95146981
-5029.64784777	1.08462562455	605.78915734	3.19896555842	1.555845066	1.19514379404	2685.87019959
-5574.30395079	1.19436742235	1012.5764774	3.69752304957	2.3641770719	2.66651767942	2598.97797038
-6097.7688596	1.36386707244	1690.52085258	4.43558752171	3.61812976075	4.69111768659	2443.9846175
-6569.46642313	1.54124248305	2776.05516189	5.26335316168	5.4844058916	7.41699465903	2336.40358929
-6943.43989904	1.78662062277	4459.22229484	6.14349812597	8.18042633319	11.0277928854	2177.73677073
-8223.98092531	0.855836815235	78.2949414932	3.42015863319	0.384171728236	-0.945797132214	1725.52720523
-7829.50915545	1.11909868374	1442.20193673	4.18344400621	4.85411983765	5.91920776748	1976.72922307
-7403.5014455	0.883584853587	39.5754662871	3.47417968697	0.165306988081	-1.38054265403	1954.5380317
-7112.54707669	1.103129058	992.385246142	4.0700015278	3.05435776818	3.39781031482	2129.61613203
-6644.48904062	0.969205041929	10.7230874313	3.38930682789	0.040759271644	-1.71875023689	2024.37718122
-6436.13329378	1.05521711494	638.868047618	3.53890220986	1.89717662826	1.60754490167	2274.04374295
-5942.64295489	0.997869122261	-1.81814817641	3.03194833477	-0.00661332021553	-1.96759809997	2141.61012354
-5788.67530402	1.00065244934	401.385959544	3.18592149067	1.19913433673	0.389242159547	2451.05990815
-5295.8396543	1.05199619535	-3.08873522421	2.70017461646	-0.0112170551192	-2.17425657215	2175.33785172
-5177.01862763	1.04671410518	247.154888703	2.79651294146	0.765859683065	-0.50343407513	2503.47495584