U (kJ/mol)	 dU (kJ/mol)	 P (bar)	 dP (bar)	 Z	 Z-1/rho (ml/gm)	 Neff
-1076.49134901	1.35987010977	57.1169249271	0.698246615983	0.733465470127	-2.8654305732	1046.50007724
-2052.19687199	2.84177030764	95.4988208903	2.33721682507	0.613172781073	-2.07933009236	377.694782899
-2981.7039747	4.03977138298	137.628612305	6.78195637403	0.589118051907	-1.47242172127	86.0324787936
-3954.4292939	4.23755858423	272.358189269	9.59745873485	0.874370109716	-0.33765205702	93.2212649651
-5029.23259367	6.15167995222	588.576509842	44.8451284629	1.51163791512	1.1000923035	3.92584996579
-5581.82811608	20.8235250159	1121.90280601	55.6285586728	2.61943364287	3.16546035578	8.58508119774
-6027.37634551	8.61003577754	1990.91369018	63.0418422858	4.26104419982	5.84308018336	10.57425576
-6468.16694852	11.6606359523	3215.9274004	41.131069762	6.35342244773	8.85430682729	22.6125958743
-6818.37985433	19.4555656705	4952.28001567	116.693941712	9.08493884604	12.4169550592	5.9215040307
-8173.62701054	2.70521934163	486.278657184	15.8420218871	2.38603552888	2.12869153377	1.35758421126
-7746.40174454	11.1632025904	1989.85167004	27.0881691882	6.6973828141	8.75011520868	6.47194770327
-7374.76306289	12.1546549365	354.726104587	18.8007910007	1.48169331772	0.796697901829	4.15443382899
-7059.886843	11.0817238233	1318.68890939	38.8319965446	4.05865336055	5.05886759303	7.94995721823
-6634.76251567	15.646997624	170.601156242	20.3530439578	0.648467982249	-0.629868729425	5.46817134163
-6409.57040764	10.4912957659	847.362049543	29.294474817	2.51631848244	2.7169121096	14.162470339
-5950.60594676	10.8277818548	124.181375977	11.5733994016	0.451696520005	-1.07175303941	1.74049695471
-5768.29123996	7.10622632019	539.729219407	39.8199802176	1.61243268265	1.19710454705	18.7417323509
-5285.83033012	4.67876730327	64.0619817521	19.5184614793	0.232647581678	-1.64991386393	25.6538212081
-5158.66829304	6.30863857537	342.653535594	14.5045448679	1.06178166068	0.132839118059	32.570566032