U (kJ/mol)	 dU (kJ/mol)	 P (bar)	 dP (bar)	 Z	 Z-1/rho (ml/gm)	 Neff
-1006.64628244	0.617617794385	59.4735931231	0.306104864215	0.763728561995	-2.54008140092	4898.81055654
-1927.38367488	0.840004180742	97.6698597635	0.79677357027	0.627112449975	-2.00439955075	3871.99805112
-2813.91816603	0.890512483786	149.490922956	1.36053105114	0.639894567232	-1.29046083338	3396.88917527
-3747.10884848	0.861831834296	281.804471128	2.1472672781	0.90469615399	-0.256145568341	3125.06990592
-4752.77233172	1.01832851383	695.850234332	3.03936146877	1.78714845032	1.69247807156	2940.31165883
-5263.2648404	1.11300872727	1130.08747876	3.56087970104	2.63854332603	3.20281350373	2882.76050909
-5748.56153636	1.28851990593	1839.16114381	4.23618822723	3.93625648516	5.26113141387	2746.48383908
-6178.22606401	1.4744802433	2960.46684385	4.91682950756	5.84873169063	8.01957225143	2667.29682621
-6505.11587565	1.63337950702	4683.00480495	5.5868624289	8.59095449653	11.65828742	2549.69027624
-7788.69258288	0.79841996064	316.150321241	3.24475828461	1.55126261004	0.846636342587	2091.24330868
-7393.66397722	1.05338748058	1674.80604043	3.86569908866	5.63701172352	7.12158338815	2285.55608331
-7013.60691473	0.834117448141	225.640196987	3.18280363288	0.942500616	-0.0951012540639	2250.85770298
-6722.80003762	1.03481303103	1180.6347216	3.81080517968	3.63375095239	4.35609916213	2427.77833534
-6293.18828721	0.850201284386	158.693308325	3.08970341611	0.603205345804	-0.710969505082	2405.48948129
-6087.22643785	1.00102963431	790.336922798	3.43355566126	2.34697719501	2.4134894449	2556.145109
-5626.12993185	0.840505673822	110.86277321	2.83924233674	0.403251521922	-1.16644708355	2518.92873156
-5476.39896389	0.913393072922	519.300034622	2.93592560431	1.55140080955	1.0778073004	2697.96995263
-5007.89420584	0.831959997612	79.066282941	2.59429422882	0.287137222661	-1.53275359708	2620.37829917
-4895.72852618	0.889241068222	336.957482341	2.76800729609	1.04413128135	0.0948883605337	2822.12689722