U (kJ/mol)	 dU (kJ/mol)	 P (bar)	 dP (bar)	 Z	 Z-1/rho (ml/gm)	 Neff
-1063.61468807	1.05938504976	57.3654054551	0.4271404788	0.736656326209	-2.83112666302	2668.98515537
-2018.85780515	1.34556782263	91.2447236812	1.20337972991	0.585858343132	-2.22615464345	1776.59336256
-2924.4343166	1.55345461658	129.884021207	2.05782439457	0.555967398536	-1.59121920635	1531.22623589
-3867.09265203	1.4452378616	233.477284157	3.79255112329	0.749548082666	-0.673132841886	1606.07748727
-4894.59341987	1.24395959768	555.234231874	3.87692395208	1.42600512022	0.915969947015	1871.56708293
-5425.23824103	1.32896480148	914.792860675	4.27556788605	2.13587057869	2.22025354479	1873.57236187
-5943.39095714	1.40577231598	1514.37192956	4.72344236242	3.24112780912	4.01561238899	1977.6157266
-6423.14356472	1.57751011993	2470.08636924	5.42527311118	4.87993049353	6.41722101957	1964.51282035
-6824.75558058	1.82310865824	3938.58610445	6.39520636906	7.22532122287	9.56092993722	2029.41433219
-8015.5471459	1.06779419675	-186.354869357	4.41269003594	-0.914392052165	-2.94014840807	1013.31010669
-7650.61890819	1.25212778065	1087.59879697	4.82600873725	3.66060727095	4.08619552267	1447.12232472
-7206.89764765	1.11678095154	-120.249706014	4.47998567939	-0.502283828437	-2.48470620216	1086.01216596
-6932.99122129	1.25143642916	775.996961491	4.71604705287	2.3883591142	2.29628012801	1501.63143278
-6465.59960572	1.30581133976	-76.8918895177	5.46464737373	-0.292271925613	-2.31546952982	1100.89155086
-6262.51471954	1.21294961109	523.112714113	4.46973144388	1.55343066359	0.99162708174	1434.17297552
-5783.16082964	1.27143509139	-48.5157447281	4.20377737989	-0.176470850695	-2.29961372854	1100.57518523
-5630.93165434	1.20935833201	341.038065852	4.65486527223	1.01884593911	0.036837615032	1446.90293454
-5158.51360518	1.83669283598	-26.6443621204	3.83286711086	-0.0967617023878	-2.35818939902	1063.84611112
-5037.47244449	1.31951654517	219.66028792	3.63009496878	0.68066207135	-0.686620727555	1456.81953991