U (kJ/mol)	 dU (kJ/mol)	 P (bar)	 dP (bar)	 Z	 Z-1/rho (ml/gm)	 Neff
-987.698802974	0.509959820393	59.757152388	0.248080179445	0.767369880743	-2.50093470547	7277.20302497
-1891.54913321	0.666724934371	100.510955808	0.612950549166	0.645354379523	-1.90634287015	6587.23226038
-2763.91892869	0.671786137788	152.407542969	1.04801201421	0.652379133279	-1.24572159304	6044.00622622
-3680.14025381	0.677454368541	286.637982794	1.5968829142	0.920213506842	-0.214439998922	5506.83277837
-4667.99938055	0.776550457939	677.835034539	2.31381397228	1.74088010866	1.59299473566	4917.59696649
-5171.02159564	0.888078128326	1092.08973872	2.84618700657	2.5498256955	3.02939970346	4566.59708199
-5649.80744101	1.04773524459	1770.74997692	3.37395100125	3.78983978848	4.99878461743	4193.02931947
-6080.6149384	1.23795473068	2832.14758945	4.11229029381	5.5952227242	7.60028044435	3868.54486475
-6418.5814198	1.41598791292	4453.077627	4.90540571629	8.16915396341	11.0104806321	3524.41466844
-7659.62265284	0.713146568075	202.646097538	2.87689427261	0.9943286249	-0.00871017222058	2583.75600622
-7278.74238494	0.932071716997	1524.56676913	3.43456459755	5.13134090958	6.34496752363	2936.56189544
-6892.12806792	0.707152659703	163.604875278	2.74587317285	0.683378661201	-0.523676677708	3010.37538729
-6609.66456463	0.887286129878	1088.64340734	3.22743586657	3.35062059912	3.88781498608	3362.05662982
-6182.60508546	0.699748641576	125.702368806	2.555901925	0.477804273187	-0.935660885353	3449.44473194
-5978.32335086	0.827107758275	747.89908246	2.89631425144	2.22095417798	2.18768367585	3783.36339323
-5526.39884899	0.674582645519	97.0176892628	2.31764446726	0.352891504658	-1.2648843606	3903.04373711
-5378.26794524	0.785594121504	496.079750908	2.56580127516	1.48203057164	0.942211291899	4208.95316527
-4920.86087163	0.66595429572	78.879337204	1.98116784135	0.286458310264	-1.53421335267	4294.67474288
-4807.8478896	0.725693684257	327.127023864	2.17958808461	1.01366960667	0.0293915455587	4587.33746514