U (kJ/mol)	 dU (kJ/mol)	 P (bar)	 dP (bar)	 Z	 Z-1/rho (ml/gm)	 Neff
-1176.92891281	4.32362942656	55.8555634639	1.53476969057	0.717267730493	-3.03956747916	265.573651737
-2222.09408502	5.08351364062	91.9520279951	4.57939017306	0.590399757876	-2.20174296847	87.4329442101
-3201.65008794	5.13027758595	122.289755819	7.57809178206	0.523460213032	-1.70771078321	10.3528769654
-4224.3477283	6.82624313675	262.961492087	17.2472511829	0.844203250524	-0.418730708263	16.2203263933
-5339.74420797	8.93555522397	532.815327206	32.921573143	1.36842676677	0.792168521048	1.75221057262
-5960.03245156	14.0434870851	1071.64300179	59.4585328396	2.50208638128	2.93608503926	2.52406935531
-6392.6775601	11.1981074059	2063.33850785	81.6309287221	4.41605109477	6.12081874215	5.21647315488
-6867.26674266	18.0687698812	3356.79460407	58.5887127059	6.63172128427	9.31459990382	10.1089287972
-7259.19969707	12.7042291134	5041.14593004	94.5886489571	9.24796302782	12.6673297346	1.88226591627
-8662.6211187	0.409252360657	496.789894122	2.16019246524	2.43761127545	2.20790224143	1.03299911416
-8224.07626627	7.11351553281	2061.16082572	18.0750587396	6.93739302236	9.11872603264	2.99706480273
-7832.60020149	5.89525209785	365.625551877	9.78428176193	1.52722038214	0.871997507135	1.45717726479
-7495.725285	12.2925624655	1329.78777781	51.1939580482	4.09281339577	5.11536667115	3.2388419986
-7038.48783237	20.9443667283	151.644100303	20.3665838105	0.576410769477	-0.758979543698	3.92481278387
-6811.83575633	15.3044159866	842.02281414	40.9408868631	2.50046313852	2.68850279031	4.93823301106
-6321.25022232	1.97560630246	91.1247177383	2.88866071001	0.331456448804	-1.30678284766	1.08287891794
-6125.32320982	10.3821129078	535.277516053	44.0075302294	1.59913328784	1.17110860259	9.54000707936
-5619.24285936	4.53845261836	43.0679335069	27.1243948672	0.156405566987	-1.81384474374	10.7178151378
-5488.6132483	10.8027123072	311.993746904	16.0609938007	0.96677607057	-0.0714360448624	9.89558044297