U (kJ/mol)	 dU (kJ/mol)	 P (bar)	 dP (bar)	 Z	 Z-1/rho (ml/gm)	 Neff
-1065.56670229	0.790294585278	57.5660681576	0.308384097492	0.739233130957	-2.80342422945	4977.54197167
-2024.45603859	0.989946359218	91.5705858038	0.789213953384	0.587950618012	-2.21490794232	4039.35643902
-2932.97857018	0.954736902353	129.841842457	1.33612469371	0.55578685277	-1.59186620365	3861.42291422
-3882.98547037	0.857197733984	237.201274997	1.86936723227	0.761503464981	-0.641000684307	3965.77953143
-4917.16254204	0.910095636285	575.478683096	2.62596999568	1.47799883646	1.02776363035	3983.66834637
-5450.14636573	0.945846852703	951.807786107	3.07838193612	2.22229352054	2.38918198312	3904.71978264
-5966.36042619	1.08145577479	1580.46792065	3.51505526654	3.38258946105	4.26908082563	3746.59681705
-6440.52443798	1.23698079777	2580.85000566	4.16928465136	5.09875638304	6.77914866239	3557.9118919
-6831.61938729	1.4021353692	4118.92149403	4.87752035613	7.55614580889	10.069014673	3340.69195605
-8049.49562099	0.765728963209	-91.5991977199	3.18913435657	-0.449452051716	-2.22608746082	2029.97293615
-7676.76876724	0.926066275989	1212.07319399	3.56809817176	4.07955944711	4.72962776654	2561.72462465
-7241.22450186	0.811764947217	-60.6723340908	3.08364044646	-0.253428746377	-2.07311169909	2334.74846393
-6960.88057135	0.928673801438	859.055362188	3.41799434624	2.64399579599	2.71909107539	2881.65721118
-6497.1558398	0.830366563763	-45.8758912647	2.93643896053	-0.174377755096	-2.10422888134	2593.65706625
-6291.53366387	0.887174689888	572.493716778	3.09024901452	1.70007203106	1.25437643926	3178.46044195
-5810.98669578	0.829904614351	-27.4841109941	2.6878913159	-0.0999705245156	-2.15008074163	2797.03330576
-5657.93312391	0.868147562172	368.181958024	2.87340681857	1.09993789651	0.19534573142	3356.0394915
-5181.24671777	0.874395719273	-11.1922403944	2.40589190192	-0.0406457557211	-2.23753234995	2878.17117141
-5060.37324464	0.858663732392	235.502449231	2.50752148525	0.72975222977	-0.581070095243	3439.72061805