U (kJ/mol)	 dU (kJ/mol)	 P (bar)	 dP (bar)	 Z	 Z-1/rho (ml/gm)	 Neff
-1011.00976164	0.532213272269	59.0038324552	0.252378881593	0.757696142891	-2.60493407926	7234.70674316
-1931.24230485	0.676546145828	97.7253414065	0.613600773118	0.627468682995	-2.00248467506	6560.32087728
-2813.85628194	0.678724587323	144.645381249	1.06151741438	0.619153269015	-1.36478860116	5999.45892127
-3738.87557075	0.688533645165	268.657023124	1.61719643855	0.862488003081	-0.369587273537	5464.76765801
-4739.74909061	0.793319774357	635.986783459	2.34703512303	1.63340146831	1.36190078907	4889.99551173
-5252.11070667	0.887479237107	1032.0115368	2.8757129048	2.40955430796	2.75521525739	4541.92181126
-5743.37281414	1.03915545633	1684.91183342	3.35001736388	3.60612508236	4.66960792036	4250.56933728
-6189.58180247	1.19809267152	2713.15739807	4.00966364512	5.36014435991	7.21147197907	3917.43738512
-6549.57322765	1.37560879977	4284.68331572	4.75943450064	7.86023524008	10.5360392075	3615.40524725
-7772.44639017	0.705403115723	73.3369428748	2.82587396374	0.359844193641	-0.983159678737	2692.5318529
-7398.63348427	0.872081490749	1376.56244145	3.29144915502	4.63319240158	5.57990451518	3061.89611744
-6992.5401908	0.71200092055	67.4605124097	2.74264807935	0.281783012738	-1.18789683345	3161.41705095
-6712.51504073	0.860655958275	986.539546692	3.17860404505	3.03636590706	3.36805262985	3490.88715468
-6272.1419241	0.691764793768	55.1273074351	2.5079706374	0.209543092243	-1.4163264312	3639.90476868
-6068.94353914	0.824398008164	674.15960925	2.85752262908	2.00197812233	1.79532632862	3905.93631075
-5607.58755121	0.683325099296	47.8346815913	2.30110400416	0.173993556122	-1.61457103428	4042.41679979
-5457.95706954	0.759343943884	445.827134827	2.52591457012	1.3319016595	0.648758626072	4259.14207692
-4996.0918357	0.675434312101	44.3860079585	1.98295393673	0.161192287991	-1.80355263133	4432.1695475
-4879.80344217	0.723060514859	293.00255698	2.17487214059	0.907928006619	-0.19796752409	4618.77974121