U (kJ/mol)	 dU (kJ/mol)	 P (bar)	 dP (bar)	 Z	 Z-1/rho (ml/gm)	 Neff
-1141.06156118	1.84401071071	55.6664834511	0.602952263332	0.714839664545	-3.06567086773	1370.87776452
-2162.84548291	3.24810739224	82.7559695568	1.83492305336	0.531354288257	-2.51913278953	731.580926272
-3119.32195924	2.94775268478	115.825028971	3.02713554868	0.495788007206	-1.80687590137	489.019270556
-4116.05838033	2.912641936	212.024937695	5.72809757523	0.680678148626	-0.858232700229	443.043012522
-5226.09506074	5.06011192513	557.52814082	13.1577930167	1.43189655434	0.928637345479	235.491854839
-5787.51812644	6.29737847718	990.307410924	14.161829331	2.31218295832	2.56488628132	165.078341494
-6316.23294073	3.72795858308	1710.73435121	15.5914420743	3.6613916116	4.76863349071	157.939139371
-6800.27648499	6.68348989981	2827.73971174	21.9500570372	5.58651447127	7.58587740702	162.472436025
-7195.88337559	9.78964944904	4542.10496347	49.256126145	8.33247427344	11.2613101051	68.1685546382
-8521.29756485	9.26428101614	24.3607709773	36.7731393962	0.119531598198	-1.3522349129	3.35079511272
-8099.58908088	6.57312298744	1510.3675982	20.6498912875	5.08354976778	6.27156926159	60.0361055725
-7668.52222763	6.93106076824	22.1538039785	14.8557907528	0.0925365877854	-1.50090144477	40.6669554449
-7368.81291505	5.52576031506	978.369012486	18.4825144179	3.01121868252	3.32646031313	75.6654709298
-6891.82744387	7.73858617234	-49.4412720491	17.3247401542	-0.187930038879	-2.128511619	62.3536319217
-6668.77768096	5.02402688022	609.948052363	15.9535445522	1.8112960786	1.45366568168	141.953160208
-6160.47388506	6.81429241511	-35.8749462935	9.96462426943	-0.130491293632	-2.20973881104	127.617280692
-6000.41704479	4.35749792073	384.34878026	12.4626685679	1.14823602752	0.289752698721	192.237608226
-5486.42692089	2.80622655164	-27.7726596451	7.03095220635	-0.100859229241	-2.36699964866	294.109361363
-5365.61005246	2.96859270031	215.153126617	8.53695959571	0.666695715493	-0.716650324918	263.173154623