U (kJ/mol)	 dU (kJ/mol)	 P (bar)	 dP (bar)	 Z	 Z-1/rho (ml/gm)	 Neff
-1059.64629511	0.799699032157	57.8042818903	0.367025632564	0.742292146262	-2.77053769883	3604.0806377
-2020.88965032	1.2147765873	91.7893505993	0.972308878524	0.589355249156	-2.20735756411	2483.0602591
-2936.65105207	1.29814788343	135.65434756	1.7801189	0.580667229208	-1.50270578452	1946.20166209
-3897.14396267	1.27181794931	253.455451693	3.00814740248	0.813685359342	-0.500752818688	1616.58219216
-4944.58796659	1.86903849279	646.602110765	5.29839548695	1.66066475689	1.42052063144	1213.27867978
-5474.84133186	2.08974642098	1081.30294447	6.10892460152	2.52464054434	2.98017101298	1099.13295379
-5982.22462306	2.0968422122	1792.72926857	7.29279957439	3.83688086999	5.08307197889	967.142660509
-6433.71004495	2.68195594395	2918.82673957	9.36584687074	5.76646703091	7.88351040588	873.755668233
-6785.35411179	3.32286144239	4653.49017954	12.383498792	8.53681002851	11.5751316363	676.127329855
-8084.09040271	2.14911427062	229.500701088	8.67253431151	1.12609677313	0.193661077088	370.983419542
-7683.29822192	2.20856809653	1616.74713222	7.86233287135	5.44159879908	6.82146565727	584.641696636
-7280.71716839	1.65967465429	149.903615066	5.97130225319	0.626148405409	-0.61833280648	644.28182801
-6988.25040827	2.03584372673	1108.40563502	7.23936462835	3.4114446731	3.98841511969	683.288223882
-6535.63080767	1.82190417204	86.561832167	5.87466298687	0.329028113768	-1.20223532458	752.499533599
-6325.34333614	1.82764379835	722.866925972	6.43307807708	2.14661891827	2.05449109815	852.985532931
-5843.4002651	1.48592060388	56.4049261967	4.41885968034	0.205166907467	-1.55363738116	969.923835327
-5689.47215087	1.67472703207	472.472199606	5.09181596034	1.4115033778	0.804353814943	1043.39334555
-5203.7741034	1.38847816426	33.2238109312	3.94262605901	0.120655637804	-1.89071203754	1137.45516932
-5088.47505931	1.45774101372	290.225005245	4.37401131947	0.899321197737	-0.216473353952	1173.35486791