U (kJ/mol)	 dU (kJ/mol)	 P (bar)	 dP (bar)	 Z	 Z-1/rho (ml/gm)	 Neff
-1041.36635234	0.583032590226	58.2097613638	0.255986697444	0.747499100121	-2.71455934291	7025.8288231
-1984.7784725	0.746020187885	94.2234045878	0.627986361562	0.604983668852	-2.12334940289	6269.6536623
-2883.27336432	0.735883036465	136.985160002	1.08421010494	0.58636376004	-1.48229190221	5780.25883961
-3825.90156669	0.723794258577	254.650332556	1.64206265754	0.817521367044	-0.490442884577	5299.28409432
-4848.32596632	0.804281533387	615.752343889	2.37438997263	1.58143346495	1.25016239197	4787.03838894
-5373.17707135	0.895960616695	1010.83270558	2.88803594819	2.3601056902	2.65855946674	4473.42707985
-5877.33672222	1.05947314073	1665.51403612	3.42511042593	3.56460903269	4.5952202113	4153.49510594
-6336.08431723	1.23413423938	2701.49809499	4.14745140786	5.33711010922	7.17337442089	3820.24286963
-6705.605621	1.41994880989	4290.17354068	4.95195854005	7.87030703688	10.551507605	3483.55681596
-7942.13727618	0.726463092834	38.366333899	2.93006598909	0.188253040605	-1.24669162083	2500.31359768
-7563.00436596	0.932244551298	1358.79102763	3.4757709248	4.57337791225	5.48804063841	2898.11114118
-7145.92439823	0.705375806232	32.5850982807	2.76372592699	0.13610817404	-1.42883610761	2946.53101899
-6863.57255592	0.888261355687	958.142395174	3.28217310316	2.94896531272	3.22349619202	3317.65968646
-6410.9144871	0.727212604428	24.4522668123	2.58712808174	0.0929449276339	-1.62524491967	3339.27958268
-6205.74674428	0.836601545424	645.782753914	2.92854422471	1.91771047593	1.6443370796	3737.13542983
-5733.09017746	0.705420831566	19.4067759897	2.37940481801	0.0705900793104	-1.81669083582	3747.12977659
-5581.88347821	0.802478925381	417.372096916	2.63852867681	1.24689267451	0.482594008544	4077.68994547
-5108.59298233	0.711934647568	22.1801733686	2.06341158422	0.0805495483322	-1.97694567866	4100.7431453
-4990.96006654	0.75082782599	268.037862615	2.23915223495	0.830569824411	-0.364298318476	4440.13290612