U (kJ/mol)	 dU (kJ/mol)	 P (bar)	 dP (bar)	 Z	 Z-1/rho (ml/gm)	 Neff
-1063.79570039	0.800491100076	57.6012597018	0.314269680947	0.739685042236	-2.7985658706	4802.16661198
-2021.11804462	0.99450013672	91.7279518552	0.809618660543	0.588961023988	-2.20947666073	3867.80998803
-2928.55489096	0.969067412224	130.221508315	1.36494661683	0.557412009101	-1.58604235206	3691.35313556
-3876.87577683	0.868232740925	237.357387065	1.90010372941	0.762004642222	-0.639653683796	3825.18663517
-4909.36891746	0.920879603971	574.428282426	2.66539799106	1.47530109801	1.02196311946	3862.15328351
-5441.37636719	0.953843679735	949.349546683	3.10752556517	2.21655399033	2.37796308852	3815.92605384
-5957.22480882	1.08756064106	1574.72982685	3.53793131391	3.37030853124	4.24707607707	3684.83014287
-6431.48836945	1.23609125159	2569.84641359	4.17239435048	5.07701756244	6.74319368413	3505.54587922
-6823.10348252	1.40282235255	4100.55690055	4.84260348401	7.52245603204	10.0172734721	3322.39493506
-8037.38422787	0.76402351481	-99.5704264457	3.2342775655	-0.488564677095	-2.28615714358	2039.49585208
-7666.08346143	0.926468354611	1199.70397166	3.58149178026	4.03792749116	4.66568886288	2551.77883004
-7229.76470712	0.825990245728	-63.9210342775	3.11125067843	-0.266998588843	-2.09555557494	2317.19445933
-6950.32646721	0.932418848097	852.790498016	3.41467159293	2.62471383203	2.6871996215	2852.31923346
-6487.21364969	0.831194899415	-48.7273419578	2.97282552892	-0.185216336253	-2.12364925558	2546.84747576
-6281.55592242	0.891328985393	569.018352696	3.10553646734	1.68975162212	1.23588451665	3132.23664808
-5801.78431401	0.834512454926	-28.0690742766	2.71123650565	-0.102098266111	-2.15423977692	2738.53336167
-5648.91284925	0.868998347651	366.739409489	2.88337076373	1.09562830511	0.186921897075	3291.90976287
-5173.1975897	0.891309439	-11.5481351179	2.44366653685	-0.0419382234922	-2.24031133447	2782.62789605
-5052.36768599	0.866846309488	235.530068471	2.53948568254	0.729837813602	-0.580886078165	3348.7016125