U (kJ/mol)	 dU (kJ/mol)	 P (bar)	 dP (bar)	 Z	 Z-1/rho (ml/gm)	 Neff
-1020.81919844	0.699759343994	59.0636407127	0.353707181535	0.758464169035	-2.59667726691	3803.17228484
-1952.83238275	1.01732865533	96.2095933096	0.949775404633	0.617736463608	-2.05479872031	2670.9068483
-2848.44914511	1.12636268582	146.576966426	1.71888156691	0.627421402198	-1.33515921746	2116.08955814
-3790.7649314	1.12519613875	274.888443472	2.91260999881	0.88249315772	-0.31581996068	1772.45999167
-4809.78002999	1.56115593954	688.57612652	4.59124608224	1.76846639798	1.65230907432	1485.0875975
-5324.28668743	1.74583882019	1132.31552167	5.42204643941	2.64374539035	3.21298182921	1399.38217379
-5814.37964757	1.84645576926	1852.94440725	6.33961486199	3.96575605363	5.31398820864	1306.29653966
-6247.50177762	2.24743586726	2990.89865908	7.70648890205	5.90885312807	8.11901025752	1208.41229317
-6576.5272911	2.57030629701	4740.17737177	9.09695038668	8.69583735281	11.8193678855	1086.23619745
-7873.80873312	1.55403409358	330.368197954	6.34086443698	1.62102581778	0.95377959152	686.403148955
-7474.07912023	1.73826056356	1709.40859187	6.35074026338	5.75347594891	7.30045067215	896.992988841
-7091.60178301	1.29117525294	231.553358814	5.08970183272	0.967199932604	-0.0542497558364	908.431871776
-6799.56164941	1.66847530107	1190.61973585	6.06144718997	3.66448277347	4.40692813665	994.264440952
-6364.90962888	1.44047208018	153.846372225	5.03615135732	0.584781772705	-0.743980531087	983.636243382
-6157.20730464	1.54007950587	787.820544845	5.5220375006	2.33950458238	2.40010015236	1105.17705284
-5690.36442965	1.24866610067	107.276651975	4.10411163352	0.390207388135	-1.19194407663	1174.70159883
-5538.08047873	1.38724891641	523.97819951	4.42814641437	1.56537675469	1.10512567831	1299.27351989
-5065.43498177	1.22235419573	70.1068015325	3.78966484431	0.254599957566	-1.60271321863	1286.29894927
-4952.87679404	1.28589354561	330.95466486	4.06157898553	1.02553033067	0.0548937431085	1390.50654611