U (kJ/mol)	 dU (kJ/mol)	 P (bar)	 dP (bar)	 Z	 Z-1/rho (ml/gm)	 Neff
-1069.72088881	0.843705764992	57.4579146623	0.322326621626	0.737844280728	-2.81835533016	4581.86244008
-2031.21516254	1.04757001591	91.1150996771	0.83414958294	0.585026061536	-2.23062844489	3647.42038982
-2941.52875664	1.01216284318	128.721130571	1.40294509545	0.550989655501	-1.60905726666	3502.02276036
-3892.81151125	0.893272634667	234.437538548	1.93266400309	0.752630852967	-0.664847363557	3687.22496443
-4929.0411882	0.938311000081	569.409109384	2.69444829016	1.46241038262	0.994246297919	3783.35393078
-5463.31180785	0.960208668928	943.14198435	3.12692113786	2.20206049095	2.34963306222	3762.7453635
-5981.58340672	1.0922336836	1567.73324647	3.5547652069	3.35533413109	4.22024521695	3637.94046701
-6458.35240575	1.24400151802	2562.58984145	4.19832358468	5.06268139666	6.71948234587	3473.42536842
-6852.56790927	1.40740538078	4093.50644436	4.87763077356	7.50952199697	9.99740921147	3289.04775586
-8068.00260087	0.776800321741	-111.125211586	3.28539078808	-0.545260827471	-2.37323183451	1942.67705555
-7696.12918257	0.936457723651	1190.20034987	3.62491022626	4.0059404872	4.6165628029	2475.96442462
-7257.54224346	0.839462797478	-74.2357813945	3.1585214432	-0.310083356723	-2.1668157376	2209.19929141
-6977.60843746	0.942950824982	844.020529422	3.4526684914	2.59772167167	2.64255586845	2770.82080437
-6512.1935686	0.856795993961	-56.6002794662	3.04593077025	-0.215141971066	-2.17726946832	2415.50478135
-6306.27087416	0.901023328776	561.243036875	3.1416278199	1.66666211638	1.19451315669	3045.19760484
-5824.4385422	0.859235876045	-34.6492391675	2.77073736737	-0.126032914595	-2.20102414579	2599.83671175
-5671.13898193	0.887649434336	360.394185878	2.94054368157	1.07667204786	0.149868646342	3190.35317261
-5193.7353185	0.921927702285	-16.4661485285	2.51498201544	-0.0597984878071	-2.27871337375	2620.6313477
-5072.4226743	0.887860920457	230.32089759	2.58774865581	0.713696138311	-0.615592913269	3231.28346984