U (kJ/mol)	 dU (kJ/mol)	 P (bar)	 dP (bar)	 Z	 Z-1/rho (ml/gm)	 Neff
-1057.29007114	0.806799436402	57.7308134119	0.326118245464	0.741348702753	-2.78068036919	4475.94230917
-2009.46966763	0.998311442838	92.3027408785	0.849808675939	0.592651592947	-2.18963857613	3543.00754983
-2913.27418673	1.00691509654	131.776522487	1.43044046269	0.564068233445	-1.56218934672	3334.08983326
-3856.75267869	0.901029988402	239.240501636	1.9990588374	0.768050133632	-0.623405380102	3477.53418965
-4883.99835491	0.940891738188	574.969092435	2.76928280599	1.47669005748	1.02494957447	3535.63439743
-5412.93637645	0.985633895315	947.899607387	3.21088916463	2.21316865271	2.37134586646	3514.15422038
-5926.83047742	1.11582049595	1567.21758697	3.64942226762	3.35423049313	4.21826773836	3470.73409274
-6400.08077316	1.25510587157	2551.76540901	4.24008292229	5.04129652582	6.68411278374	3339.30484936
-6791.45469056	1.42751361092	4066.05458624	4.86549469831	7.45916166771	9.92006515765	3187.94445531
-7997.95636762	0.773392777037	-108.977150204	3.29386537472	-0.534720881497	-2.35704444733	2019.96540139
-7629.47029968	0.952540471366	1180.75522755	3.65499985662	3.97415037899	4.567739138	2516.68691191
-7192.98332229	0.839650709548	-65.2529044078	3.15793777909	-0.272561819309	-2.10475689428	2268.00639184
-6915.80497724	0.936131118648	843.938602343	3.43814165053	2.59746951696	2.64213881653	2765.91886444
-6454.85550592	0.840121724795	-49.9034863129	3.02669421971	-0.189686950483	-2.13165962153	2446.66538927
-6249.30898313	0.903512972173	566.132665475	3.16998194728	1.68118231212	1.22053018153	2967.64088774
-5772.05255507	0.839728188873	-25.5890356759	2.80834140569	-0.0930773900207	-2.13660692993	2610.34901486
-5619.87856918	0.886799372521	366.908252632	2.95228141293	1.09613272139	0.18790786506	3090.02532447
-5146.75283658	0.944820700044	-9.55348855807	2.5227161148	-0.0346944622822	-2.22473624569	2582.03614114
-5026.4264076	0.892040503729	237.935900416	2.6291586997	0.737292773124	-0.564856883786	3094.01444608