U (kJ/mol)	 dU (kJ/mol)	 P (bar)	 dP (bar)	 Z	 Z-1/rho (ml/gm)	 Neff
-990.051120613	0.539901306818	59.5320100498	0.266266036775	0.764478721403	-2.53201666836	6574.31128323
-1894.07852507	0.706210860351	100.038636815	0.649763866918	0.642321743648	-1.92264433687	5800.18950832
-2765.19501921	0.713792534433	150.100437495	1.12995097283	0.642503588798	-1.28111123785	5324.74200676
-3677.14196058	0.721682442964	278.407464352	1.71246851551	0.893790510964	-0.285456370034	4879.22358376
-4662.42119431	0.817072735193	648.869291753	2.42324422855	1.66648754575	1.43304043307	4431.35437652
-5165.62918771	0.924809939567	1045.51213492	2.97105537899	2.4410756846	2.81682918555	4173.24147577
-5648.38141266	1.07129588936	1694.39945348	3.45901510501	3.62643091915	4.70599155249	3958.79568891
-6087.02082239	1.2028148566	2711.8818335	4.02990618127	5.35762434016	7.20730398591	3687.87852195
-6440.31352353	1.39430927705	4265.38365245	4.73238066417	7.82483008126	10.4816635005	3453.01232357
-7651.13523595	0.696176669878	92.4466540048	2.82263728395	0.453610286454	-0.839152484283	2695.3505475
-7282.65785317	0.888801643926	1379.41239497	3.37479847943	4.64278468929	5.59463647639	3005.38454391
-6881.68064022	0.72090840307	92.817622405	2.80956898861	0.387699831237	-1.01271543906	3106.38755052
-6605.51384416	0.871890965159	1000.91696339	3.22025057578	3.08061663989	3.44124124322	3364.86425364
-6173.85999877	0.694660716639	72.4428863141	2.54069497887	0.275360925747	-1.29839522417	3483.5679605
-5971.18978163	0.844695185873	691.251152645	2.9025239896	2.05273301105	1.88626802286	3707.07996805
-5518.08237601	0.699473561769	66.2849521891	2.34776403946	0.241104449013	-1.48339130251	3785.63262699
-5370.44827913	0.771845486528	461.637099729	2.54316190577	1.37913368475	0.741081707116	3980.61901219
-4915.68176218	0.697458640034	59.9954648053	2.04728041234	0.217879613101	-1.68166703955	4115.46223364
-4800.83858488	0.740826633757	308.915571547	2.23933800102	0.957237718262	-0.091944821972	4240.23275439