U (kJ/mol)	 dU (kJ/mol)	 P (bar)	 dP (bar)	 Z	 Z-1/rho (ml/gm)	 Neff
-1034.82281202	0.901644416379	58.0823860322	0.400914021873	0.745863413192	-2.73214410889	2982.95303398
-1970.27501046	1.2152608678	94.1106334282	1.13074271645	0.604259594933	-2.12724155064	2041.11964664
-2861.02361555	1.42110357842	137.831955943	2.04909776008	0.589988462542	-1.46930254913	1655.0142724
-3789.45336882	1.41384390179	248.241003488	4.20804544729	0.796945059883	-0.545745268613	1538.21109509
-4799.07033949	1.4278574278	580.828456482	4.44544930148	1.49173863095	1.05730608943	1527.39980608
-5319.13115806	1.52315225945	943.136851347	4.82128697049	2.20204850635	2.34960963626	1467.09578544
-5825.37665595	1.70878350926	1548.55931549	5.72743377069	3.31429721031	4.14671600241	1450.14222187
-6292.25769072	2.00328586323	2506.68557586	6.63685735091	4.95223629896	6.53681139246	1370.07910841
-6680.64878757	2.32219998034	3978.99268434	8.34770222318	7.29944693992	9.67477318513	1348.45978858
-7866.44277223	1.31414331108	-128.672724746	5.15948458646	-0.631361644824	-2.50546659844	774.556628424
-7503.36032751	1.56811392442	1138.10942089	5.82908186814	3.83061440748	4.34729471145	986.076003272
-7072.28314022	1.36111319987	-71.1541639136	4.98774047196	-0.29721141984	-2.14552616448	802.730813477
-6799.87443483	1.66632700991	820.489069778	6.22524856503	2.5252966766	2.52276836156	1046.82416818
-6343.98493483	1.36436727218	-34.8965867827	6.1125142707	-0.132644582937	-2.02945213614	894.568363502
-6142.97531992	1.43787629906	560.472177756	5.14472004913	1.66437298029	1.19041152393	1095.36447309
-5672.79619544	1.42657571882	-18.4590044788	4.3569035457	-0.0671426614519	-2.08591306205	1012.61351135
-5523.85841249	1.33909506544	369.241431634	5.17280647205	1.10310305751	0.201532580574	1170.27089066
-5058.68791034	1.44646498405	-1.6721462555	4.0310230371	-0.00607256865796	-2.16319521451	1083.60197787
-4940.15841221	1.40809872227	243.361226613	3.87341588571	0.754104249616	-0.528709883432	1277.9335417