U (kJ/mol)	 dU (kJ/mol)	 P (bar)	 dP (bar)	 Z	 Z-1/rho (ml/gm)	 Neff
-1137.86788683	1.76794304496	55.7308619001	0.585045020279	0.715666378683	-3.05678311886	1453.40926359
-2157.32642236	3.10948771681	83.1058981247	1.77375073781	0.533601087444	-2.50705546681	779.716964794
-3112.24929895	2.85565064314	116.524856445	2.9389564043	0.49878361249	-1.79614095838	526.235376522
-4107.59037682	2.79918842096	213.616876296	5.52230890893	0.685788857923	-0.844496785131	476.693980557
-5215.10843056	4.86056214519	561.244168011	12.6677874906	1.44144040718	0.949157949494	255.652411445
-5775.27410441	6.00493077691	993.712313577	13.6277963922	2.32013277048	2.58042555045	182.982462606
-6303.76349421	3.63423953254	1712.90495093	15.0579093571	3.66603722802	4.77695742243	172.031868643
-6786.51567686	6.43134419194	2830.21828046	21.2527551873	5.59141115959	7.59397629725	175.386992938
-7180.53339634	9.39699836411	4545.4920992	46.7799783402	8.33868796103	11.270853168	75.2028867555
-8504.57546332	9.47053251412	31.7445308602	37.5755303444	0.155761675659	-1.29659228502	3.81047526714
-8083.85826219	6.33394449456	1512.84192587	20.0045051838	5.0918777853	6.28435954007	66.1304255319
-7653.53568303	6.6067089054	26.0621700974	14.3674218628	0.108861859274	-1.47390022	46.2748793358
-7354.44509337	5.31801446362	982.318502945	17.7919162087	3.02337440219	3.34656529695	82.9616797955
-6877.93237197	7.35742866453	-43.9936516787	16.7225975718	-0.16722321914	-2.09140951285	69.8077041054
-6655.58622826	4.82934401924	613.951599666	15.3932658373	1.82318497553	1.47496799279	154.002574272
-6148.14565536	6.3989280386	-32.4605000656	9.60574246607	-0.118071609385	-2.18546241151	141.152492198
-5988.4281192	4.19978735717	387.553908862	12.0082930205	1.15781129957	0.308469207547	208.919546544
-5475.63152201	2.73800493973	-25.7559613503	6.85925158274	-0.0935353849203	-2.3512523701	312.837537789
-5355.02224798	2.87759066787	217.940178828	8.28624157773	0.675331963533	-0.698081196791	283.634077023