U (kJ/mol)	 dU (kJ/mol)	 P (bar)	 dP (bar)	 Z	 Z-1/rho (ml/gm)	 Neff
-968.014742896	1.23740718615	60.1366881969	0.600955521018	0.772243679724	-2.44853799495	1424.77821984
-1856.05643635	2.00372882472	100.59218313	1.67855521083	0.645875918769	-1.90353941632	840.282497746
-2709.9207922	2.33602237977	157.481724251	3.38778992062	0.674099121164	-1.16788662828	470.643819052
-3598.15532001	5.85868355019	284.855534695	10.3412297571	0.914491191887	-0.229819710003	197.577031474
-4560.57771382	8.75084978731	646.910287284	17.4620210057	1.66145624501	1.42222244038	159.170111354
-5062.70668537	5.47283066149	992.546082942	15.4801415888	2.31740983963	2.57510311584	157.365450382
-5540.05660017	5.5704318455	1614.05085928	17.8854541327	3.45446519658	4.39786647224	85.1215884408
-5941.40585828	37.7657680328	2640.52793949	85.2599498647	5.21665678227	6.97415033096	26.0994912548
-6338.28223513	10.2400701352	4045.29935981	41.0965126686	7.4210862838	9.86158848394	64.2820007287
-7499.36281409	6.73678619997	-26.7369351651	20.9038706597	-0.131190781859	-1.73729763072	13.895865052
-7157.91933231	6.53893142448	1188.21922703	22.297972762	3.99927248363	4.60632199561	51.7386275146
-6740.22668023	5.46744112443	49.7888836051	22.5656941045	0.207968500712	-1.30998253548	3.20261424792
-6478.3310567	7.10880486297	920.540178482	32.252176377	2.83323342019	3.03208113069	46.5261738802
-6059.208666	2.41102054424	38.5109864676	11.5062964202	0.146383191293	-1.52949520262	135.232557384
-5851.77652502	6.64734488074	630.394646257	14.4609791768	1.87201409417	1.56245912691	46.2012558566
-5402.21320887	3.971553093	44.9672154104	13.5730640612	0.1635634535	-1.63495845583	87.7415768671
-5271.66704893	3.29527786715	413.938663843	14.0110854098	1.23663534638	0.462544304334	153.960791689
-4825.84320923	5.35315169736	47.190528764	7.99286035939	0.171377189634	-1.7816536837	141.907419572
-4706.38792654	5.61135397361	288.393005961	12.1480255741	0.893644375408	-0.228679307359	134.842541979