U (kJ/mol)	 dU (kJ/mol)	 P (bar)	 dP (bar)	 Z	 Z-1/rho (ml/gm)	 Neff
-1045.31995926	0.901288151017	57.8631718004	0.387129252445	0.743048379473	-2.76240766869	3209.48399752
-1988.17559447	1.17688241624	93.1349046456	1.06534062396	0.59799469736	-2.16091754191	2269.47986784
-2884.68695762	1.33149060771	134.887637727	1.87377395375	0.577385334584	-1.51446666366	1934.78154943
-3818.90811788	1.25196436421	242.83030757	3.23514557815	0.779574732973	-0.59243102627	1934.36578977
-4835.70042711	1.20196599666	573.548417722	3.74841293722	1.47304134618	1.01710434038	2013.55822245
-5359.53600306	1.29663537782	937.906861242	4.16739406942	2.18983745566	2.32574104676	1971.76850911
-5869.92514454	1.41165840492	1543.84168739	4.71755933501	3.30420032767	4.12862459021	2016.80439673
-6341.06432884	1.58403817038	2505.49424623	5.43800474771	4.94988269469	6.53291864262	1970.78949326
-6733.43992248	1.85007692963	3980.94962157	6.50678226796	7.30303693383	9.68028674483	1988.9209556
-7923.45031062	0.985567726087	-138.663121646	4.15582054041	-0.680381772682	-2.58075235337	1193.45326997
-7558.97695626	1.23294034568	1133.13146277	4.71150870763	3.81385974601	4.32156268273	1534.27328842
-7123.88698306	1.04809574898	-81.2820140279	4.10265589094	-0.339515517686	-2.21549513593	1278.83948845
-6850.73331771	1.23470150046	812.9002368	4.63174680103	2.50193980884	2.48413721006	1597.16675023
-6391.08987625	1.15988269659	-48.8824729084	4.74478576049	-0.185806000806	-2.12470580589	1332.41912908
-6188.57100284	1.17045336555	552.814793825	4.2712642565	1.641633684	1.14966766294	1604.21818503
-5715.31465361	1.14636641395	-25.7301017136	3.80298603265	-0.0935905026982	-2.13760989652	1368.34744766
-5564.70359642	1.15057413291	362.496792852	4.19559055877	1.08295355363	0.162146924963	1653.28783472
-5096.45451775	1.34373645323	-8.57041042814	3.45685920106	-0.0311243143837	-2.21705993377	1418.08194079
-4977.28532433	1.21592720429	237.520284234	3.4171979499	0.736004901866	-0.56762598517	1686.09250279