U (kJ/mol)	 dU (kJ/mol)	 P (bar)	 dP (bar)	 Z	 Z-1/rho (ml/gm)	 Neff
-1096.58812741	1.40764941264	56.6974116093	0.614194047686	0.72807830103	-2.9233463676	1351.82220728
-2086.69131194	2.58475650649	91.0272755182	1.99307859981	0.584462165738	-2.23365957983	548.249601917
-3025.0041602	3.15455784868	131.165983842	4.3582878046	0.561454828203	-1.57155465143	210.155690184
-4006.77353408	3.65480362769	248.081983537	7.87758467436	0.796434547263	-0.547117359567	157.458505865
-5098.34228871	6.16778889835	578.48221606	37.0888837997	1.48571279417	1.04434970667	14.8975981361
-5646.00245047	15.0299240321	1081.00107335	40.0398383614	2.52393573163	2.97879333585	25.1624561448
-6124.70177883	6.4735691927	1881.61140351	39.9494495527	4.0271104653	5.42392193692	24.7559377099
-6580.93453807	10.7636598711	3065.58062147	34.1543753602	6.05639565538	8.36303860007	38.1288584196
-6944.88755795	17.9853171777	4804.69384356	102.532091926	8.81419257485	12.0011393869	11.2942085084
-8291.26953391	2.82294803054	312.773308428	13.9551325699	1.53469253764	0.821187808201	1.36493695611
-7863.73548017	10.8258634482	1820.91328299	27.8942508688	6.12877507962	7.8768399966	10.8529401383
-7473.21547738	11.9028422936	233.112778999	18.5007350192	0.973713641174	-0.0434763907927	6.50129352467
-7164.63394605	9.76226169941	1188.37065439	33.3057676212	3.65756056312	4.39547912904	12.8200294774
-6725.85013052	15.3422918855	69.7838634934	18.1394671307	0.265253777581	-1.31650502997	7.42490871091
-6497.24804957	8.99951174589	750.547937874	25.3409822412	2.22882019445	2.20177786229	24.5170378051
-6015.11246159	13.2557190994	60.985864755	19.2689878175	0.221829583242	-1.52106732816	4.43976294496
-5844.64296536	5.86267031931	489.98206537	26.7972587577	1.46381383054	0.90660355212	39.7919765546
-5349.83741427	4.39231076116	25.4777591571	14.74739548	0.0925250654501	-1.95119666002	55.065629977
-5227.18154534	5.27829994592	289.236055025	12.8030769559	0.896256734372	-0.223062374162	55.7968382313