U (kJ/mol)	 dU (kJ/mol)	 P (bar)	 dP (bar)	 Z	 Z-1/rho (ml/gm)	 Neff
-1058.78432583	1.07024638291	57.4211815942	0.442054831378	0.737372574012	-2.82342650366	2488.89662222
-2010.6150429	1.39847551447	91.624408864	1.27321794928	0.588296201708	-2.21305031043	1592.99504605
-2913.47284744	1.66503022697	131.123486385	2.21909398935	0.561272918216	-1.57220653749	1324.93755164
-3853.2370422	1.62168072972	236.246038003	4.97825272608	0.758436802371	-0.64924287043	1303.12466795
-4877.14025885	1.39401395837	557.296381158	4.4033277029	1.43130132724	0.927357524853	1516.38893
-5406.17167263	1.48337340247	914.449707448	4.73987319862	2.13506937996	2.21868746468	1514.84152551
-5922.56598606	1.59414234409	1512.29212627	5.40352058562	3.23667651935	4.00763664827	1569.7042563
-6400.69473821	1.78395463711	2464.00807243	6.0843560754	4.86792214179	6.39735977532	1525.5368123
-6800.84808564	2.10105236069	3928.45995385	7.50759904273	7.20674483811	9.53240008201	1581.68305984
-7988.5766178	1.24817891769	-187.976656307	5.03137645189	-0.922349714351	-2.95236988996	775.012542259
-7624.59018208	1.4516566057	1082.56612682	5.52314372932	3.64366846134	4.06018067683	1083.76903577
-7182.44848721	1.30727221547	-120.234492843	4.95416959316	-0.502220282918	-2.48460110088	775.639392474
-6908.97719489	1.53962793846	774.341957852	5.79032798466	2.38326535324	2.28785528897	1119.86727734
-6442.62751074	1.5084249984	-70.689933213	6.96646850978	-0.268697817562	-2.27322986818	796.130540302
-6240.97541633	1.39458196499	523.249675445	5.16596400788	1.55383738269	0.99235583369	1070.96457755
-5763.02250251	1.51558777664	-47.6906114818	4.57446971287	-0.173469516454	-2.29374710684	859.526460682
-5611.54214593	1.35205071153	342.665860784	5.66870136789	1.02370895125	0.0463432049784	1082.80121009
-5140.59141393	1.91709881541	-24.7637386581	4.39832974352	-0.0899320276167	-2.34350465337	871.485172912
-5019.86820433	1.47678134186	220.667198386	3.98340037148	0.683782188189	-0.679912044679	1172.52673539