U (kJ/mol)	 dU (kJ/mol)	 P (bar)	 dP (bar)	 Z	 Z-1/rho (ml/gm)	 Neff
-1148.83726077	3.04767462448	55.7950927582	1.17105658856	0.716491197536	-3.04791574561	412.551048571
-2176.90284541	4.59621022012	94.3715360155	4.21100588389	0.605934781742	-2.11823684215	106.829843804
-3143.70538091	5.47298381402	126.813814125	7.62131722212	0.542825404405	-1.63831438225	11.9531845531
-4152.62865173	6.53001615148	274.131797699	15.9732349096	0.880064046081	-0.322348618311	19.9889098293
-5253.48696149	7.60239179724	551.989357634	31.0754682478	1.41767132699	0.898051138583	1.69111773311
-5863.2440412	15.3793371381	1090.89941353	57.6291429967	2.54704650837	3.02396730632	2.49105480815
-6287.97905187	11.2667305903	2082.00362457	84.9757503376	4.4559990281	6.19239672861	5.03922450941
-6750.61000376	16.6994298564	3374.66889736	57.2705539395	6.66703393972	9.37300536112	10.6873966281
-7130.71635098	13.8182918808	5063.60588877	100.445664092	9.28916573666	12.7306093949	2.05383422075
-8526.63428949	0.674657793213	541.208677056	3.70753333358	2.65556201761	2.54263384819	1.05812046224
-8090.41413009	7.59510921671	2093.11056648	18.781426319	7.04492849745	9.28388042489	3.14963282178
-7708.72404545	7.1312000072	399.729578549	11.9856101501	1.66967313026	1.1076075963	1.59651619107
-7373.67363616	12.7245055804	1367.4225663	51.1694014037	4.20864553762	5.30694754009	3.65195884486
-6926.76794098	19.5272024551	185.970556635	21.0710702464	0.706888243169	-0.525192359535	4.06752123149
-6701.5684755	14.8761183444	873.985189379	40.1909992883	2.59537831155	2.85857008553	5.59280505455
-6223.31047938	2.2616691902	120.085037819	2.86190262505	0.43679652654	-1.10087762801	1.0884681032
-6027.99732965	9.86801534864	549.762903855	46.899127425	1.64240815952	1.25569674939	9.91915358471
-5530.78081098	4.34543909881	59.71001891	27.0250336187	0.216842987392	-1.68389592824	10.9181903651
-5399.28784369	10.0920930692	336.077767678	15.5761701492	1.04140530657	0.0890271376154	11.743982464