U (kJ/mol)	 dU (kJ/mol)	 P (bar)	 dP (bar)	 Z	 Z-1/rho (ml/gm)	 Neff
-1132.12263686	1.89850934827	55.9132033834	0.66515013808	0.718007911984	-3.0316100161	1174.84919116
-2147.73477624	3.2124571798	85.4377522315	2.04743185659	0.548573308613	-2.42657459963	551.362636755
-3102.3863583	3.39852476424	120.97542377	3.58078523697	0.517834226374	-1.72787186596	282.297474204
-4098.16818724	3.8041504718	222.11352879	7.66720896972	0.713066242138	-0.771184097605	195.590504662
-5211.57083416	6.7977847398	553.577860439	23.3308357044	1.42175107028	0.906823151103	52.7372527585
-5769.405757	10.7482805915	1023.18244033	27.1357530171	2.38894001569	2.7149210933	47.8695614512
-6274.37318303	5.50020625044	1785.78401892	27.6799273175	3.82201633022	5.05643796461	47.3950234214
-6751.03120797	10.300013148	2933.30960816	31.1640885971	5.79507954946	7.93083415455	55.684334834
-7137.03221815	16.0574576597	4657.97075699	89.6788048778	8.54502963079	11.5877554092	17.6710055665
-8478.53026535	3.24586656039	139.130874041	13.3116058449	0.682676904941	-0.487348968946	1.35561872664
-8050.4717191	9.93400173217	1655.48675225	27.2419492235	5.57198744529	7.02171824929	16.1581438276
-7637.27441983	11.0607115813	110.999943846	19.3857746246	0.463647509829	-0.887101580703	9.00232191202
-7330.10009812	8.80788782461	1063.92180554	29.9740292684	3.27453259117	3.76196902963	20.0148854485
-6871.8373112	14.2282065238	-22.779648685	18.96907319	-0.0865871788003	-1.94692731006	11.8191308631
-6641.50498566	8.06857012001	657.961364305	23.4255130314	1.95387596438	1.70913774956	39.8147638988
-6137.06836037	9.02531411631	-0.67540538216	16.8110828793	-0.00245671509367	-1.95947330351	18.5210538067
-5974.5300494	5.49670026797	426.554558439	18.4842631164	1.27432513607	0.536215452021	65.3503902941
-5463.84167595	3.81662220084	-11.4373607358	10.9837806366	-0.0415359350926	-2.23944635876	109.672130664
-5342.7396442	4.66377168821	235.785892238	11.8904386119	0.730630535566	-0.579181616267	83.3684499716