U (kJ/mol)	 dU (kJ/mol)	 P (bar)	 dP (bar)	 Z	 Z-1/rho (ml/gm)	 Neff
-1045.35836238	1.04559004376	57.691388819	0.451944472517	0.740842432893	-2.7861231204	2359.92689001
-1987.98047826	1.42975197198	92.8510071504	1.35424894065	0.596171866302	-2.1707158893	1447.06758225
-2883.56589733	1.76560909451	134.813915462	2.44096761535	0.577069767082	-1.51559751997	1136.09658433
-3816.13768632	1.86312951736	244.018711201	7.05570013571	0.783389946373	-0.582176980439	968.229185196
-4831.2871776	1.7415597699	567.298222616	5.48546661266	1.45698900338	0.982589582486	1070.18086002
-5355.71078538	1.84836800569	921.970119943	5.74019827509	2.15262813941	2.25300906667	1046.70344745
-5866.73064113	2.09118903116	1520.50239066	7.12200344133	3.25424850131	4.03912180863	1007.81624568
-6339.17790746	2.70452789079	2469.14261076	8.42184353	4.87806599362	6.41413722515	937.242666722
-6734.11421054	2.90025155835	3932.61246624	10.7399207029	7.21436260629	9.54409955023	932.729213484
-7916.74114795	2.04947583877	-172.846241067	7.03502713484	-0.848108931221	-2.83834992207	406.64162049
-7555.13130123	2.04568753598	1091.83450225	7.45813115026	3.6748636802	4.10809070286	568.488440702
-7117.55460342	2.15492905461	-104.234161804	7.28786551481	-0.435386792869	-2.37406167811	336.636634922
-6845.11788573	2.29520045118	787.937060582	8.72810501795	2.42510828449	2.35706151274	613.035760484
-6384.23411621	1.77078185378	-52.4586404179	9.0168532289	-0.199399285752	-2.1490620087	465.777450095
-6184.19325832	1.85206405702	533.905873717	6.43544327902	1.58548193024	1.04905596326	647.12219834
-5709.71146101	1.97916974251	-38.5448880872	5.53377058388	-0.140202922346	-2.22872185231	599.228213602
-5560.92520455	1.65160334351	352.056119152	7.51039289374	1.05176220267	0.101178088525	666.113941903
-5093.55932954	2.02511231069	-15.5954171996	5.28440904941	-0.0566363387067	-2.2719143157	609.88005724
-4973.46408833	1.79022171608	228.228330749	4.67401160951	0.707211894416	-0.62953493475	825.432271788