U (kJ/mol)	 dU (kJ/mol)	 P (bar)	 dP (bar)	 Z	 Z-1/rho (ml/gm)	 Neff
-987.396498505	0.517159798536	59.8160947401	0.251166299411	0.768126787387	-2.49279743545	7055.92246001
-1891.43597359	0.677798309307	100.463583168	0.625321457805	0.64505021228	-1.90797787428	6339.50513895
-2764.22764664	0.683218982954	152.964496411	1.06376172858	0.654763167538	-1.2371782539	5853.3485141
-3681.41462259	0.684639464721	288.378062526	1.61303217059	0.925799803734	-0.199425859911	5366.52475082
-4669.81357879	0.78184225931	684.682964259	2.33415955266	1.75846761008	1.63081029699	4817.26428058
-5172.73309574	0.902963836304	1103.11692934	2.87750570626	2.57557212734	3.07972551312	4504.23343573
-5650.90046111	1.05612983783	1788.18862388	3.41103675306	3.82716277532	5.06565927212	4128.82472959
-6080.31676693	1.24325164373	2858.54921657	4.14392280781	5.64738207654	7.6865495393	3814.92570311
-6414.34923643	1.4330058911	4495.84378945	4.93002674409	8.2476083257	11.1309718702	3473.58967078
-7661.92347767	0.724014332999	229.045298558	2.87417206424	1.12386223827	0.190229249148	2535.79115147
-7279.26994652	0.954811214002	1556.41864339	3.49145163364	5.23854698857	6.50961602504	2912.66583084
-6894.73115048	0.729479795546	182.079928478	2.81413522805	0.760549082311	-0.396040461217	2967.15317909
-6611.63543309	0.903892903709	1109.04435718	3.26924469711	3.41341052861	3.99166655147	3316.92061997
-6185.74968172	0.706057983425	137.078175726	2.58935605689	0.521044581297	-0.858183681133	3387.49035056
-5980.47558863	0.835160935797	761.309223429	2.91525234051	2.26077680822	2.25903714649	3718.31764372
-5528.92076016	0.678756056136	104.102667092	2.34276046068	0.378662356402	-1.21451081804	3810.25715727
-5381.32845656	0.791992084842	502.424045511	2.58128105943	1.50098405349	0.979259117645	4132.6136505
-4922.51952395	0.675701087409	83.2891790733	2.01194296967	0.302473098106	-1.49977934313	4180.47226387
-4810.28210861	0.730095384303	331.410776025	2.18879299798	1.02694368387	0.0579326480257	4477.80951047