U (kJ/mol)	 dU (kJ/mol)	 P (bar)	 dP (bar)	 Z	 Z-1/rho (ml/gm)	 Neff
-961.624800505	1.00776399086	60.3299847089	0.498759906688	0.774725891734	-2.42185249875	2099.42541006
-1844.25994463	1.4828993719	101.982936277	1.3052076934	0.654805578496	-1.85553940682	1437.70218251
-2695.76315949	1.74311175825	159.375807118	2.62700755943	0.682206726044	-1.13883250802	922.857277734
-3584.24087647	3.25496443027	287.085990161	5.93620784984	0.921651775514	-0.210574403129	555.759490166
-4543.67229318	5.1583531006	655.001094532	11.1038185942	1.68223582216	1.46690140616	401.994814511
-5038.68448512	3.47953852294	1018.4047383	9.81053210488	2.37778497322	2.69311665269	365.565200163
-5512.10819157	3.97555395101	1645.60590502	12.6436964933	3.52200074335	4.51887544693	259.295309282
-5931.15997885	18.1196223058	2639.12156992	42.629333328	5.2138783427	6.96955492367	120.909441523
-6298.49699522	7.164167992	4100.00038076	26.6751579625	7.52143509859	10.0157055091	167.107685619
-7468.20676143	5.09822572988	31.0642929837	15.8216433085	0.152423935626	-1.30171842992	44.2888341078
-7118.06558995	4.4170901601	1262.89132521	15.0525993647	4.25060158245	4.99231652006	127.374707912
-6711.96226741	5.82582649551	81.3518055807	23.5757454055	0.33980703747	-1.0919278485	17.6932898132
-6447.54541241	4.75756237759	949.935237816	19.9029344279	2.92370536964	3.18171744419	151.70887445
-6028.90823544	1.95280166933	68.0995660569	8.47699297964	0.258851634805	-1.32797627393	282.490375163
-5825.50270545	4.15007261661	665.405109748	10.5310700501	1.97598084181	1.74874487025	152.458205911
-5380.04796429	2.75923286423	67.0317212654	8.84324802327	0.243820741938	-1.47808184287	234.520144808
-5243.69449144	2.22461925682	439.981094914	8.21991844542	1.31443670581	0.614620383513	400.370719797
-4799.86534711	2.56452369143	63.0983508894	5.82993319268	0.229148058502	-1.65743832293	435.263226748
-4685.30070002	2.81352843062	304.921617995	7.01683376655	0.944861640988	-0.118555100365	412.784794324