U (kJ/mol)	 dU (kJ/mol)	 P (bar)	 dP (bar)	 Z	 Z-1/rho (ml/gm)	 Neff
-1064.84155274	0.729187654568	57.5923660061	0.288799819715	0.739570834079	-2.79979368728	5627.08754592
-2024.2143032	0.938180577635	91.6611375245	0.725102690817	0.588532026765	-2.21178266918	4684.63693668
-2933.11326816	0.901174018522	130.305607719	1.24371903013	0.557771995853	-1.58475231653	4440.42472145
-3885.04495515	0.819745368671	239.829065293	1.79333570962	0.769939639767	-0.618327005588	4391.35343489
-4920.46089061	0.869768777497	584.125106159	2.51869891942	1.50020539875	1.0755108116	4280.73076881
-5453.92276556	0.928543189814	966.568945543	3.01209808522	2.25675807257	2.45654885154	4095.36115699
-5968.95217314	1.07921005646	1605.30110621	3.50075841125	3.43573857636	4.36431245188	3889.62232181
-6440.61567157	1.24425711859	2620.84745203	4.18155902776	5.17777578926	6.90984301256	3651.17361002
-6826.92392053	1.41808388764	4180.42132266	4.97946723207	7.66896701052	10.2422869533	3350.63563758
-8054.63290851	0.768664187116	-54.5214056437	3.11463065023	-0.267521531181	-1.94667618259	2103.38682295
-7678.27249878	0.942980600927	1259.13400749	3.547915503	4.23795531565	4.97289421774	2643.08630551
-7246.83594541	0.767680281588	-38.4429836228	2.9766640324	-0.160576600398	-1.91953865342	2440.43078706
-6964.91329054	0.918355271446	886.334821768	3.4332066005	2.72795636433	2.85795787336	3003.88483663
-6501.76676566	0.815583185635	-28.9466172358	2.80692386439	-0.110028295735	-1.98892868062	2773.01081082
-6296.15333068	0.875109833046	591.099180119	3.05555982788	1.75532264242	1.35337348823	3332.55299518
-5815.45036796	0.794298853038	-18.6224070593	2.61308874312	-0.0677370209232	-2.08707483941	3047.48950454
-5662.49925742	0.86584772463	378.629114611	2.82995393226	1.13114861499	0.256352424998	3545.3674926
-5184.31999037	0.83037398305	-4.89123687944	2.29381662216	-0.0177630226274	-2.18833130793	3212.00588668
-5064.02822956	0.830461469092	240.555139646	2.4245039944	0.745409018514	-0.547405833301	3724.22920872