U (kJ/mol)	 dU (kJ/mol)	 P (bar)	 dP (bar)	 Z	 Z-1/rho (ml/gm)	 Neff
-998.176902181	0.522456968223	59.5292529751	0.252032977418	0.764443316502	-2.53239729553	7028.19613735
-1910.77337475	0.677476986502	99.0602065796	0.625792023396	0.636039500759	-1.95641356522	6347.07620839
-2789.67320902	0.683595340056	150.243592716	1.06789672622	0.643116363452	-1.27891532071	5848.27181148
-3713.51295833	0.688681702647	283.20383106	1.62533537214	0.90918861482	-0.244071302916	5330.24521321
-4709.96434695	0.790740659764	678.609021603	2.35483250667	1.74286793551	1.59726883842	4769.10585028
-5217.5717657	0.91670876747	1097.1665762	2.91449458738	2.56167916342	3.05256933621	4478.5981791
-5700.54239454	1.06206412168	1783.66037586	3.45022484412	3.81747121257	5.04829410478	4109.02536429
-6134.15596434	1.23915519577	2858.88337037	4.16274174352	5.64804223457	7.68764140938	3789.18466679
-6470.97538932	1.44122800258	4507.32233281	4.93667191812	8.26866566983	11.1633120153	3458.72348281
-7724.39963333	0.733710520547	222.668808261	2.84410580601	1.09257455542	0.142177215709	2579.45808197
-7340.53849998	0.955147612783	1553.98441264	3.50982250695	5.23035392803	6.49703301526	2941.01655035
-6951.753952	0.742269037035	172.581813753	2.84617430477	0.720875393411	-0.46165886102	3036.83295047
-6667.83386757	0.905762929577	1102.65081605	3.27382392588	3.39373252342	3.95912006417	3342.70778553
-6237.43659669	0.702989353905	127.382512615	2.58919489517	0.484190627712	-0.924217930495	3456.58606083
-6031.36229888	0.841971478265	753.277505719	2.91719484842	2.23692589381	2.21630150821	3746.36552187
-5575.2651051	0.679775154818	95.0220259824	2.33537144114	0.345632492171	-1.27907334349	3865.59499839
-5427.68029717	0.782548435634	492.510967469	2.56454944655	1.47136888639	0.921371202456	4135.51429147
-4963.98897793	0.675776607509	75.3695160872	2.02357407044	0.273712039034	-1.56161959928	4233.43914166
-4851.54535757	0.725756879356	323.507460484	2.18237677342	1.00245365348	0.00527569444712	4482.69958424