U (kJ/mol)	 dU (kJ/mol)	 P (bar)	 dP (bar)	 Z	 Z-1/rho (ml/gm)	 Neff
-998.896379947	0.513325091894	59.3540167839	0.248379031085	0.76219302562	-2.55658947917	7412.17797512
-1910.34808065	0.659428723177	99.1920792399	0.603923840118	0.636886220384	-1.95186215438	6759.388954
-2787.23475772	0.663583499189	148.258362547	1.04428982727	0.634618603356	-1.30936758713	6160.91966061
-3706.81229882	0.676754001872	276.59203242	1.59812673259	0.887962305754	-0.301120679484	5585.51384859
-4700.2852722	0.784403238977	652.409043806	2.3186707003	1.67557867209	1.45258761248	4965.39839951
-5207.86649993	0.882446346203	1054.46661896	2.85397708023	2.46198273343	2.85769559247	4592.97166315
-5693.08591511	1.03828418842	1715.55433296	3.34156343799	3.67170755616	4.78711741411	4281.01361982
-6132.25584808	1.2047784757	2753.98563793	4.01866706747	5.44080509111	7.34488100291	3939.17483635
-6483.83809804	1.38074398052	4338.87202291	4.79149091274	7.95964421724	10.6887128177	3616.14093089
-7710.63085961	0.706632780046	120.700582752	2.82645487939	0.59224453829	-0.62623618306	2698.7233054
-7335.26054395	0.880641260806	1427.27920479	3.30059573934	4.80389335595	5.8420692785	3054.2532371
-6937.35675522	0.701916334713	102.80335761	2.71412561094	0.429410314157	-0.943728278549	3161.23849936
-6656.69958597	0.859786120498	1023.53333818	3.16804355998	3.15022519189	3.55637048685	3496.02160832
-6222.26639047	0.688684244564	82.830975826	2.50497031944	0.314846844796	-1.22764506656	3651.78485843
-6019.32589568	0.8220248503	702.183008492	2.85921507653	2.08519614878	1.94443488755	3924.02164471
-5562.51974162	0.677940659651	67.8445837466	2.28770578122	0.246777442579	-1.47230246518	4074.48690368
-5413.50416993	0.758755392341	466.745738048	2.51653509295	1.3943956626	0.770913856174	4301.49266584
-4954.94386128	0.663333050172	58.7934985358	1.96315162874	0.213514550731	-1.69105252756	4489.53164177
-4839.77489052	0.717703631662	307.694586691	2.16323523324	0.953454248391	-0.100079805644	4694.9005416