U (kJ/mol)	 dU (kJ/mol)	 P (bar)	 dP (bar)	 Z	 Z-1/rho (ml/gm)	 Neff
-1103.43786326	1.00145866246	56.5221844601	0.372952228572	0.725828126261	-2.94753730294	3373.98572617
-2096.48483122	1.60917067334	86.2873931436	1.0108947131	0.554028629172	-2.39725036482	2280.69449085
-3030.89346834	1.46467755322	122.544973939	1.71431756892	0.524552671925	-1.70379588694	2094.75648948
-4008.55815669	1.23749236709	228.507058357	2.49575198829	0.733591827084	-0.716018038294	2185.73222709
-5080.49512936	1.32509170842	595.968146134	3.87348975136	1.53062181524	1.14091031521	1982.30010668
-5630.26066509	1.4549871583	1003.76079258	4.36762399442	2.34359409334	2.62628472333	1902.62144378
-6159.44100023	1.59851102815	1684.75526478	5.1996884524	3.60578998702	4.66900750257	1751.30872419
-6636.09403237	1.82864686222	2774.42481901	6.36345195132	5.4811849678	7.41166740382	1637.30996928
-7015.5182059	2.22930900589	4466.54915754	7.68170530691	8.19386743493	11.0484359057	1455.72134632
-8302.03967746	1.01730898964	65.6491833055	4.16846362875	0.32212247339	-1.04109319116	1192.16958746
-7906.00402424	1.39149650617	1435.11197128	5.25671231568	4.83025664549	5.88255836415	1327.44150786
-7474.57238323	1.05970979541	24.519903266	4.12924639282	0.102419800377	-1.48455507989	1380.77169891
-7182.62422691	1.36560191047	980.43927953	4.96884914995	3.01759053886	3.33699906131	1479.05829601
-6709.24180917	1.19265526903	-4.96875778512	4.02443598181	-0.0188866265984	-1.82562268163	1437.47293759
-6499.03351077	1.23284176371	627.127957936	4.26410665256	1.86231336683	1.54507753862	1641.07370385
-6000.9090397	1.33471753581	-14.3629874977	3.65532948574	-0.0522438362318	-2.05679075699	1488.92055778
-5845.40279545	1.24727712597	391.912861984	3.82849238833	1.17083360451	0.333923532389	1776.57912794
-5348.00733221	1.27127620084	-12.9542532806	3.14167844667	-0.0470446841597	-2.2512909314	1547.25283497
-5228.20949346	1.22307743996	237.624208653	3.2534568312	0.73632693281	-0.566933574086	1857.90610177