U (kJ/mol)	 dU (kJ/mol)	 P (bar)	 dP (bar)	 Z	 Z-1/rho (ml/gm)	 Neff
-1078.37226761	1.40038290757	56.7116424222	0.554687678163	0.728261045634	-2.92138173669	1607.81167457
-2042.72699818	1.84224145193	89.4487556982	1.72286414945	0.574326905649	-2.28814010826	858.993287229
-2954.98126963	2.38400619509	125.176589648	2.93070259631	0.53581727958	-1.66342844547	689.008764922
-3902.64154332	2.69756466252	230.842502005	11.6424992818	0.741089461446	-0.695866849279	540.39697528
-4936.25834491	1.84263009995	533.460708197	5.97488182138	1.37008429533	0.795732436775	884.485411456
-5473.00581304	1.92791235262	879.081896102	6.0152875687	2.05249214205	2.05727611324	932.75527152
-5997.78725135	2.08991077644	1465.72989838	7.32077401936	3.13702191752	3.82907733001	947.146547655
-6486.04941577	2.40957670201	2401.93354994	7.83802957596	4.74528701496	6.19452709186	903.15203108
-6897.03825661	2.76202814885	3852.7973145	10.2571879443	7.0679420141	9.31922488544	985.688504542
-8081.2449888	2.10687223287	-263.517162112	7.26582830262	-1.29300618479	-3.52162895592	354.721678889
-7718.66239298	2.02968808235	1006.7087047	7.62164872352	3.38834983491	3.66805898358	512.289559941
-7265.96939797	2.32252251629	-178.037865516	7.45284607379	-0.743665358215	-2.88393980421	238.75495264
-6991.76441921	2.37770082916	718.994469855	9.07915121588	2.21291716379	2.00610746287	533.235912019
-6515.85065491	2.38662328544	-98.2856643853	13.3144738651	-0.373591292531	-2.46117610484	260.121634883
-6316.46110557	1.98404756821	478.884380093	7.30042111955	1.42209061314	0.75629434809	456.354701026
-5831.46961472	2.55525100801	-82.9708380582	6.35837010774	-0.301797580498	-2.54458628204	364.503889338
-5678.9781229	1.8687985542	316.655841858	10.5646496755	0.946004422598	-0.105543601867	402.410343161
-5204.93860945	3.4467596403	-49.0728527428	7.00682513755	-0.178213040003	-2.53332104383	334.083415261
-5081.04835945	2.07842280607	194.458079974	5.21492417375	0.602567905009	-0.854533989653	597.932929777