U (kJ/mol)	 dU (kJ/mol)	 P (bar)	 dP (bar)	 Z	 Z-1/rho (ml/gm)	 Neff
-1093.35439606	1.36123200334	56.780841457	0.602887257757	0.729149663197	-2.91182848319	1400.60531249
-2081.04291246	2.51104709351	91.2669559557	1.94531785756	0.586001090712	-2.22538732583	576.299354979
-3017.67519962	3.06584089949	131.829146583	4.29675260005	0.564293490423	-1.56138212394	226.171195823
-3997.87680039	3.54605887893	249.198778114	7.68511190562	0.800019869224	-0.53748118674	168.486616218
-5087.25712237	6.01642854784	582.400529515	36.4495198783	1.49577617774	1.06598737365	16.0326642906
-5632.93176123	14.698425145	1084.06867206	38.864104812	2.53109800204	2.99279321979	27.4181523572
-6112.30324589	6.33456602674	1881.35367877	38.9823360612	4.02655887107	5.42293360032	26.2140633771
-6567.09036656	10.4877904332	3064.75766309	33.4503362197	6.05476980951	8.36034952812	40.2684244071
-6929.38064551	17.6952446816	4806.53985204	100.159899509	8.81757907038	12.0063404112	12.2466512406
-8275.06691592	3.01242344432	313.945556341	14.8463175618	1.54044443551	0.830021648339	1.40380550627
-7847.4217106	10.7522608312	1821.21686212	27.8649882995	6.12979685709	7.87840925585	11.6264407491
-7457.59230225	11.7879894207	234.711503126	18.6584183334	0.980391522573	-0.0324314916769	7.09413876114
-7150.02774597	9.57858942274	1189.62239195	32.5248313514	3.66141315401	4.40185113165	13.5203121181
-6712.11202525	14.9971529736	72.1704743629	18.1578096003	0.274325467182	-1.30025054015	7.70122727248
-6483.60569033	8.79860771084	752.661936092	24.8354532913	2.23509790395	2.21302614895	26.0481290696
-6002.12363742	13.2977179524	63.6601267979	19.2696283421	0.231556926403	-1.50205357031	4.81588262175
-5832.38490971	5.76898556227	492.121673363	26.3933008449	1.47020587628	0.919097900044	42.0615504011
-5338.51982146	4.36128834148	27.2872410429	14.4922886513	0.0990963823732	-1.93706741948	58.1091496886
-5216.21887669	5.13409113544	291.243676121	12.624784972	0.902477756598	-0.209686315686	59.2578262171