U (kJ/mol)	 dU (kJ/mol)	 P (bar)	 dP (bar)	 Z	 Z-1/rho (ml/gm)	 Neff
-1030.54861525	0.724839601239	58.7424696578	0.362402371965	0.754339859488	-2.64101644756	3660.84080606
-1969.97392895	1.07326560299	95.1719625147	0.971260752789	0.611074109516	-2.09061117784	2524.66282723
-2870.9824959	1.18498047787	143.996721197	1.79522520252	0.616376685428	-1.3747386659	1954.4217447
-3818.22644094	1.20154925911	269.682639341	3.06721543934	0.865780608919	-0.360737825911	1593.87066238
-4845.17904487	1.76311443505	678.417301898	5.15543588317	1.74237554281	1.596210126	1240.19202389
-5363.31941348	2.00029251113	1122.22130847	6.04703608424	2.62017728666	3.16691393491	1156.85654022
-5857.34836633	2.03543401962	1843.02702605	7.12853217383	3.94453042248	5.27595650555	1048.30765566
-6294.44933299	2.54075620227	2981.27026349	8.80753847657	5.88983116112	8.08754882637	964.956014902
-6628.62364864	2.99872195824	4730.49081956	10.9299711182	8.67806740965	11.7920765739	812.724258435
-7928.42598668	2.02616877713	311.0187254	8.06917980242	1.52608328165	0.807965599996	424.418648282
-7527.20811618	2.03336339107	1697.25417066	7.27751262948	5.71256696408	7.237622117	671.994998796
-7140.51537034	1.51192976564	216.425649537	5.83025273878	0.904011389507	-0.158760609223	695.029148754
-6848.47177799	1.92170517637	1175.03646913	6.94347038273	3.6165206822	4.32760111243	747.880218702
-6409.58612717	1.75526139451	139.120760499	5.83044632897	0.528808601516	-0.844272249732	748.158004347
-6200.86075182	1.76207209184	774.270347529	6.26595117923	2.29926604212	2.32800146163	880.540070927
-5730.15182266	1.39552316835	96.8092291384	4.44523502492	0.352133253173	-1.26636649297	974.426192392
-5577.25095654	1.5727465859	514.439362721	4.99391408187	1.53687962754	1.04942316364	1079.72916449
-5101.37386509	1.35143503202	61.4018121689	4.09840587758	0.222986906134	-1.67068565292	1106.68638666
-4988.23088426	1.40817356969	321.74478128	4.39658598744	0.996991633517	-0.00646840415195	1173.09727949