U (kJ/mol)	 dU (kJ/mol)	 P (bar)	 dP (bar)	 Z	 Z-1/rho (ml/gm)	 Neff
-1044.15165719	0.606931228609	58.1282566541	0.262370633404	0.746452459562	-2.72581145294	6724.20534394
-1989.06113035	0.773107354441	93.9430895023	0.646178973158	0.603183839504	-2.13302410813	5919.59810997
-2888.36183645	0.758571799395	135.916328818	1.11342628204	0.581788637656	-1.49868714568	5492.57018294
-3831.14656399	0.737763034848	251.657490584	1.66772940749	0.807913241909	-0.516266382539	5121.00134941
-4854.31598488	0.818388416449	607.393863783	2.404894094	1.55996642501	1.20400528611	4696.06910802
-5380.02267555	0.899314730034	997.655270062	2.910700251	2.32933883789	2.5984203856	4402.51001574
-5885.77882818	1.05752721511	1645.80109611	3.42213400175	3.5224185002	4.51962397612	4122.18613091
-6346.97188687	1.22749961091	2672.38309186	4.11837376454	5.27959018063	7.07823918704	3815.27823259
-6721.2659124	1.403934556	4245.83785863	4.91587073069	7.78897339685	10.4265943345	3484.05474514
-7951.50515934	0.728934720788	8.98532371758	2.94340754318	0.0440885103878	-1.46810139608	2440.98611596
-7574.39415748	0.916466112861	1323.51395163	3.43095667092	4.45464339244	5.30568660648	2875.79471494
-7154.15714232	0.71855590919	11.2946348837	2.78738342301	0.0471777656529	-1.57592278531	2856.07983425
-6872.31714868	0.888057129791	935.560754343	3.29673154125	2.87946366468	3.10854376249	3286.81600165
-6417.95290042	0.740391000317	9.84906615152	2.61712435168	0.0374370502228	-1.72470293331	3269.69376457
-6213.14953143	0.841867960525	630.146350219	2.93923820451	1.87127675656	1.56113797867	3678.9403854
-5739.59796995	0.720843606224	10.1891146818	2.42139728976	0.0370618187108	-1.88222756231	3645.35615285
-5587.94312894	0.807813330926	408.189954677	2.66425757901	1.2194611668	0.428974429538	3994.93649036
-5115.14378133	0.733095836071	15.9999999288	2.09778380465	0.0581056219066	-2.02520322563	3937.96655442
-4996.72323304	0.763106839669	262.402666433	2.26799901474	0.813108023089	-0.40184360719	4296.49696583