U (kJ/mol)	 dU (kJ/mol)	 P (bar)	 dP (bar)	 Z	 Z-1/rho (ml/gm)	 Neff
-975.136116864	0.744320749058	59.8645385499	0.372353636872	0.76874887728	-2.48610953877	3584.42884898
-1867.41465599	1.03307465022	100.953977096	0.968606496964	0.648198902558	-1.89105257501	2742.50250743
-2727.68738894	1.14100328106	154.855158431	1.80003713564	0.662856129514	-1.20817660742	2185.47726456
-3626.61323341	1.28044310499	280.913015079	2.87943707297	0.901834251708	-0.26383742567	1851.57617478
-4598.05940866	1.63329637522	643.915386275	4.48015195057	1.6537644567	1.40568403135	1549.42384861
-5094.56977194	1.61864494843	1023.10193346	4.94730912387	2.38875204717	2.71455367664	1359.83972499
-5573.67121221	1.94063076655	1651.49589973	6.2074128029	3.53460677841	4.54146271318	1251.73399662
-6010.30446831	2.86615711406	2631.53065987	8.50768118083	5.19888165517	6.94475111376	1081.47269818
-6367.78649455	2.88090192229	4126.75674839	10.0992790607	7.57051955321	10.0910900579	964.457126816
-7552.00695983	1.48726156487	35.4470020774	5.47131148208	0.173928682864	-1.26869115722	715.288385848
-7189.88053183	1.75940162497	1296.2575066	6.33714353563	4.36290447075	5.164792768	824.121959283
-6788.56838353	1.45905420627	63.4933650249	5.55487739314	0.265212211507	-1.21530415277	835.549277307
-6518.35810105	1.81345454946	949.026509117	6.61789209983	2.92090848952	3.17709153713	963.774767716
-6090.54780516	1.21899046804	62.8528402202	4.7507400369	0.238908430481	-1.36371014776	1068.04476618
-5890.10511889	1.55770133976	665.472197209	5.17328133937	1.97618006411	1.74910183318	1089.62060181
-5441.30794167	1.34257158485	62.7361453427	4.16298504154	0.228196042337	-1.50862299371	1186.56587778
-5297.57334607	1.32310538216	445.399592053	4.2884991767	1.33062438208	0.646261968653	1331.76103152
-4849.40372989	1.21150083505	59.8893253629	3.49065236176	0.217494156954	-1.68249582359	1417.70887052
-4735.83346639	1.25483898038	304.826462446	3.63044274577	0.944566782165	-0.119189087626	1481.20159873