U (kJ/mol)	 dU (kJ/mol)	 P (bar)	 dP (bar)	 Z	 Z-1/rho (ml/gm)	 Neff
-1161.19734674	2.83183902877	55.4804268704	0.901833129932	0.71245042392	-3.09135685722	667.514923134
-2197.26711027	4.4926232401	82.6868234795	2.65319649094	0.530910319503	-2.52151927514	330.377970932
-3166.17802774	4.30887673207	115.526742809	4.38366937254	0.494511195944	-1.81145143613	148.508813515
-4175.23207708	5.11240315187	209.604514661	10.2784765878	0.672907699135	-0.879117127087	101.533938692
-5309.04568035	8.37981837034	521.248501197	28.0167824438	1.33871974915	0.728294323134	29.1521092093
-5880.94710683	12.8002125283	997.306375047	33.7846568141	2.32852423316	2.59682810115	23.0376885545
-6381.24730667	6.84291370537	1783.18496061	34.7727377784	3.81645370719	5.04647095699	28.3041289263
-6871.32865288	12.9721900733	2930.52560055	36.8070288705	5.78957943262	7.92173722215	33.989877274
-7270.71705163	18.5679520963	4637.6079668	109.527709633	8.50767416966	11.5303844023	9.14301748665
-8617.89535309	1.53186695713	124.616461938	6.4325941426	0.611458679659	-0.596726852881	1.13955990114
-8190.54377775	10.6360409757	1646.98814978	27.3874125659	5.5433831051	6.97778732867	9.23707256627
-7771.04180417	11.3474865179	92.713008019	20.3146028384	0.387262856245	-1.01343817497	4.577517462
-7456.33581996	10.2248549453	1045.89665866	36.4725109645	3.21905489477	3.67021155096	12.25455042
-6992.15190666	17.0416432456	-52.1086044516	17.7989312286	-0.198068772397	-2.14667801887	7.75715134142
-6759.2349086	9.69934785908	633.259437979	27.5378648915	1.88052135309	1.57770228002	23.5104880695
-6247.29598311	10.4417120564	-26.040867284	19.4256213795	-0.0947208793392	-2.13981941122	9.0408644188
-6080.60159044	6.55708074447	405.782002973	21.3034501979	1.21226744838	0.414913075092	37.2871048015
-5560.49642109	4.24176524778	-26.8441222723	12.5526845201	-0.0974871516321	-2.35974921527	70.1826847887
-5437.27415248	5.84651322207	214.56034867	13.8866274358	0.664858872481	-0.720599791524	46.9300911247