U (kJ/mol)	 dU (kJ/mol)	 P (bar)	 dP (bar)	 Z	 Z-1/rho (ml/gm)	 Neff
-1070.84498781	0.767877834457	57.4416705455	0.29652163209	0.737635682335	-2.82059790719	5361.18919081
-2034.53842055	0.996258654956	91.004083436	0.746899101419	0.584313255486	-2.23446002394	4394.83779884
-2946.34558089	0.952268585555	128.770114422	1.28217523067	0.551199330442	-1.60830588311	4182.55167164
-3901.26088228	0.846448183085	236.902140447	1.8334980193	0.760543132891	-0.643581742883	4204.66087325
-4940.47700808	0.882865015075	579.069232273	2.54514991933	1.48722042478	1.04759132108	4173.82763263
-5476.25904616	0.937744741988	960.483531048	3.04154906194	2.2425497656	2.42877628263	4011.08674184
-5993.80925027	1.08870743859	1598.28549462	3.53244586435	3.42072344476	4.33740860987	3823.11892659
-6468.11129784	1.25311872675	2613.35434932	4.21331647684	5.16297233102	6.88535879472	3596.84021789
-6856.89658497	1.42929097227	4173.13904947	5.02121221346	7.65560770806	10.2217695615	3302.09817794
-8085.8222731	0.786193944233	-65.8979627756	3.18333142827	-0.323343165777	-2.03240778073	2009.18250641
-7709.02243025	0.958999275686	1249.29496834	3.60432367184	4.20483937404	4.92203432052	2571.19819981
-7274.95824458	0.779697387388	-48.2623733188	3.0361204706	-0.201592257009	-1.98737660417	2323.48835929
-6992.81187274	0.929257910876	877.250572276	3.48619124334	2.69999691198	2.81171426523	2918.80365455
-6527.27958257	0.844184874915	-37.0273830483	2.86681681282	-0.140743901754	-2.04396434952	2625.09888343
-6321.32655703	0.886628353604	583.251620686	3.09899233537	1.73201860272	1.31161773019	3234.25321012
-5838.54384716	0.816838223535	-25.2624183577	2.6744617142	-0.0918893543361	-2.13428471075	2883.42799565
-5685.26766776	0.888993461801	371.901463811	2.88623887046	1.11104986244	0.217065971559	3413.40595754
-5205.18540757	0.861079246114	-9.74867165682	2.35536321561	-0.035403289494	-2.22626032226	3025.56306509
-5084.48725037	0.852836205734	235.11619687	2.47590216605	0.72855534828	-0.583643556037	3575.33646709