U (kJ/mol)	 dU (kJ/mol)	 P (bar)	 dP (bar)	 Z	 Z-1/rho (ml/gm)	 Neff
-1107.91911133	1.02425187701	56.402225137	0.373402275765	0.724287671809	-2.96409825393	3341.2403944
-2104.05496202	1.65815531327	85.743657083	1.01817620453	0.55053744311	-2.41601669739	2234.87430915
-3039.97735772	1.47135000712	121.170822551	1.72166671298	0.518670629119	-1.72487456327	2121.38109816
-4019.15371869	1.22215212095	225.926852033	2.43532920908	0.725308414374	-0.738281142514	2283.04489002
-5093.08764876	1.24550409808	589.656311081	3.67206341709	1.51441116289	1.1060551699	2135.33779428
-5644.88523671	1.37093527241	993.700146528	4.14901169211	2.32010436269	2.58037002256	2075.80492063
-6176.24921526	1.52377555286	1669.9094519	4.94919182401	3.57401630183	4.61207598649	1936.98483418
-6655.81971124	1.71728222153	2753.92495308	5.9523218884	5.44068520144	7.34468271107	1837.03250537
-7038.48346946	2.06729976947	4438.45342053	7.10386061265	8.1423259123	10.9692777596	1669.46753848
-8322.61776954	0.975379498467	43.1550203747	3.93245619587	0.211749807116	-1.21060497882	1296.22817132
-7927.11264605	1.29274171227	1411.07078649	4.88722697815	4.74933954987	5.75828482801	1507.03577718
-7492.4069109	1.00015916305	9.24745532533	3.96589020273	0.038626682909	-1.59006587061	1508.56069467
-7200.78418735	1.28035482558	963.701960238	4.68818076216	2.96607651102	3.25179730247	1642.29850741
-6725.24544048	1.15564883904	-15.9436045578	3.92301081081	-0.0606028546647	-1.90036906671	1510.14118518
-6515.3688163	1.1796396493	614.38339526	4.01768140476	1.82446723173	1.4772655163	1789.18438834
-6015.53611809	1.27272859599	-22.3473130772	3.5574695407	-0.081285969567	-2.11355857957	1553.96794607
-5859.84495394	1.1761348599	382.074997041	3.65822371894	1.14144313538	0.276474827852	1922.81653988
-5361.74846117	1.27389593787	-18.4190039254	3.09092215729	-0.0668904801719	-2.29396213852	1580.74075768
-5241.4008376	1.21361213938	231.094333839	3.12218155912	0.716092787809	-0.610439785268	1953.57874543