U (kJ/mol)	 dU (kJ/mol)	 P (bar)	 dP (bar)	 Z	 Z-1/rho (ml/gm)	 Neff
-1010.81640628	0.520368921378	59.1210339004	0.247282079254	0.759201182127	-2.58875386635	7364.73659984
-1932.6756488	0.667018382421	97.6119197771	0.607474691459	0.626740432579	-2.00639927292	6752.32972626
-2817.57510696	0.671868472525	146.374340029	1.04418280347	0.626554061709	-1.33826738754	6174.41265233
-3747.30403168	0.682774523865	275.022238474	1.60256635316	0.882922688958	-0.314665521193	5542.84734162
-4751.89159014	0.782665477512	661.062867646	2.33493945699	1.69780424176	1.50037566222	4900.40965883
-5264.73768977	0.902772976566	1073.62946983	2.87913708652	2.50672441336	2.94515086715	4574.33080719
-5754.01465134	1.05540868536	1751.78798984	3.4202329041	3.74925647968	4.92606817666	4176.95715052
-6194.97455131	1.23380917206	2816.98666114	4.15234380851	5.56527062322	7.55074108989	3840.02141505
-6540.71016814	1.43394087349	4451.01314073	4.92896500931	8.16536667121	11.0046640591	3491.33508596
-7790.54526877	0.720075123119	172.096670021	2.81796526618	0.844430992407	-0.238924921101	2660.72681792
-7407.70424913	0.946628875288	1501.93738394	3.48196039291	5.05517560657	6.22799185287	2985.44734022
-7010.66535949	0.722723601793	134.56405707	2.79859039419	0.562074968792	-0.72430723178	3117.27319229
-6727.1996266	0.893244017775	1063.17693412	3.23947165348	3.27224003006	3.75817724229	3402.47321053
-6290.15146594	0.692781413692	98.9152617152	2.54573011639	0.375984439911	-1.11809982627	3561.29882241
-6084.29587563	0.830331188973	723.458605264	2.89388510325	2.1483759636	2.0576393403	3833.04493021
-5623.06796428	0.670477372857	73.8261183056	2.29511729002	0.268534637032	-1.42977430307	3996.51921762
-5474.62189639	0.775012625218	471.022271111	2.54723733836	1.40717173888	0.795886884958	4250.99847391
-5007.60162137	0.663340633354	60.1502538407	1.98476700909	0.218441745176	-1.68045837782	4427.46203776
-4893.84896192	0.718517873938	307.311753235	2.1609126382	0.952267961076	-0.102630487498	4651.03582807