U (kJ/mol)	 dU (kJ/mol)	 P (bar)	 dP (bar)	 Z	 Z-1/rho (ml/gm)	 Neff
-1092.64666878	1.13624888627	56.9026822478	0.388528922764	0.730714278467	-2.8950077867	3238.74301411
-2069.21857472	1.36752066292	88.761503942	1.03369222096	0.569914243097	-2.31185969567	2419.68896811
-2990.15351486	1.30638958627	122.871456936	1.70233194954	0.525950179494	-1.69878782925	2368.02255939
-3951.04413677	1.07422429805	221.960529057	2.22819307987	0.712575056639	-0.772504243579	2747.89949785
-5000.26156303	1.07420437264	545.170385424	2.96494861392	1.40015819698	0.860395486099	3109.98585895
-5542.42782386	1.01995882747	910.919296716	3.31567477425	2.12682652987	2.20257540273	3275.41561996
-6070.63493565	1.13865620719	1525.29063937	3.72437617677	3.2644965294	4.05748404053	3248.29771215
-6558.7172976	1.29126434188	2508.13927563	4.36133955106	4.95510824462	6.54156145436	3173.2790029
-6965.41501079	1.44009783433	4024.77552866	4.99702866521	7.38343539363	9.80376375328	3052.9024583
-8178.69727478	0.853674778986	-178.061035487	3.7201037246	-0.873696492135	-2.87764763353	1508.1928487
-7807.08753558	1.00356983915	1123.3525249	3.91195387476	3.78094609146	4.27101346064	2072.45448063
-7357.07581776	0.976390399627	-126.506197279	3.52652111565	-0.528417234407	-2.52792961618	1667.28575288
-7076.72759099	1.01391852714	792.539998533	3.66523236868	2.43927518121	2.38049288801	2296.42929499
-6602.52623929	1.01310495064	-96.6677026032	3.59970916352	-0.367441296626	-2.4501566531	1701.2269732
-6395.23522778	0.970576138175	519.919650387	3.39852728061	1.54394857117	0.97463723955	2503.41879018
-5905.8821696	1.0091249206	-64.8540836889	3.19230022542	-0.235899817344	-2.41577782007	1885.93070707
-5751.05231664	1.00223199646	329.654711713	3.32019744572	0.984838344941	-0.0296360509905	2547.89529851
-5268.37986315	1.1935661414	-38.8493559493	3.14449763843	-0.141085374885	-2.45349142715	1695.06072379
-5144.88864059	1.03685421453	207.441921716	2.96552586922	0.642800978987	-0.768027314283	2484.1160582