U (kJ/mol)	 dU (kJ/mol)	 P (bar)	 dP (bar)	 Z	 Z-1/rho (ml/gm)	 Neff
-1125.68531273	1.98605042083	56.0617905419	0.755248076533	0.719915990023	-3.01109685726	923.528044782
-2137.05409515	3.34470687265	88.9361306553	2.48968566831	0.571035475238	-2.30583268511	345.637008396
-3090.29827411	3.96614360571	125.632068015	4.92745683932	0.537766950682	-1.65644167446	107.302823881
-4086.06304994	4.71614395216	238.803757765	9.92175962901	0.766648024934	-0.627173789715	85.623188073
-5195.18234657	8.02204670059	547.170877935	41.2317864906	1.40529605124	0.871442583588	8.59332923272
-5761.46410667	16.9326876892	1055.51517598	49.2050341433	2.46443091834	2.86248098908	12.8702138831
-6233.66292887	7.71334714873	1887.8981208	47.9646024752	4.04056558411	5.44803057613	16.1337959634
-6702.70454644	13.249006353	3078.5519647	40.3851677473	6.08202198736	8.40542333777	25.016791001
-7081.00854565	19.357525815	4793.79985239	117.069105034	8.79420758948	11.9704461844	6.07275926675
-8434.6150253	1.52739607518	305.605640148	7.64209171661	1.4995227622	0.767173606064	1.15686890943
-8007.59489923	10.7758628914	1821.52661918	26.1353090301	6.13083942807	7.88001045002	6.60893690857
-7610.87777308	11.5893161583	222.544834	16.5413370599	0.929571264042	-0.116485788992	3.46644128972
-7293.72916994	11.076080932	1179.8367837	39.787716647	3.63129506357	4.3520372385	8.51696735875
-6846.65520147	18.0358035059	52.4876090464	17.9858290115	0.199509397715	-1.4343046241	5.76637451928
-6617.66044054	10.6878283014	734.66976904	29.5776495518	2.18166853156	2.11729236312	15.2338608115
-6128.99080476	11.5039681369	39.407146135	17.5858474332	0.143339294097	-1.67449003843	2.53668387373
-5952.57401569	6.78024130942	474.222534196	29.6814758157	1.41673247527	0.814574981356	25.7493502258
-5449.67130226	4.58089910691	11.2721530163	16.8685041043	0.0409359665096	-2.06212036018	36.0424409054
-5324.29496642	6.61013048315	272.547273017	14.2224251716	0.844543149556	-0.33425373618	33.8017238044