U (kJ/mol)	 dU (kJ/mol)	 P (bar)	 dP (bar)	 Z	 Z-1/rho (ml/gm)	 Neff
-1092.27928418	0.833982996846	56.8485943993	0.312194942418	0.730019710801	-2.90247486958	4800.13871564
-2074.37884144	1.21069000458	88.0577332337	0.793655156696	0.565395516704	-2.33614941291	3642.80410065
-2998.90451153	1.13624270589	124.137713699	1.40152930603	0.531370380312	-1.6793641932	3487.73909339
-3967.90359187	0.920244862367	231.482223473	1.97945729877	0.743143202998	-0.690347063675	3726.99600437
-5025.3233237	0.924409846755	582.010927023	2.63059727436	1.49477556374	1.0638359151	3805.82414963
-5571.07963679	1.00396806386	973.814275642	3.18442665372	2.27367456597	2.48961503456	3708.24943343
-6096.84009581	1.14410053642	1628.59246467	3.73239813369	3.48558780305	4.45363139722	3484.9989503
-6575.63505087	1.29551309339	2676.65242745	4.46560194134	5.28802472817	7.09218952864	3309.12316314
-6961.5989027	1.51717916794	4297.63819859	5.21847032957	7.88400092342	10.5725388555	3112.65992074
-8218.63778126	0.904959568379	-19.1655860874	3.48773288285	-0.0940402558509	-1.6802413659	1799.31763847
-7833.71330739	1.0004760088	1320.34772888	3.77537438227	4.44398661528	5.28931978843	2344.18246689
-7396.14253882	0.899798169453	-24.3002802853	3.4496319497	-0.101502433714	-1.82183278348	2158.05135526
-7110.75923486	0.942784837886	909.79858961	3.49863869922	2.80017301795	2.97740079337	2703.74895318
-6637.25215841	0.842707443043	-27.0766387883	3.23690023483	-0.1029203653	-1.97619281906	2343.46963304
-6430.04416716	0.967082795236	592.787687568	3.30142283752	1.76033681848	1.36235779846	2972.74237745
-5937.64281298	0.915351360489	-25.7494526688	2.79265166835	-0.0936608897353	-2.13774748003	2363.94287181
-5784.22914278	0.86360620538	369.08430884	2.88711528429	1.1026336556	0.200615054156	3071.38976736
-5293.13856916	0.990863076996	-15.8388155639	2.62217004497	-0.0575202645437	-2.27381487854	2510.68673295
-5172.99185965	0.96518611728	226.165935414	2.55188287033	0.700821143071	-0.643275934313	3203.54340083