U (kJ/mol)	 dU (kJ/mol)	 P (bar)	 dP (bar)	 Z	 Z-1/rho (ml/gm)	 Neff
-1091.84790504	0.846146100229	56.834916955	0.325325454487	0.729844072264	-2.90436310535	4384.18851924
-2075.40430546	1.2701266504	87.7037011109	0.843138681739	0.563122369671	-2.34836836441	3243.20074176
-3002.23170632	1.16084361185	124.982763769	1.46042677905	0.534987609627	-1.66640162077	3122.41935419
-3973.28884202	0.977956551865	233.59797459	2.07838665669	0.749935543412	-0.672091474123	3240.66858449
-5034.49345482	0.996386658688	597.603528752	2.92331653759	1.5348219597	1.14994120691	3108.51424992
-5580.55865132	1.10213528263	998.95561388	3.43339590594	2.33237489799	2.60435488494	3033.08246647
-6105.42423779	1.25664556507	1669.48469476	4.1059576946	3.57310721724	4.61044710513	2886.12352353
-6580.02476975	1.41866616587	2744.28181553	4.83472568175	5.42163411012	7.31317310958	2786.25758512
-6958.42804319	1.62559127516	4409.67944989	5.60677027248	8.08954017262	10.8882087287	2598.51936021
-8232.40550544	0.853257011776	46.0442205387	3.31695721329	0.225926317106	-1.18883250895	1819.18492037
-7840.0814487	1.04373167295	1404.68106735	3.8499279385	4.72783322567	5.72525513339	2216.84858141
-7410.34605139	0.846795420902	18.2857056429	3.3188854308	0.0763795150976	-1.5276244767	2115.38662293
-7120.61047715	1.00174099602	966.404961452	3.70695459751	2.97439579306	3.2655570004	2438.92273199
-6650.23443997	0.910241106851	-2.53948798657	3.3209720474	-0.00965278716081	-1.80907765466	2211.72910613
-6442.58910334	1.01755374891	621.950501703	3.33466885159	1.84693844083	1.5175290235	2588.17768834
-5948.20589912	0.942632475608	-10.6357471424	2.91188340156	-0.0386863966846	-2.03029041991	2339.12029706
-5794.43208731	0.917039763527	389.051493879	3.00124355552	1.16228531161	0.317214430183	2797.69899559
-5301.64100416	1.03831064873	-8.56569065302	2.60640436083	-0.0311071740418	-2.21702307966	2345.92507465
-5182.35157816	1.0158822758	239.12002699	2.63511099601	0.740962030112	-0.556967473614	2794.18056635