U (kJ/mol)	 dU (kJ/mol)	 P (bar)	 dP (bar)	 Z	 Z-1/rho (ml/gm)	 Neff
-1101.55736771	1.34196480535	56.6007805535	0.547433221742	0.726837415901	-2.93668674113	1694.19993868
-2094.89850477	2.34639317703	88.8091438957	1.67714174976	0.570220126695	-2.31021546554	807.308489615
-3034.51556836	2.66907250587	128.013676419	3.23460508335	0.547961404292	-1.6199091984	437.366366828
-4016.90723209	2.96219179649	237.643129267	6.28482556752	0.762921979942	-0.637188180027	300.66378533
-5108.58202436	5.6397259948	586.989666552	21.839486423	1.50756243395	1.09132945514	67.6366183584
-5653.11801264	9.43890126713	1059.07471848	23.9614632046	2.47274178567	2.87872600237	77.0918861012
-6154.10911788	4.84785072649	1814.60605195	24.7881146456	3.88370255865	5.16696623618	64.6730301091
-6616.09662493	8.57934782657	2970.75185733	27.3710214474	5.86905087927	8.05317922574	77.6465194158
-6985.84252732	13.9268349096	4712.25169027	74.366038918	8.64460779635	11.7406888612	28.4107616418
-8324.30330454	4.95589970566	197.774185218	20.4056106526	0.970423492076	-0.0454239885664	1.75585821446
-7896.31324183	9.04178369951	1704.68746567	25.2934248558	5.73758572454	7.27604625727	24.8416127551
-7493.53941201	9.79983885254	158.004776867	18.1752738158	0.659987012581	-0.562365355109	16.1498117716
-7191.97929971	7.73079268968	1110.06895702	25.7339921424	3.41656403626	3.99688230356	27.7026635052
-6742.83520938	12.1664260088	24.5412243246	18.7884295055	0.09328306191	-1.62463905677	15.3685875195
-6515.34221134	6.96319318323	700.4382862	20.4727358052	2.08001503764	1.93515146606	55.4344717154
-6021.2402954	8.48062315931	34.7293193252	15.4856680914	0.126324197634	-1.70774895802	24.5305461715
-5860.59199221	4.77246830914	460.422345898	17.4174202767	1.3755046265	0.733988091343	92.5695784749
-5360.85988993	3.57649991204	10.3793809823	10.4383545416	0.0376937743543	-2.06909152188	135.798673458
-5241.54100263	3.97278603558	264.845368871	10.5685867565	0.820677233332	-0.385568757952	118.781382385