U (kJ/mol)	 dU (kJ/mol)	 P (bar)	 dP (bar)	 Z	 Z-1/rho (ml/gm)	 Neff
-1147.45121621	2.00786228863	55.5442704977	0.641969996598	0.713270270159	-3.08254294302	1214.05753151
-2173.86655018	3.54229359156	82.0549663789	1.96490909956	0.526853331448	-2.54332698911	643.238687246
-3133.43050051	3.13426020442	114.440213203	3.21530527252	0.489860315619	-1.82811816302	421.976704673
-4132.95971223	3.15166280972	208.834589709	6.16912702496	0.670435956441	-0.88576036305	381.80451209
-5248.01731345	5.46763711115	550.066345484	14.1559377493	1.41273246513	0.88743190228	200.069252586
-5811.9806527	6.90309216578	983.508747454	15.2607616522	2.29630934813	2.53385859211	134.240982009
-6340.99232105	3.9255055422	1706.60783099	16.7088682533	3.65255984498	4.75280889056	133.449809213
-6827.66125006	7.20246501028	2822.92632173	23.3503080687	5.57700508368	7.57014933095	139.749051692
-7226.40558736	10.5853952364	4535.38138261	54.3401159385	8.32013988993	11.2423667973	56.2642090273
-8554.37779589	8.64911871925	10.6186201418	34.3540716079	0.0521026463977	-1.45579318095	2.67833092688
-8130.91552335	7.0437338746	1505.56937978	21.8962086291	5.06740006874	6.24676634212	49.7584859102
-7698.40725311	7.56216326638	14.5650032384	15.826486565	0.0608381162022	-1.55332921338	31.6750866326
-7397.38924425	5.94383849032	970.710816661	19.892176473	2.98764833018	3.28747606824	63.3465019993
-6919.52942643	8.50047199549	-60.2646039834	18.4605467871	-0.229070347511	-2.20222608203	50.177349214
-6695.06661147	5.41834798097	602.028744791	17.0848634211	1.78777897629	1.4115281619	121.024205116
-6185.08796907	7.69104607687	-42.6778101868	10.6978468027	-0.155235986002	-2.25810654939	104.58377455
-6024.31742208	4.67751292043	377.957982701	13.3915685499	1.12914361881	0.252433316631	162.967838375
-5507.92469872	2.94081006868	-31.7367242695	7.37611475261	-0.115255131823	-2.39795283091	260.418257247
-5386.69691156	3.15563729449	209.602373094	9.04794410579	0.649495576925	-0.753633002509	226.670427508