U (kJ/mol)	 dU (kJ/mol)	 P (bar)	 dP (bar)	 Z	 Z-1/rho (ml/gm)	 Neff
-1164.39372552	3.5250297002	55.7158943664	1.2235373553	0.715474173498	-3.05884945756	393.454943103
-2202.00213069	4.67566110304	89.0177186604	3.72435063122	0.571559330334	-2.30301678279	142.384567976
-3175.08528672	5.0768517778	121.470651587	6.74721054895	0.519954044644	-1.72027536171	24.378813113
-4190.60336595	6.42837470349	244.180457066	14.8653298577	0.783909210178	-0.580781369161	28.0070593691
-5309.94973803	10.9203046379	522.550656583	42.2451626922	1.34206406789	0.735485071116	2.82345499332
-5912.80430894	16.6885620359	1049.52265209	62.0537864599	2.4504394936	2.83513235363	4.15085812173
-6360.87033335	10.1013977007	1975.47203447	68.3792027775	4.22799526462	5.78386369733	7.56650609192
-6839.56308324	17.1620047237	3217.17832186	52.9041394298	6.35589378228	8.85839429741	13.1691050416
-7231.59915883	16.2098108081	4901.91646445	110.801517021	8.99254710295	12.2750586091	2.53386739449
-8611.55531496	0.566601165378	396.195609857	2.94626535219	1.94402280985	1.44984260586	1.04814339662
-8179.78828508	8.65790095841	1936.89842242	19.29605953	6.51915436829	8.47638962534	3.61845865218
-7782.43166886	7.75986185769	287.179185573	11.6224437847	1.19954938402	0.330045216965	1.74921128262
-7451.84140604	12.2799061896	1247.888768	49.080792123	3.8407450808	4.69845763324	4.36437131434
-6995.74983357	20.9087518379	93.1183912651	19.0557042718	0.353950094032	-1.15758056982	4.27342616903
-6768.17226297	13.7714582935	778.052281083	37.1888246443	2.31049683692	2.34812459721	6.93551105647
-6275.80121407	4.66551027365	52.3941990339	7.16042084034	0.190578314871	-1.58215328344	1.25623795119
-6086.61850592	9.10492830729	496.038290741	37.9541217537	1.48190671003	0.941969183175	12.5457190752
-5578.64911529	4.6354670197	18.3256512555	22.8644690517	0.0665514604867	-2.00704350418	15.8153889168
-5449.13848854	9.41655693364	282.489410398	15.9183644374	0.875350884024	-0.268012844771	14.3261055451