U (kJ/mol)	 dU (kJ/mol)	 P (bar)	 dP (bar)	 Z	 Z-1/rho (ml/gm)	 Neff
-1030.83212822	1.05034309212	58.6141481793	0.603440769913	0.752692022641	-2.65873183357	1389.87048436
-1971.30404037	2.00960193875	98.0628566357	1.81071675493	0.629635779403	-1.99083578234	636.640328427
-2875.73885163	2.76639067	148.401545729	5.57279793125	0.635231497692	-1.3071712411	227.010889037
-3825.55908355	2.98970372675	284.181864631	7.2366104829	0.91232846284	-0.235632418348	209.314204737
-4871.72413993	4.75377128451	644.143181315	42.268267963	1.65434950148	1.40694195858	10.5046091465
-5389.21706171	15.4773371296	1167.04719159	37.4745619952	2.72483735674	3.37148996316	31.7339620832
-5847.92331215	6.46502343881	1974.29053639	44.7487020729	4.2254665686	5.77933282539	23.3533347276
-6269.33326519	8.24397715185	3183.16849298	30.2266103729	6.28870358072	8.74726489073	47.8154936717
-6593.87807922	15.8317638971	4966.78408171	84.6822006072	9.1115465	12.457819443	19.6405228017
-7937.32569061	4.57466424188	497.119805116	27.4858895287	2.4392300579	2.21038838873	2.2619528724
-7508.91813979	10.2830318331	1981.29249542	26.5579682664	6.66857460196	8.70587117885	18.0520385547
-7147.38659686	9.67808167013	368.555697791	21.1805403393	1.53945962127	0.892240628182	14.2356642861
-6848.55187799	8.13170096763	1322.13851139	27.3480696849	4.0692705263	5.07642788164	15.7026404417
-6437.38268425	11.2491836517	192.232856802	19.3016736751	0.730691722835	-0.482541713971	8.16672503314
-6211.85775838	7.56396901144	865.224142419	21.6013005735	2.56936158777	2.81195378907	32.4804025789
-5760.0308251	15.5993650267	153.304480325	16.3756517488	0.557628708163	-0.864690438544	4.6774649413
-5590.40991386	6.1571021275	568.720228962	32.607432748	1.69904287463	1.36639899781	37.3904183031
-5119.93186364	4.73705176727	88.339113272	14.9519525107	0.320812446137	-1.46034720758	56.6526662458
-4999.68005628	4.30756980009	363.786690693	12.6696619513	1.1272670393	0.273641742121	67.591836055