U (kJ/mol)	 dU (kJ/mol)	 P (bar)	 dP (bar)	 Z	 Z-1/rho (ml/gm)	 Neff
-1065.91703141	1.02933182782	57.5865173369	0.500664011093	0.739495728549	-2.80060112369	2007.55451416
-2032.73340716	1.8391298933	92.881776659	1.49336099858	0.596369429215	-2.16965392032	1001.18363647
-2954.53030032	2.17571843954	137.245532222	3.3183964158	0.587478281018	-1.47829794506	530.867088111
-3920.95030354	2.47612714429	257.062636641	5.74719039284	0.825265751721	-0.469628511416	373.610789778
-4987.6057203	4.88949936283	624.492327613	23.4918989508	1.60388031859	1.29842623287	61.4366680669
-5516.95116431	9.10278838735	1106.08301498	23.0570119442	2.58249738366	3.09326211245	96.5693584157
-6006.96434405	4.65199621809	1865.02674286	25.0173221902	3.99161521886	5.36032219452	70.6025107865
-6451.06419041	7.40026419049	3036.04093681	24.9031357465	5.99803672116	8.26651569071	93.8740143175
-6799.95332746	12.3704017936	4798.18599333	63.5028940226	8.80225394836	11.9828038879	40.213877326
-8136.86350111	5.86510832429	296.009189483	25.2565119541	1.45243562009	0.694856555972	2.49085480817
-7709.24573929	8.27466885106	1790.05876006	23.089809149	6.0249258557	7.71734699723	34.4727238028
-7322.03468525	8.29505230497	231.236754261	17.7241833163	0.965877473261	-0.056437040868	26.0666572091
-7025.04244154	6.92031173977	1182.04923159	22.9458373976	3.63810452335	4.36329976202	32.9222814144
-6589.98415066	10.4760146161	88.5338372921	18.1947197216	0.336523855372	-1.18880458996	16.640087272
-6364.81927387	6.22936926546	760.577186953	18.4663337429	2.25860295949	2.25514208354	65.8514405169
-5885.306175	9.41184130849	81.8130323476	15.0943717846	0.297586185624	-1.37298807676	23.1325654865
-5725.03794614	4.48424080658	506.514977833	18.5099679604	1.51320565043	1.00314832161	104.198723791
-5238.6242539	3.59389371925	41.0178003914	10.6642014397	0.148960300725	-1.82985309627	137.501376762
-5120.95028704	3.53720674236	303.459351151	9.9693002646	0.940330509809	-0.128297659288	139.493489051