U (kJ/mol)	 dU (kJ/mol)	 P (bar)	 dP (bar)	 Z	 Z-1/rho (ml/gm)	 Neff
-1107.01149602	1.0976718068	56.4341078766	0.406583297079	0.724697093159	-2.95969669118	2884.69971872
-2103.17505764	1.81533526983	85.9967688321	1.12978442181	0.552162606998	-2.4072808794	1851.43616908
-3040.7355448	1.69638939709	122.228418311	1.91370317127	0.523197658371	-1.70865166461	1574.73749491
-4020.94074343	1.46842075983	227.407960049	2.96457648889	0.730063316666	-0.725501520277	1594.31878754
-5098.06641148	1.8303394984	596.27687661	5.14035253843	1.53141472607	1.14261518321	1308.01594894
-5648.27453286	2.02095539116	1011.06651377	5.67098886351	2.36065158868	2.65962651879	1192.51941358
-6177.35419362	1.9974074123	1702.47327445	6.67446561629	3.64371087867	4.73695347232	1060.9296208
-6652.82269006	2.48443236585	2802.98388904	8.76694006403	5.5376065887	7.50498608883	963.340903804
-7032.59169049	3.20328580705	4508.31773418	11.715008537	8.27049172985	11.1661165022	728.832201054
-8326.09029239	1.58710687424	87.2890881699	6.71089901463	0.428303530456	-0.878018931873	533.194975231
-7927.79828065	2.07001858195	1466.76120742	7.6080438047	4.93678069119	6.04615938988	648.265224665
-7497.99108865	1.57808071974	35.426594901	5.50645916686	0.147977124478	-1.40920542651	728.818143977
-7205.11362336	1.87768778164	993.668307338	6.7002485303	3.05830676677	3.40434177119	805.458892805
-6731.05496887	1.68807400713	-1.04503145492	5.40583745502	-0.00397224411536	-1.79889936008	866.23543042
-6518.82840279	1.668330424	635.933013618	5.87493416555	1.88846077852	1.5919279993	989.976369101
-6020.22180625	2.00590766085	-11.5537421404	4.66237126023	-0.042025505651	-2.03681728015	928.22567223
-5863.89054501	1.73166567508	399.627310688	5.09125747178	1.19388040051	0.378972441565	1120.91572177
-5364.17109727	1.52361709986	-11.6143596982	3.7537497325	-0.0421787247698	-2.2408284455	1084.46463438
-5244.62473789	1.4574867463	239.436499414	4.08325652258	0.741942684273	-0.554858931491	1273.00530443