U (kJ/mol)	 dU (kJ/mol)	 P (bar)	 dP (bar)	 Z	 Z-1/rho (ml/gm)	 Neff
-1072.26635949	1.13381764859	57.1618341595	0.441388498379	0.734042170838	-2.85923064162	2511.90654345
-2033.31568231	1.40460780163	90.4165033929	1.24642667012	0.580540558758	-2.2547395737	1655.89086989
-2943.25955695	1.6169833918	127.574390539	2.09195168457	0.546081044988	-1.62664758615	1450.88879029
-3890.11787794	1.48311113128	229.129654062	3.71811007832	0.735590588626	-0.710646020977	1573.47358967
-4922.88081972	1.23011482377	547.692652851	3.79346084144	1.40663612298	0.874323923227	1926.4332395
-5456.63974385	1.30439903596	906.220479052	4.19874873945	2.11585566768	2.18113097401	1946.78261131
-5978.3078665	1.36239695432	1504.13093446	4.57195666419	3.21920956475	3.97633967403	2087.7259294
-6461.86378724	1.53687606892	2459.0217749	5.27772648692	4.85807115614	6.38106671228	2099.63006335
-6867.38281117	1.75245551248	3926.9010161	6.10102169455	7.20388497274	9.52800786328	2169.4920088
-8059.6259853	1.07372339658	-203.731447059	4.40712396587	-0.999654136271	-3.07109503448	1001.07685935
-7694.18053695	1.22266484132	1072.50164631	4.72853961258	3.60979373601	4.00815542962	1504.99866123
-7246.69776004	1.11452249569	-134.840188377	4.55658328039	-0.563228371113	-2.58550558528	1097.36972987
-6972.26276142	1.19738679774	763.144432327	4.51764611269	2.34880167172	2.23085399427	1572.33463571
-6501.75530446	1.31654347872	-89.3702258137	5.335608395	-0.339703031814	-2.40045573047	1097.06195446
-6297.90791428	1.19086331491	511.998776613	4.36282235183	1.52042681788	0.932491386231	1475.52783525
-5815.70925878	1.26355320148	-57.4081479001	4.30185616565	-0.208816019491	-2.36283789952	1080.57609759
-5662.69000409	1.20155032451	332.482814186	4.58500340186	0.993287257272	-0.0131212051064	1478.93607123
-5188.33044868	2.09294975799	-34.091540231	3.85184909886	-0.123806884731	-2.41634028281	967.673813034
-5066.31410032	1.32278423912	212.573285474	3.62904014062	0.658701553085	-0.733838880102	1457.88100368