U (kJ/mol)	 dU (kJ/mol)	 P (bar)	 dP (bar)	 Z	 Z-1/rho (ml/gm)	 Neff
-1111.20451519	1.60570334929	56.3588157129	0.643225486146	0.723730230844	-2.9700911299	1245.18657113
-2111.95457125	2.82306001011	89.2015120442	2.07632411371	0.572739419253	-2.29667339669	509.974768977
-3057.40331537	3.33597683945	127.534285169	4.16544314917	0.545909374305	-1.62726277901	205.308546654
-4045.63553756	3.88180667708	239.305578631	8.13884602935	0.76825905476	-0.62284386844	147.326376554
-5146.95030741	6.63834480505	565.684486657	34.6194082763	1.45284445391	0.973678227726	18.1167746247
-5700.10914922	14.3183785709	1061.57171747	38.6539620254	2.47857181225	2.89012178762	25.9861773216
-6184.51322133	6.43929606979	1857.29572456	37.8433806678	3.9750689412	5.33067487262	26.5298780803
-6648.59347452	11.2287862679	3032.94883281	34.6086525554	5.99192792562	8.25641203261	37.8156591537
-7020.90371465	18.0948404069	4764.28446011	103.940745474	8.74006171466	11.8872882401	10.8437195443
-8367.34832242	2.46941022095	266.851663725	11.6534130361	1.30936766642	0.475130917368	1.28922825182
-7939.87933159	10.7681325391	1778.72696147	27.7996248883	5.98678562933	7.65877073762	10.4919823042
-7542.53492001	11.9149779861	199.337087358	18.3632966863	0.832632350686	-0.27681815408	5.94097479596
-7232.55395058	9.87999921555	1154.0130827	33.9987958035	3.55181502087	4.22058101744	12.8172210223
-6787.62659482	15.9071854183	40.2797161824	17.8708589721	0.153106267587	-1.51744891576	7.53706334793
-6558.1099527	9.15431816263	722.366309008	25.7744291707	2.14513229077	2.05182738582	24.4598699478
-6068.32759548	12.492428784	40.1312053323	19.860236544	0.145972982258	-1.66934204395	5.12206784026
-5899.1241321	5.89201741879	470.962315601	24.916617703	1.40699262272	0.795536771757	41.1051019903
-5398.53453301	4.32673336052	12.3230784998	14.2016995018	0.0447525089516	-2.05391426591	59.1358229416
-5275.88345557	5.4083194156	271.372484887	12.8989867944	0.840902829634	-0.342080927657	54.7215785386