U (kJ/mol)	 dU (kJ/mol)	 P (bar)	 dP (bar)	 Z	 Z-1/rho (ml/gm)	 Neff
-1034.1272231	0.576483137187	58.4900308423	0.265457855881	0.751098173163	-2.67586681802	6485.02225698
-1974.46602738	0.754215644212	94.5846090868	0.653837677011	0.607302867824	-2.11088290628	5721.63841252
-2872.69505271	0.756375812022	140.595581303	1.13321474261	0.601818136337	-1.42691015703	5248.39823194
-3816.35746142	0.738153090181	264.250949935	1.72875569429	0.848342885181	-0.407604724199	4799.25924866
-4838.58489379	0.843896753017	650.445398773	2.4851727327	1.67053545301	1.44174399372	4332.6376387
-5361.5018347	0.961063499768	1064.1894239	3.04923422562	2.48468366816	2.90206845654	4116.04018402
-5860.74762941	1.10056490916	1747.48425464	3.61083840317	3.7400454295	4.90956398307	3818.21707756
-6309.27706133	1.27028752581	2829.16723545	4.3033946599	5.58933470322	7.59054193689	3560.96380979
-6660.5934923	1.4791090989	4493.88265701	5.06284632847	8.24401063571	11.1254464907	3305.32058267
-7925.49705606	0.749321887547	169.514307387	2.95826385004	0.831760049722	-0.25838512097	2554.0400053
-7537.73911617	0.935422444727	1512.0205949	3.48583142233	5.08911337427	6.28011392138	2841.89240146
-7134.34463596	0.757014017122	119.936100634	2.88392712282	0.500973896662	-0.82536550719	2954.16249609
-6847.55754954	0.905051038259	1060.0886443	3.29704689736	3.26273490891	3.74245622271	3210.41569873
-6401.47493968	0.720942027989	82.4860547015	2.65399541627	0.313535773345	-1.22999422074	3331.96208905
-6194.93115348	0.890566137191	708.86210951	2.99732093023	2.10503034521	1.979973443	3541.26850486
-5723.15521145	0.721245545434	56.9976296314	2.40457133563	0.207322803041	-1.5494233141	3694.01982153
-5573.92163881	0.786117808791	454.949702046	2.59440313558	1.35915518776	0.702030313768	3856.31236878
-5097.33562547	0.717352886812	43.9156185006	2.11294283177	0.159484020984	-1.80722564173	3978.89121164
-4982.74947324	0.759763114898	293.011345801	2.2533908481	0.907955240569	-0.197908967329	4145.67016953