U (kJ/mol)	 dU (kJ/mol)	 P (bar)	 dP (bar)	 Z	 Z-1/rho (ml/gm)	 Neff
-1079.72941667	1.39455875469	57.0247850663	0.707145040645	0.732282258558	-2.87815091605	1019.9904204
-2057.91094244	2.91077879595	95.3414561855	2.39182787551	0.612162383743	-2.08476132747	360.627011037
-2989.13403134	4.14436909837	136.95648546	6.83595587828	0.586241018919	-1.48273175286	79.5580117419
-3963.48520892	4.34103623065	271.738169302	9.8090041046	0.872379617241	-0.34300184979	87.4845770117
-5039.89882747	6.33533509284	585.58283236	44.5908990866	1.50394926919	1.08356065102	3.74344728998
-5595.12959159	20.9157053177	1119.05066726	56.4606604147	2.61277443126	3.15244378641	7.99258410802
-6039.71653597	8.74575731979	1992.78615789	64.0977170662	4.26505174053	5.85026082254	10.1601055167
-6481.81987591	11.9072792554	3219.38241827	41.9012061093	6.36024822	8.86559633089	21.7203389398
-6833.72332526	19.4539184537	4952.49262268	117.565827828	9.08532887279	12.4175540674	5.55545531539
-8190.05791164	2.56339424352	486.068426999	14.9673170837	2.38500398723	2.12710727858	1.32805565498
-7762.78570949	11.0724272902	1991.06821155	26.7341580366	6.70147741286	8.75640374712	6.16308754086
-7390.49064059	12.0945809669	354.499241155	18.5080571648	1.48074570764	0.795130599704	3.89169483839
-7074.54661029	11.2331976156	1318.87543037	39.5726491399	4.05922743379	5.05981708294	7.66209125754
-6648.37434511	15.8969087761	169.630542798	20.3804430478	0.644778606655	-0.636479286076	5.37323913141
-6423.23581818	10.692721413	846.649786098	29.8227364692	2.51420335153	2.71312225617	13.511650874
-5963.49056129	10.3246295924	122.608095803	11.1054336146	0.445973881052	-1.08293891715	1.67473789814
-5780.50113623	7.18973800805	538.482543181	40.1540361433	1.60870825674	1.18982451886	18.1089660712
-5297.2512257	4.6559621275	62.7751801396	19.8188464763	0.227974431159	-1.65996178409	24.5455561255
-5169.73733332	6.46165337738	341.387509936	14.5853443458	1.05785862272	0.124404043694	31.0996893552