U (kJ/mol)	 dU (kJ/mol)	 P (bar)	 dP (bar)	 Z	 Z-1/rho (ml/gm)	 Neff
-1085.8240892	1.23762435222	56.906546648	0.449299577752	0.730763903059	-2.894474288	2432.55378423
-2056.09567371	1.45147761519	89.2183062936	1.25988406048	0.572847250706	-2.29609376534	1643.39670423
-2972.95574321	1.61317551487	124.16055253	2.0419405234	0.531468141725	-1.67901385893	1505.62933906
-3926.93602748	1.39999850379	222.540632116	3.10183837988	0.714437401136	-0.767498870664	1750.27861877
-4968.63449986	1.18774963868	538.444616093	3.49996116136	1.38288443944	0.82325451752	2204.38627636
-5507.18753471	1.20542347471	897.307129434	3.89067587848	2.09504466005	2.14045229605	2284.18148883
-6034.11810624	1.26619371925	1495.66987677	4.2177264388	3.20110082353	3.94389275812	2470.07013256
-6523.11074626	1.43717867116	2453.52329569	4.88131639041	4.84720829859	6.36310006109	2518.5681814
-6933.41272128	1.59955267186	3928.62191137	5.46010965416	7.20704194858	9.53285638816	2516.7605082
-8130.53414487	1.02302740501	-220.117189645	4.36480805447	-1.08005446517	-3.19457491351	1076.24414672
-7763.64016057	1.15032913507	1062.79970836	4.40475390898	3.57713924547	3.95800423501	1690.78983682
-7311.07541193	1.1050839048	-149.884629429	4.39483961198	-0.626069102278	-2.68944117422	1232.74151041
-7035.08013601	1.0860711359	753.579057112	4.06256443461	2.3193614133	2.18216120314	1821.26045301
-6560.9811074	1.23391354286	-106.685579125	4.41570416823	-0.405520007917	-2.51838540123	1194.20569528
-6355.03941339	1.10339384272	500.444012759	3.92356013234	1.48611389832	0.871010115807	1732.21366785
-5868.24947338	1.13917014074	-68.5051935026	4.17806278149	-0.249180340159	-2.44173687598	1253.18381079
-5714.16665631	1.14416536791	321.848778844	4.06735980375	0.961518241406	-0.0752191865254	1737.170133
-5236.39410892	2.23880415645	-43.3450543092	3.73014228277	-0.157411959276	-2.4885958424	923.612211973
-5112.78679964	1.25880407048	204.015607919	3.47760279217	0.632183848926	-0.790855612814	1645.11804957