U (kJ/mol)	 dU (kJ/mol)	 P (bar)	 dP (bar)	 Z	 Z-1/rho (ml/gm)	 Neff
-1075.93589373	0.72477923709	57.2740743702	0.292098837263	0.735483500515	-2.84373535054	5421.97349913
-2046.97420812	1.01887975657	89.7393273418	0.734531305009	0.576192589655	-2.27811141145	4365.03529722
-2964.908524	0.964328603439	128.876670018	1.2818831965	0.551655440724	-1.60667138276	4139.55633511
-3927.69934582	0.845982634251	241.079195883	1.87125056708	0.773953019443	-0.607540353619	4107.45157747
-4976.6618996	0.896179049792	605.027099993	2.60235012687	1.55388787818	1.19093556944	3913.3033595
-5516.42779628	0.999185586367	1005.31096449	3.15394590051	2.3472134554	2.63335938624	3774.33902114
-6034.6721806	1.13742614609	1672.22005223	3.72859085518	3.57896155393	4.62093680002	3534.9526598
-6504.07131394	1.29970036998	2736.85570974	4.44964613453	5.40696301176	7.28890780871	3345.08257123
-6878.59453891	1.51613421925	4381.9665447	5.2082208819	8.0387009535	10.8101291895	3123.19258078
-8142.27129858	0.822860709439	50.3938199922	3.26876346484	0.247268604453	-1.15605474428	2112.02966333
-7754.58250617	0.976629728712	1396.01597687	3.64033652503	4.69866852514	5.68046360402	2545.00266346
-7328.62888568	0.825147590415	26.5807587603	3.15559885795	0.111028007597	-1.47031751341	2460.29154681
-7041.62644207	0.927957118635	966.187969362	3.40699857756	2.97372793602	3.26445239652	2872.18887069
-6576.22211444	0.78348998198	9.60273946067	2.99777660319	0.0365007437187	-1.72638059042	2749.81188066
-6369.27096839	0.948851735786	632.163747743	3.16969594701	1.87726760153	1.57187226665	3140.86483057
-5881.58887877	0.825853036136	1.19343587894	2.62429559999	0.0043409958146	-1.94618601355	2924.95698991
-5729.53975661	0.82421820763	397.44626519	2.75746946474	1.18736456087	0.366236117256	3388.59159576
-5241.68540294	0.880621396136	2.27036791361	2.36643976619	0.00824507126027	-2.13241030781	3054.02849079
-5123.43507624	0.883679396937	247.762413176	2.41118858153	0.767742221188	-0.499386357713	3529.6556967