U (kJ/mol)	 dU (kJ/mol)	 P (bar)	 dP (bar)	 Z	 Z-1/rho (ml/gm)	 Neff
-1143.50644311	2.29418550069	55.7372789189	0.77840329195	0.715748782659	-3.05589721912	881.208678819
-2167.26500153	3.73058609477	85.043248261	2.38868817438	0.546040302504	-2.44019038356	397.582844671
-3128.10744265	3.93938003927	119.741699079	4.14619604335	0.5125532788	-1.74679647911	172.960599761
-4129.94846404	4.60750506944	220.113465387	9.29433814831	0.706645301898	-0.788441484958	118.232081114
-5252.42134218	7.75672668839	537.084288903	29.9142970587	1.37939071836	0.815742533841	25.6578799126
-5817.69541922	13.1530061622	1019.76421007	35.5391517529	2.38095908607	2.69932099976	25.0955958416
-6312.9282239	6.61881623298	1808.08979686	35.1654741247	3.86975617258	5.14197735316	28.4965539471
-6793.93365084	12.3369114129	2965.50312399	35.9606371426	5.85868142248	8.03602863603	35.7022714908
-7183.98617251	18.3945993396	4680.74526305	107.506996065	8.58680937551	11.6519212888	9.73648506033
-8530.82892457	1.81203786659	172.876580882	7.8724528217	0.848257800342	-0.233047659311	1.17809950908
-8103.46571937	10.673358812	1691.81061788	27.5459515962	5.69424521812	7.20948333939	9.66121486484
-7691.65223831	11.6418149803	129.161804065	19.2270867035	0.539509721763	-0.761629080145	4.96409791921
-7378.56674682	10.1142938995	1082.80246036	35.6053827264	3.33264336512	3.85808149367	12.5114824512
-6920.91468039	16.8082591041	-20.6720550471	17.6703951501	-0.0785760549378	-1.93257312281	7.69583471565
-6689.25500701	9.51079211095	663.717360531	26.8725528534	1.97096891739	1.73976459447	23.9261690819
-6184.32284539	10.7921897434	-3.22535823949	20.0045621345	-0.0117318968411	-1.97760323446	7.30503897631
-6017.21154823	6.23986093394	429.001136349	22.0562588134	1.28163424968	0.550502366128	39.8212207066
-5503.97449291	4.25119600601	-13.8307163048	13.0822367162	-0.0502276484927	-2.25813474508	67.1462668074
-5381.06290949	5.70178716183	233.98570658	13.4498169595	0.725052294227	-0.591175606906	50.0868302976