U (kJ/mol)	 dU (kJ/mol)	 P (bar)	 dP (bar)	 Z	 Z-1/rho (ml/gm)	 Neff
-1075.35104503	0.808251901188	57.3125506577	0.339675336227	0.735977592736	-2.83842351737	4119.78958467
-2047.76365166	1.2057264136	89.640854491	0.878254923169	0.575560321411	-2.28151007194	3038.34740713
-2969.39386726	1.19722254492	130.295934421	1.53372522161	0.557730589389	-1.58490069924	2645.10614814
-3935.26519894	1.08108575569	243.619924923	2.37621506509	0.782109695531	-0.585617875988	2470.17375764
-4989.46835021	1.26776021429	625.501909268	3.69535661713	1.60647322178	1.30400133345	2160.42438338
-5527.82531605	1.38332773738	1043.22677921	4.24435655362	2.43573980559	2.80639929633	2039.91669679
-6044.60342583	1.55160328882	1734.71723751	5.07347912187	3.71272087768	4.86060434393	1869.37485213
-6507.52041858	1.80481255052	2837.08921179	6.21416739564	5.60498544904	7.6164275282	1731.95436171
-6871.01422033	2.14111860122	4543.86250426	7.37660270139	8.33569847532	11.2662618767	1567.18674262
-8158.85224868	0.956041992918	146.181019218	3.96363995188	0.717270026865	-0.43422039884	1379.58230223
-7762.58802102	1.33773802595	1514.90259401	5.02453713106	5.09881352007	6.29501153244	1451.20099912
-7346.59905028	1.00999678169	86.9912121253	3.8877591836	0.363362876426	-1.05296760807	1543.24102798
-7054.61719694	1.31266161143	1044.19212684	4.76178242458	3.21380869626	3.66153458745	1615.74126821
-6593.49669978	1.06527000175	44.8660552768	3.71101342573	0.17053929163	-1.4862127377	1692.85179073
-6384.50180858	1.18141962675	677.164307915	4.12450170785	2.01090084761	1.81131390686	1782.76891402
-5896.30637978	1.09885981038	23.2064067304	3.30630022954	0.0844108311691	-1.78967580974	1812.44662246
-5742.618427	1.15387219328	431.723965464	3.5630024722	1.28976865948	0.566402462973	1950.24571843
-5252.72684081	1.0773261049	13.3541696417	2.90314282878	0.0484970209706	-2.04586304701	1924.97995168
-5135.44935484	1.11013317569	267.07020339	3.16619566644	0.827571335523	-0.370745484432	2095.11884207