U (kJ/mol)	 dU (kJ/mol)	 P (bar)	 dP (bar)	 Z	 Z-1/rho (ml/gm)	 Neff
-1010.94930034	0.548739447036	58.9825340688	0.260461075128	0.757422640228	-2.60787442208	6841.85273164
-1930.74324507	0.699137001	97.6460355484	0.635328138938	0.626959480963	-2.00522181209	6115.3393443
-2812.7844259	0.702517899313	144.382478156	1.09987825987	0.61802791466	-1.36882138041	5615.53851599
-3736.38669172	0.707104459669	267.224983102	1.66362231545	0.857890627123	-0.381943516511	5159.21381498
-4736.18776353	0.805860531542	630.46994918	2.39175516524	1.61923261222	1.33143578819	4678.60145302
-5248.16857203	0.902455401018	1022.89108862	2.92323301861	2.38825976383	2.71359142456	4385.57192646
-5740.12671343	1.0489553345	1669.08045838	3.38529830044	3.57224205212	4.60889691786	4134.81514859
-6188.01201342	1.19251593281	2686.85175706	4.00219656312	5.30817463881	7.12551652517	3827.94087804
-6550.76258263	1.37669195946	4243.67728677	4.70780902802	7.78500983599	10.4205070458	3574.18856531
-7766.83819811	0.702223602993	50.3844029988	2.84778403004	0.247222397859	-1.15612570897	2698.18103932
-7395.95950505	0.870007239733	1345.51918857	3.31283613811	4.52870795609	5.41943593418	3046.33823101
-6986.5432667	0.726243573039	54.6949396106	2.79802420626	0.228461129548	-1.27608869931	3139.81417041
-6708.29960073	0.86445109144	968.65243808	3.19397915234	2.98131306407	3.27699783858	3441.72269347
-6267.47822741	0.694799004612	44.0125488022	2.52597377227	0.167295048545	-1.49202571394	3569.69694866
-6064.23962433	0.832360073465	662.662214204	2.87112477219	1.96783556464	1.73415030953	3825.49657058
-5603.09991158	0.69290747716	42.1564550733	2.32340900063	0.153339612342	-1.65494270404	3919.25044215
-5453.77635143	0.762930993415	438.505848448	2.53536479611	1.31002942985	0.60600560797	4131.90870151
-4992.49359202	0.690200993878	40.9884130486	2.01838828618	0.14885357761	-1.83008256573	4268.61075939
-4876.02804989	0.732871736312	289.646585995	2.20565910472	0.897528848065	-0.220327153722	4430.64603706