U (kJ/mol)	 dU (kJ/mol)	 P (bar)	 dP (bar)	 Z	 Z-1/rho (ml/gm)	 Neff
-1068.9382219	1.13767636281	57.4510977291	0.565980348265	0.737756741262	-2.81929643998	1581.10519377
-2038.34143787	2.1629491076	93.7017685331	1.765225123	0.601634381109	-2.14135298292	694.99322339
-2962.52096949	2.69808115505	137.72243681	4.36792477039	0.589519666865	-1.4709825084	281.584461414
-3931.13722061	3.08854556483	261.149083845	7.04388926965	0.838384752474	-0.434368928046	216.050960042
-5003.61544981	5.29204173963	608.506162342	36.3931075428	1.56282313548	1.21014760884	17.3305649706
-5537.34556907	14.0148795916	1113.34366376	35.7199435281	2.59944964333	3.12639820676	35.7216574062
-6013.06229773	5.97650192086	1904.93202812	37.7752286978	4.07702232873	5.51335311364	29.8364137228
-6455.64151395	9.20679535576	3094.07337159	30.7529474644	6.11268625391	8.4561405803	48.9385732002
-6804.09433374	16.3714976192	4852.70039458	89.6559796038	8.90226041004	12.1363951226	17.1038256525
-8147.53554766	4.02021820361	363.850258761	20.5574710503	1.78531307466	1.20609411415	1.71346135512
-7719.45941053	10.3613451606	1863.47683937	27.2088165661	6.27203421559	8.0968592555	15.6246047119
-7338.59604936	10.8792207761	273.470938003	19.4325156365	1.14228994199	0.23534081554	10.7754730288
-7035.8224923	8.75002286366	1227.24863736	29.2130039609	3.77721900197	4.59338851176	16.2714974448
-6606.78681446	13.1813376991	109.287233405	18.418938467	0.415409093891	-1.0474594423	8.65443321383
-6379.46286282	7.96470252363	787.15140223	22.7014329186	2.33751750268	2.39653973879	32.3109302673
-5907.27489247	13.9052107622	93.12807252	18.417853592	0.338743438307	-1.2925391789	5.79699232506
-5739.12098331	5.55443951388	517.926184287	26.7720446666	1.54729645296	1.06978463262	48.1777689151
-5253.81678335	4.34209535035	47.0193603338	14.0402473296	0.170755574126	-1.78299024304	65.8693885735
-5132.88937275	4.55729436366	315.0760853	12.0588084143	0.976327322902	-0.0508995309159	72.6434859454