U (kJ/mol)	 dU (kJ/mol)	 P (bar)	 dP (bar)	 Z	 Z-1/rho (ml/gm)	 Neff
-1126.22098106	2.29686045668	55.9882962469	0.963459781978	0.718972214992	-3.02124309171	569.201479199
-2139.00298729	4.14167341258	94.8479357169	3.63336750243	0.608993618774	-2.10179453515	149.265753985
-3094.71421891	5.64334653511	129.669084827	7.79038115661	0.55504736527	-1.59451620436	18.6856068554
-4092.28448899	6.06884401208	274.465626452	14.2591479918	0.881135759341	-0.319468203578	29.0583141437
-5184.64500119	7.54523850154	560.406159585	34.3546343275	1.43928815461	0.944530308688	1.89661145898
-5780.7228961	17.8253300577	1097.75209155	59.5393934331	2.56304623245	3.05524150673	2.99230559563
-6206.41944879	10.8684127354	2063.13957231	82.1089423004	4.41562532386	6.1200558535	5.63573187834
-6662.31881168	15.4551423272	3337.19999917	54.1114588125	6.5930099618	9.25057321244	12.3083713842
-7034.11101026	15.8485534507	5032.42992994	109.563942402	9.23197355881	12.6427728985	2.46428745177
-8417.19140759	1.03724920793	536.346452381	5.85186514971	2.6317044194	2.50599303612	1.09670431865
-7984.67171714	8.55718364765	2071.95045528	20.1127884591	6.97370843253	9.17449971561	3.51708806703
-7607.26553728	8.75065622733	394.604092358	14.1031287106	1.64826394007	1.07219781111	1.86846230359
-7276.25701628	12.7580891986	1363.22525526	49.4388560495	4.19572707714	5.28558101915	4.38076853219
-6836.63662337	18.5839445	188.554188085	21.0975667057	0.716708822993	-0.507596021723	4.30112519071
-6612.075301	13.9001216091	872.532923863	37.9567675956	2.59106567735	2.85084278534	6.84206897103
-6141.5281804	3.44724560152	125.461156393	4.02529967206	0.45635158487	-1.06265391802	1.1400745124
-5948.85722093	9.10993184557	546.696317764	46.3790464272	1.63324678108	1.23778926648	10.974135478
-5456.8651793	4.30831400887	62.2306651155	25.3615409585	0.225996969644	-1.66421359993	12.6831737966
-5325.40553094	9.10812524491	341.498329355	15.4082319038	1.05820201923	0.12514239369	14.9430776938