U (kJ/mol)	 dU (kJ/mol)	 P (bar)	 dP (bar)	 Z	 Z-1/rho (ml/gm)	 Neff
-1084.06903958	1.46234299209	56.5794674516	0.56828099289	0.72656372427	-2.93962911549	1537.53295965
-2052.07337968	1.88838938925	88.9192812399	1.74822860571	0.570927289579	-2.30641422045	820.788897567
-2967.27645964	2.43363818928	123.592970672	2.94683868581	0.529038612627	-1.68772023173	665.396059483
-3917.72046704	2.75143479657	227.902380628	11.377297095	0.731650588841	-0.721235451796	538.671513615
-4954.5805561	1.78860137335	528.375291558	5.78364199568	1.35702344687	0.767649805584	924.585323797
-5493.30450552	1.86933539371	873.695814241	5.85795264511	2.03991664625	2.03269515334	978.833001254
-6020.37498881	1.98428823777	1458.97802544	6.95569605086	3.12257125139	3.80318488705	1020.5961078
-6511.12228983	2.22605818791	2394.69345449	7.37664318021	4.73098340071	6.17086959229	978.785149999
-6924.67440539	2.59131934916	3844.08555734	9.5446955422	7.05196032876	9.29468000359	1087.89222764
-8110.04307117	1.95194555369	-274.880772763	6.87058800769	-1.34876429456	-3.60726299181	383.26430415
-7746.7869	1.90814845025	996.962872224	7.25284890964	3.35554760551	3.61768088967	569.680154751
-7291.90549109	2.11422237253	-188.081120378	7.02376680808	-0.785616101124	-2.95332434335	268.895175556
-7017.3271885	2.22657441622	709.738635061	8.47100353884	2.18442960716	1.9589903953	588.595342391
-6538.9587067	2.41992693665	-105.976702233	13.3545020754	-0.402825512888	-2.51355745363	270.882326333
-6339.26600566	1.91383704417	471.975848928	7.18255366487	1.40157510307	0.719535027154	477.602412287
-5852.74951083	2.53626798393	-88.4565708872	6.3136109236	-0.321751349001	-2.58358933933	362.689371435
-5699.32046026	1.82322537057	311.526344737	10.3871249326	0.930680129404	-0.135497556943	421.336389223
-5224.28181289	3.79120146429	-54.0420524971	6.98492967117	-0.196259192714	-2.57212276888	325.143240229
-5099.73976989	2.04428018892	189.946912543	5.13725534449	0.588589135352	-0.884590278402	613.602213038