U (kJ/mol)	 dU (kJ/mol)	 P (bar)	 dP (bar)	 Z	 Z-1/rho (ml/gm)	 Neff
-1104.74336959	1.48854228095	56.5090047947	0.61508073014	0.725658879938	-2.94935681799	1353.63417288
-2100.73730356	2.65288584489	89.711432227	1.97377605789	0.576013482469	-2.27907417452	565.805258892
-3042.86365761	3.14984296745	128.812509487	4.03929725156	0.551380802141	-1.60765556767	237.709150867
-4028.01492823	3.646470992	241.665058994	7.71550699704	0.775833855831	-0.602485280548	169.296779992
-5124.92805345	6.31300907756	573.313219415	33.3466481773	1.47243728762	1.0158055309	20.8959516505
-5674.3454584	13.7264161763	1067.56751341	36.5036771218	2.49257087662	2.91748535603	30.6844252855
-6160.00012778	6.16143122173	1857.0646213	36.0597506851	3.97457432348	5.3297886255	29.6995995301
-6621.16584759	10.6638660145	3031.85541487	33.2411587493	5.9897677568	8.25283921584	42.1437762245
-6990.24902337	17.5320204731	4768.16636404	99.3397771312	8.74718305264	11.8982252844	12.6856458963
-8335.33974435	2.84539961961	269.328918188	13.3346153973	1.32152287224	0.493799041799	1.35441195606
-7907.65571497	10.629625551	1779.65109744	27.7822921962	5.98989605834	7.66354777527	11.9812571381
-7511.6880164	11.7506675843	202.725592113	18.5992559139	0.846786157769	-0.253408428449	7.02457754024
-7203.65163852	9.53178634946	1156.8976683	32.4719521701	3.56069318231	4.2352650754	14.2592712957
-6760.37424606	15.2246773022	45.4270378098	17.9748736374	0.172671628944	-1.48239205415	8.13796978221
-6531.12644627	8.76270860041	726.905526582	24.7956820775	2.15861190918	2.07597992297	27.5691597406
-6042.77199279	12.4646050492	45.6026359369	19.6689362388	0.165874727943	-1.63044067417	6.02919767189
-5874.87770541	5.6899472375	475.239844112	24.1851200554	1.41977167289	0.820515613507	46.0506164733
-5376.2109853	4.25350411103	15.8905077071	13.7368376922	0.0577079898027	-2.02605818966	65.6607896527
-5254.19814961	5.12279942096	275.574414505	12.520265481	0.853923363044	-0.314084979413	61.8587592572