U (kJ/mol)	 dU (kJ/mol)	 P (bar)	 dP (bar)	 Z	 Z-1/rho (ml/gm)	 Neff
-1093.19315364	0.846651798507	56.8006340059	0.322555045331	0.729403828687	-2.90909602835	4454.02847183
-2077.43854656	1.26692762131	87.6008205831	0.83454886511	0.562461800894	-2.35191915006	3297.9731381
-3004.3573217	1.15369127001	124.478674531	1.45214252322	0.532829860125	-1.67413405401	3200.89655091
-3975.5654351	0.960832153035	232.620572363	2.05023652105	0.746797722239	-0.68052491119	3366.60174289
-5036.8440896	0.972446774725	593.430409627	2.83463227504	1.52410416008	1.1268964549	3276.67483714
-5583.48236473	1.07427031162	992.371537112	3.35575140058	2.31700230769	2.5743065249	3206.63210834
-6109.01907704	1.22101198262	1659.44646282	3.99741786929	3.55162293583	4.57195195716	3052.5760155
-6585.0181172	1.3802743209	2728.82126408	4.71449970422	5.39109007029	7.26265471634	2947.82579528
-6965.6420401	1.58575041608	4385.19464115	5.46948800234	8.04462288416	10.8192241682	2748.56334474
-8236.29971742	0.87014370976	30.3588092082	3.38429771742	0.148962320915	-1.30703482316	1819.90508744
-7845.2885946	1.03095733946	1385.75344411	3.79768483842	4.66412720147	5.62741458635	2266.56868409
-7413.58885261	0.849987564574	7.53710562826	3.31218060833	0.0314825407544	-1.6018819429	2129.03911159
-7124.55932941	0.976345768652	953.080082312	3.60478272574	2.93338455446	3.19772635683	2525.01385667
-6652.95802544	0.888143610963	-9.07589683464	3.34563399201	-0.0344981747902	-1.85359517212	2258.69521147
-6445.53878038	1.01215120514	613.828244831	3.30586727381	1.82281866216	1.47431163909	2689.52073167
-5950.89457392	0.932108447876	-14.8781227628	2.89194540769	-0.0541175858563	-2.06045332148	2367.07920804
-5797.16569201	0.891773946993	383.30088346	2.95343227645	1.14510545206	0.283633452931	2907.27380777
-5304.40031663	1.0426229314	-11.2061468175	2.59955177839	-0.0406962583065	-2.2376409375	2378.41838831
-5184.87742896	1.01135842073	235.142270509	2.59854044229	0.728636142755	-0.583469836738	2890.46355074