U (kJ/mol)	 dU (kJ/mol)	 P (bar)	 dP (bar)	 Z	 Z-1/rho (ml/gm)	 Neff
-1108.25329727	1.01917396282	56.4814210516	0.353532200259	0.725304664036	-2.95316488397	3899.04289954
-2100.67366445	1.51927552271	86.5085099393	0.892510877718	0.555448361891	-2.38961881042	2764.95205189
-3031.68631175	1.45458975288	119.604172397	1.60239666894	0.511964597057	-1.74890605776	2602.50768623
-4006.44136094	1.04696579424	222.045414425	2.21395323667	0.712847569938	-0.771771816961	3096.91508371
-5071.59414774	0.980691761001	559.670104185	2.72112314671	1.43739774744	0.940465671744	3514.37808903
-5622.79578366	1.02659506986	943.032608103	3.28623389075	2.20180511783	2.34913389173	3465.56316632
-6155.71428998	1.17450353473	1585.75631695	3.79967743012	3.3939079278	4.2893610502	3317.40067961
-6643.42164825	1.31230139346	2617.73929802	4.51089552654	5.17163528515	6.89968690998	3164.31205442
-7040.56101371	1.52401632137	4214.13214276	5.27675951158	7.73080938173	10.3372652777	2997.98071046
-8290.84268031	1.01381722138	-86.8900444399	3.836806943	-0.426345532704	-2.19060016604	1468.22179504
-7908.40980059	1.04317731415	1246.3391031	3.99345738073	4.19489061185	4.90675488114	2084.17338857
-7459.89566105	0.96025686823	-73.9782504135	3.74358285395	-0.309007648088	-2.16503656653	1828.38198014
-7175.92030994	0.970704835066	856.054011005	3.67315284161	2.63475825408	2.70381261919	2458.48259229
-6695.42122586	1.06125447386	-63.3506397307	3.4577298958	-0.240800604317	-2.22324414462	1768.02633545
-6487.57694927	0.988946333848	555.172006182	3.47454493067	1.64863363995	1.16221005776	2696.02939124
-5991.03569009	1.04362785621	-52.7820701426	3.08010399676	-0.19198915469	-2.32994691095	1820.17713461
-5836.11693301	0.968661691483	342.178441563	3.12852305769	1.02225279388	0.04349689605	2567.13753115
-5342.01532725	1.1315869179	-33.0125121437	2.95006717757	-0.119888284834	-2.40791475089	1918.89153077
-5219.92186816	1.07826415178	206.25133169	2.81477745223	0.639111693679	-0.775959788115	2691.2238678