U (kJ/mol)	 dU (kJ/mol)	 P (bar)	 dP (bar)	 Z	 Z-1/rho (ml/gm)	 Neff
-1111.22901118	1.50282411931	56.364494718	0.585551215005	0.723803157637	-2.96930711643	1491.85036864
-2111.72592278	2.61000262735	87.9341934025	1.81573397379	0.56460229998	-2.34041322714	688.40078914
-3056.30720581	2.94435936886	125.990417414	3.41834908111	0.539300862102	-1.65094480485	355.026988421
-4043.2128987	3.2956761568	233.469879619	6.85229936114	0.749524311371	-0.673196731351	243.121780563
-5142.52260554	6.09064517554	574.718371291	23.914791843	1.4760461317	1.02356504496	52.4177295055
-5691.56190795	10.4542601701	1049.50766098	26.7439816121	2.45040449217	2.83506393735	58.1732165579
-6191.74248594	5.21730984719	1811.58613292	27.150365684	3.87723919034	5.15538528942	52.0014981239
-6658.01943548	9.42491262215	2967.90631432	29.4204253653	5.8634291924	8.04388122228	63.3772257519
-7032.60476299	15.2250127372	4703.91463502	83.2619769067	8.62931350022	11.7171996807	21.4549662177
-8373.08811277	3.99238060197	189.773316405	16.7058193953	0.931165430946	-0.105717033455	1.52048350495
-7944.95559032	9.64935981079	1700.85995433	26.5517556296	5.72470320215	7.2562611105	19.1539083937
-7540.0663934	10.6521882661	150.006618142	18.7203963376	0.626578649949	-0.617621202417	11.6203507412
-7235.88455854	8.37253512876	1102.50069456	28.1012112537	3.39327048035	3.95835586686	22.315900897
-6785.05953655	13.3677603936	12.0232601643	18.701968769	0.0457013271804	-1.70989515091	12.5227961456
-6556.18628842	7.59212410202	690.939703531	22.0644092505	2.05180813465	1.88461084601	44.5108878502
-6059.46731136	9.30519742191	25.499868442	16.8925581291	0.0927530537108	-1.77336950731	17.6106137947
-5897.41630339	5.11172712722	452.366439872	18.6513612515	1.35143773203	0.686945225056	74.730650471
-5394.46532544	3.76270409209	4.24361860015	11.0984234756	0.0154111311871	-2.11700228753	113.474629771
-5274.25487541	4.3552134378	257.315155914	11.2721248885	0.797343337172	-0.435739862983	95.9792125045