U (kJ/mol)	 dU (kJ/mol)	 P (bar)	 dP (bar)	 Z	 Z-1/rho (ml/gm)	 Neff
-973.855896879	0.644808036419	59.9137570265	0.324810129292	0.769380915036	-2.47931469567	4615.82632739
-1865.13619021	0.882604866438	101.434070822	0.821942596064	0.651281457942	-1.87448277367	3729.97500251
-2725.86511481	0.926520643577	154.838140912	1.46528369128	0.662783286171	-1.2084376462	3250.46373731
-3625.68963966	0.953587893328	283.74766642	2.20596016725	0.910934526647	-0.239378862938	2903.39216013
-4597.54310224	1.08952247791	651.045728616	3.19366855779	1.67207727695	1.44505912851	2589.13885554
-5093.03514103	1.1879772236	1039.81360892	3.73791598247	2.42777069004	2.79082229542	2391.95130949
-5570.61573653	1.3815920987	1676.09153767	4.48753224003	3.58724748348	4.63578337914	2297.56957285
-6005.67336725	1.57264549855	2668.23539146	5.29929179815	5.27139593693	7.0646862966	2145.61298968
-6358.71555829	1.83672014448	4179.64960983	6.34801345515	7.66755130627	10.2401126962	2026.51110328
-7550.27818071	0.823492687979	69.5211247995	3.42656577457	0.341121024599	-1.01191496718	1773.65636471
-7185.7244143	1.15252925929	1339.48377719	4.26217246378	4.50839415026	5.38823772493	1871.88939475
-6787.80641231	0.886522914966	87.4886054318	3.37733898553	0.365440491603	-1.0495313311	1936.60026982
-6516.53716337	1.11174322515	978.04395417	4.05195145162	3.01021821985	3.32480559532	2032.17092965
-6090.14371045	0.900580081813	73.4234794049	3.28124051237	0.279088234735	-1.29171669915	2108.13956767
-5888.85513257	1.05783274733	684.754426389	3.64873131747	2.03344039303	1.85169985783	2186.9931299
-5441.63828771	0.926349951503	72.929706716	3.0400146277	0.265274035414	-1.43614770726	2249.21144636
-5296.27060477	1.01597630519	460.134761953	3.2152198836	1.37464547392	0.732308730512	2343.09890187
-4847.73624758	0.911383714879	67.1928059781	2.65292175149	0.244017487274	-1.62546699386	2406.28673429
-4734.56345533	0.954737128742	313.857593776	2.83419685751	0.972551579128	-0.0590179024116	2500.35402006