U (kJ/mol)	 dU (kJ/mol)	 P (bar)	 dP (bar)	 Z	 Z-1/rho (ml/gm)	 Neff
-1098.33315599	1.29466687621	56.6836478468	0.536170905743	0.72790155404	-2.92524652001	1762.53584542
-2089.27469583	2.26527167581	89.1020417094	1.63434071881	0.572100746427	-2.30010648403	850.355083811
-3027.22871178	2.58134080747	128.704039048	3.1759547674	0.550916495388	-1.6093194406	468.001060751
-4008.10998517	2.85817006564	239.051782205	6.11103510487	0.767444274746	-0.625033730638	322.303698356
-5097.17600108	5.49092647195	591.150013463	21.1292884401	1.51824743076	1.11430367658	73.9414892436
-5640.2560311	9.09203746942	1062.30991058	23.0441299412	2.48029535538	2.89349074779	84.8678842516
-6141.42004205	4.73092628447	1815.83118408	24.0120981302	3.88632464227	5.17166443832	69.8354917766
-6602.00035442	8.30242780843	2971.91465062	26.6803993893	5.87134810682	8.05697873116	83.3633888615
-6970.11367536	13.4698993318	4715.125899	71.3183037723	8.64988052135	11.7487867813	31.3426770088
-8307.84413633	5.30016538013	200.893235162	21.6957009074	0.985727811672	-0.0219194139182	1.86236677368
-7879.99171252	8.81024591783	1706.06052619	24.7799447647	5.74220713028	7.28314387278	27.2510440822
-7477.94022025	9.46844857442	160.858895492	17.9397464771	0.671908685219	-0.542647473985	18.1567803237
-7177.2185996	7.50729737194	1112.7976841	24.9431687379	3.42496249724	4.0107729597	29.9328930863
-6728.59818235	11.7523720014	29.0216928444	18.7659808524	0.110313663839	-1.59412393138	16.5831319427
-6501.63362358	6.74999826558	703.741589036	19.931240075	2.0898244951	1.95272787503	59.8599454769
-6008.43101018	8.17743373453	37.8548721781	14.9861161441	0.137693063018	-1.6855265639	27.5860861438
-5848.22830704	4.65849752968	463.202489933	16.9871472883	1.38381026374	0.750222881534	99.682888707
-5349.58095471	3.51045793011	12.4984984569	10.2133102195	0.0453895643107	-2.05254450875	144.495834462
-5230.56400609	3.84872235671	267.408398931	10.3311352493	0.828619303179	-0.368492208984	127.740426119