U (kJ/mol)	 dU (kJ/mol)	 P (bar)	 dP (bar)	 Z	 Z-1/rho (ml/gm)	 Neff
-1060.83476749	0.780865946866	57.6733957587	0.310690609262	0.740611375488	-2.78860714733	4905.98276894
-2016.06387959	0.970799238156	92.0351788374	0.798404132734	0.590933647538	-2.19887312689	3973.8532653
-2922.05715826	0.949797929012	130.974447858	1.34799273216	0.560634960126	-1.57449270108	3781.12498152
-3868.88841988	0.85703491697	238.826529236	1.88615781994	0.766721129746	-0.626977307889	3888.07098428
-4899.50317339	0.912870064346	576.943963984	2.65217954292	1.48176210955	1.03585518817	3896.8981932
-5430.37372128	0.951255167184	952.46228411	3.09945266128	2.22382165121	2.39216897618	3838.11860213
-5945.00537229	1.08575072566	1578.23924295	3.53144322028	3.3778195435	4.26053417338	3704.75160659
-6418.01486697	1.23264934435	2573.47048168	4.16091969306	5.08417731222	6.7550355707	3519.18890089
-6808.32692878	1.40113396556	4104.03993607	4.82744840691	7.52884564744	10.0270867272	3336.01747503
-8022.01895636	0.7581104382	-93.7690710882	3.20946477873	-0.460099023104	-2.24243921904	2086.61159027
-7651.00881152	0.922392631454	1204.46361256	3.56279912999	4.05394734712	4.69029236766	2587.51649526
-7215.82444924	0.819319637582	-58.7429699102	3.08907068684	-0.245369779256	-2.05978254969	2369.58796837
-6936.6425615	0.927468209733	857.179856317	3.39771195571	2.63822337449	2.70954376401	2890.37558741
-6474.68679943	0.819741623485	-44.7868123543	2.93909528331	-0.170238083249	-2.09681149198	2610.32989209
-6269.15759104	0.886979808914	572.915944307	3.08956418511	1.70132587402	1.25662305245	3172.33567808
-5790.42207796	0.823341504341	-24.7701992405	2.68415783953	-0.0900989597575	-2.13078507797	2805.27993791
-5637.76961209	0.860857845505	369.908341913	2.85800514911	1.10509544164	0.205427036512	3338.5860645
-5162.89628763	0.877018299074	-9.06865153426	2.41139302782	-0.0329337274749	-2.22095042225	2861.80335805
-5042.31056842	0.857284412055	238.136662749	2.51785751783	0.737914876037	-0.563519276453	3403.25192099