U (kJ/mol)	 dU (kJ/mol)	 P (bar)	 dP (bar)	 Z	 Z-1/rho (ml/gm)	 Neff
-1132.314624	1.47167250469	55.8087053438	0.49124921989	0.716666003193	-3.04603646388	1972.46509854
-2147.27014643	2.6063724283	83.0883761734	1.46871217981	0.533488583609	-2.50766021384	1133.61253316
-3097.19762706	2.25493736591	116.049564313	2.39431847406	0.496749128742	-1.80343166092	936.489959826
-4088.40132594	1.97141913831	214.657146203	3.74180918421	0.689128507504	-0.83552089931	1027.07558944
-5183.99637722	2.63619675317	571.778845584	7.16004707992	1.46849656348	1.0073324288	787.48427873
-5743.72366554	3.03709413777	984.7420992	7.60726702103	2.29918899425	2.53948735353	659.637311904
-6280.75762623	2.46366715757	1678.58745069	8.59819675649	3.59258935027	4.64535483971	597.328092962
-6765.58567131	3.42602556226	2777.53171233	12.0759181452	5.4873229813	7.42181938704	556.982506521
-7158.93722925	4.65895259757	4479.22533654	18.9558804974	8.21712183709	11.0841503213	339.624041653
-8458.2009862	3.63337088027	36.0285620827	15.2464473931	0.176782237743	-1.26430863023	121.608316843
-8056.30675652	3.11921429271	1433.34036589	11.1069728991	4.82429382942	5.87340059306	298.334795066
-7617.05841225	2.66029387601	-4.88963109594	7.71556404824	-0.0204240218785	-1.68773293568	306.057230959
-7322.74253931	2.622644819	953.864694217	9.17901598954	2.9357994286	3.20172044412	398.115754407
-6839.73235664	2.83741847895	-39.1749865662	8.29198600056	-0.148907106216	-2.05859103205	409.140922458
-6624.13370456	2.37826573138	603.339313715	8.24950307001	1.79167082961	1.41850151448	554.289992974
-6118.31727938	3.82200980322	-39.7777741359	6.83046656207	-0.144687413949	-2.23748755904	441.186383951
-5959.53281558	2.57395238017	373.585364825	7.41460901417	1.11608049063	0.226899195777	637.924627195
-5451.45562394	1.98593339992	-29.8353410404	4.73952463168	-0.108350065854	-2.38310598375	648.1281824
-5330.09117507	1.83523858503	217.739478969	5.19220416503	0.674710054207	-0.699418387885	795.20905005