U (kJ/mol)	 dU (kJ/mol)	 P (bar)	 dP (bar)	 Z	 Z-1/rho (ml/gm)	 Neff
-1152.07890902	3.17856140612	55.7864680009	1.20956558695	0.716380442945	-3.04910643408	391.480929751
-2182.23328922	4.65996038708	94.313566403	4.29432563857	0.605562574125	-2.12023758682	102.059457612
-3150.58757931	5.42469203224	126.438596339	7.60396294742	0.541219288007	-1.64407000301	11.2858208608
-4161.14099729	6.58188303441	274.128860625	16.2054154965	0.88005461699	-0.322373960623	19.0266168381
-5263.22149902	7.59337792359	550.948107715	30.6491995418	1.41499709037	0.892301159862	1.66792226063
-5874.77846538	15.0463066354	1090.22806111	57.349437941	2.54547902579	3.02090339322	2.43885768162
-6299.52493128	11.3133889545	2084.71654769	85.2986346419	4.46180534977	6.20280039106	4.97119350004
-6763.06682114	16.8615084211	3380.11480954	57.6556860613	6.67779294526	9.390800246	10.4962483781
-7144.28581385	13.5373201755	5068.59347346	99.0869611348	9.29831544179	12.744661632	2.00922849992
-8542.12302834	0.634625365755	541.963178233	3.47464559502	2.65926414722	2.54831962738	1.05415168212
-8105.32445808	7.46778326188	2096.29672507	18.663631644	7.05565237406	9.30035029516	3.10836266075
-7723.01903584	6.91860991245	400.478390275	11.6996504359	1.67280092186	1.11278081526	1.56783417947
-7387.45865198	12.6944646312	1368.01548184	51.3076184767	4.21047040975	5.30996579204	3.56195249411
-6939.51839638	19.6483221959	185.636290734	21.0677528345	0.705617673033	-0.527468944189	4.03812847964
-6714.21361237	14.9988694061	874.236004855	40.4637017887	2.59612313087	2.85990463934	5.44372950755
-6234.84808961	2.13258829669	119.3643376	2.73061657517	0.434175056305	-1.10600174046	1.08314880127
-6039.17326103	9.9740023079	550.366908568	46.9314582042	1.64421261425	1.25922386513	9.78529015192
-5541.20441832	4.35699012116	59.4473515232	27.2445283539	0.215889084146	-1.6859469522	10.714496715
-5409.74923284	10.2251848573	335.340757969	15.607815598	1.03912153211	0.0841167065634	11.3628933522