U (kJ/mol)	 dU (kJ/mol)	 P (bar)	 dP (bar)	 Z	 Z-1/rho (ml/gm)	 Neff
-1070.85102127	1.03085977365	57.4496483327	0.485679345318	0.737738128877	-2.81949653599	2129.56482504
-2041.27208359	1.80562976247	92.019112793	1.43410008064	0.590830491698	-2.1994276252	1097.50373066
-2965.2929263	2.09751174039	135.499055124	3.03033739578	0.58000250132	-1.50508787939	625.919918472
-3933.65566428	2.35064575661	253.00622833	5.4077119528	0.812243186878	-0.504628906601	436.571757545
-5002.10131897	4.69969233321	622.865158006	19.4608661169	1.59970126756	1.28944069497	95.5294445129
-5533.42393698	7.81389072481	1095.76235144	19.8522201997	2.5584005607	3.04616074578	128.433570473
-6029.01516305	4.30737988635	1845.84520743	21.6731363006	3.95056202268	5.28676381801	94.5140182361
-6476.63937883	6.94723398553	3008.97888926	23.3633066092	5.94457263475	8.17808862748	115.530851906
-6829.30886414	11.2420463969	4766.93079837	56.6953244179	8.74491641213	11.8947441481	51.355497612
-8163.68477419	6.64093464653	261.811318312	26.986353974	1.28463607877	0.43714782086	2.86556059132
-7737.06496977	7.59431931647	1753.17981397	21.6893054576	5.90079980979	7.52671258885	43.6990611678
-7345.16204654	7.56077454409	206.934269559	16.7078001545	0.864365831686	-0.224332481555	33.772613517
-7048.88591431	6.4090605948	1157.96911945	21.2770887842	3.56399088869	4.24071932534	42.4135634786
-6608.8155175	9.68950237058	75.4499235825	18.04967265	0.286790903321	-1.2779151965	22.449351181
-6384.89144016	5.74790140916	744.08466572	17.3075261626	2.20962692141	2.16738770182	83.5247295432
-5901.58363572	7.52086735297	70.9467335907	13.2616690319	0.258061182013	-1.45024646431	39.4207356147
-5742.95314024	4.15384093579	495.213877593	15.9758920959	1.47944378852	0.937154981355	134.484090336
-5254.20336677	3.29492566958	34.4852220759	9.605612464	0.125236580264	-1.88086237747	177.258442628
-5137.0172215	3.28874499224	294.427036173	9.31610159459	0.912342045075	-0.188476730719	172.9403087