U (kJ/mol)	 dU (kJ/mol)	 P (bar)	 dP (bar)	 Z	 Z-1/rho (ml/gm)	 Neff
-1125.77436831	1.31359021921	56.1101795851	0.426138092319	0.720537376633	-3.00441652136	2882.5303445
-2129.64622895	2.00463557243	84.7382948854	1.04360779459	0.544082277183	-2.45071544687	1898.25599268
-3068.30970964	1.96710995589	114.916683245	1.90918212779	0.491899841402	-1.82080939203	1720.11375188
-4049.63998105	1.2308775208	212.627720216	2.61279730462	0.682613302552	-0.853031639383	2369.85285304
-5123.9098292	1.06724699541	539.388675908	2.87605924758	1.38530906323	0.828467794128	3090.01114528
-5681.15514645	1.07387754762	915.668368504	3.46630106728	2.13791472605	2.22424918084	3102.29123697
-6221.48333384	1.22458497319	1549.26154039	3.93775082067	3.31580014404	4.14940893197	3041.46999434
-6717.8137168	1.34697810241	2570.14658692	4.60896587375	5.07761058824	6.74417452069	2946.55654946
-7125.34879915	1.55242838884	4150.3975082	5.40583938385	7.61388843713	10.1576965583	2822.15226465
-8372.18543041	1.14130346663	-143.804585368	4.38636909607	-0.705609520047	-2.61949745847	1136.25719181
-7990.87760402	1.10526025075	1186.30185942	4.28402570377	3.99281906549	4.59641075143	1796.47670267
-7532.51525113	1.04889069211	-117.962525592	4.12968265347	-0.492730260476	-2.46890505386	1470.06990141
-7248.93051037	1.01611388771	811.216682882	3.91666741982	2.49675817599	2.47556703509	2148.29990889
-6761.73639242	1.41807917805	-96.5571614119	3.85267684623	-0.367021121143	-2.44940379024	1229.45511971
-6552.88494975	1.04786058412	521.219309722	3.73482837769	1.54780802747	0.981552543754	2333.45232088
-6051.38086924	1.2020577473	-77.939497058	3.48572793619	-0.283496613845	-2.50881390898	1359.03945189
-5895.00080673	1.1123863908	317.247460801	3.44398099905	0.947771875028	-0.102088813446	2051.93678785
-5397.04692821	1.33442251135	-49.8298992365	3.33833424415	-0.180962331098	-2.53923240005	1392.81384264
-5273.23761484	1.25441997024	187.510830341	3.18979100809	0.581040439256	-0.900821019384	2096.87745712