U (kJ/mol)	 dU (kJ/mol)	 P (bar)	 dP (bar)	 Z	 Z-1/rho (ml/gm)	 Neff
-1146.20722479	1.68236514951	55.4896843404	0.533561287144	0.712569303475	-3.09007881978	1646.35293781
-2171.20101344	3.07776847688	81.3620872858	1.66147727832	0.522404537248	-2.56724079663	903.81987117
-3126.93334716	2.47234554207	112.287598413	2.63097843439	0.480646067141	-1.86113801134	786.802599666
-4123.57452951	2.1532733959	207.257936801	3.89519412434	0.665374319852	-0.89936438676	937.633543671
-5227.14167726	2.6719002166	558.162956408	7.33161954793	1.43352694784	0.932142917056	761.533505735
-5792.67113976	3.16320277474	965.138175775	7.74945731551	2.25341749222	2.45001911523	630.521760358
-6335.46589995	2.46430725512	1654.07097532	8.52625061311	3.54011807254	4.55133775061	589.295781093
-6826.883339	3.39126675642	2746.01983829	12.0057121634	5.42506776749	7.31885221602	557.549542891
-7228.07091155	4.63653311726	4439.85278248	18.778049321	8.14489303646	10.9732203825	339.491445748
-8526.04573956	3.31529012022	-2.89901837001	14.19099899	-0.0142246852243	-1.55765956629	136.553152345
-8124.85842763	3.10081112937	1391.8706024	11.1769768703	4.68471614859	5.65903536123	296.291405907
-7678.02113948	2.68501131251	-36.5764151251	7.7220033621	-0.152779931266	-1.90664333245	297.498642916
-7383.48906115	2.58005669362	922.430128234	9.08566833879	2.83905029698	3.04170196902	403.749575072
-6894.91974585	2.92884274526	-63.8678393182	8.62596597367	-0.242766519322	-2.22676663567	384.783367753
-6678.48368501	2.35700597958	579.495553229	8.25012729705	1.72086461964	1.29163222447	550.697754041
-6168.84397413	4.53296538467	-58.8814482885	7.78669833558	-0.214174992631	-2.37331293016	372.222501415
-6008.68233947	2.73852988057	353.165620686	7.9817474013	1.05507682132	0.107657078245	606.619253338
-5496.94786083	2.0963487488	-42.0029197851	4.95519568392	-0.15253786168	-2.47811585823	574.086405498
-5374.16905176	1.88079615952	204.114607109	5.19950368507	0.632490618051	-0.790196016754	764.426923194