U (kJ/mol)	 dU (kJ/mol)	 P (bar)	 dP (bar)	 Z	 Z-1/rho (ml/gm)	 Neff
-1040.43665134	0.613351620799	58.3294767867	0.281415560543	0.749036422534	-2.69803206351	5831.96101088
-1986.0224209	0.819829991268	93.7341513813	0.697697755424	0.601842302849	-2.14023533165	4960.84528927
-2888.49694782	0.826443764433	139.208279415	1.21280369629	0.595879802931	-1.44819055432	4504.92129345
-3836.42052248	0.793475765997	261.568662458	1.85425481434	0.839731754372	-0.43074862749	4130.93180644
-4864.18623477	0.905136510744	651.053477373	2.67115828225	1.67209717804	1.4451019186	3755.17992413
-5389.57079254	1.01423607148	1067.81157218	3.20695829148	2.49314070829	2.9185991896	3596.05155623
-5891.36877073	1.17053298809	1755.97928116	3.8288416457	3.75822687235	4.94214116446	3370.33874785
-6340.80647482	1.3421793319	2849.17708391	4.51943708914	5.62886638554	7.65592546455	3202.88280098
-6691.67266707	1.52790223054	4533.1590552	5.24086149571	8.31606303876	11.2361055158	2984.96708699
-7965.08850972	0.751889884055	184.138924054	2.99111812588	0.90351901847	-0.148176756131	2448.15951432
-7573.56811527	0.960742806926	1536.4447484	3.53486336767	5.17131945443	6.40636709686	2679.64000924
-7170.78859227	0.767419636754	126.51731973	2.93714308502	0.52846369296	-0.779898687895	2756.85054794
-6881.7867543	0.932036209567	1074.34568703	3.4275538249	3.3066151554	3.81503206925	2945.22407246
-6434.29501469	0.763426456292	84.1879010626	2.75451527524	0.32000462092	-1.21840345632	3035.08007033
-6227.78114906	0.925717281724	711.846491392	3.09396704474	2.11389273796	1.9958529185	3175.70990736
-5752.85750033	0.761837518855	55.7392389099	2.51790340814	0.20274554091	-1.55837035672	3301.43268425
-5602.68571349	0.829515261944	457.136316583	2.70024804918	1.36568766482	0.714799158752	3429.40426334
-5123.67267447	0.760698529848	40.9496910433	2.23514289514	0.148712954722	-1.83038492439	3513.42570389
-5008.77631427	0.810659294921	292.735627046	2.390481854	0.907100869938	-0.19974598239	3639.08624803