U (kJ/mol)	 dU (kJ/mol)	 P (bar)	 dP (bar)	 Z	 Z-1/rho (ml/gm)	 Neff
-1005.84631397	0.665883348501	59.0116927191	0.320564661663	0.75779708026	-2.60384893272	4638.20043143
-1920.86779751	0.882753490768	97.6451063242	0.822749157099	0.62695351466	-2.00525388304	3756.02333198
-2798.1410333	0.937303987186	145.691358096	1.46458294058	0.623630563613	-1.34874392981	3278.8451526
-3714.38554084	0.936540959758	265.253456855	2.21618851775	0.851561301666	-0.398954673291	2997.12921
-4707.51457274	1.02610341775	617.517502273	3.12007646898	1.58596691182	1.25990992996	2767.47422102
-5216.03077219	1.13565900966	997.246848505	3.62405700525	2.32838524979	2.59655643437	2611.72824154
-5708.47435215	1.28608816476	1621.98895762	4.23143906023	3.47145467637	4.42830791573	2557.81202225
-6159.57748433	1.45131467578	2603.99825125	4.94835175381	5.14448831813	6.85478711406	2446.19221149
-6529.74030712	1.68396214564	4104.10602945	5.84907934764	7.52896689549	10.0272729415	2365.43505056
-7722.48325592	0.781571614363	-16.4294974926	3.28829862868	-0.0806150221891	-1.65962271606	1954.16279331
-7357.74913575	1.07349911766	1256.05615428	4.05073658462	4.22759597002	4.95698419892	2118.18179028
-6943.10543043	0.837691212203	17.0433600081	3.25800982023	0.0711902290497	-1.53620730971	2101.22917749
-6670.78639267	1.03440006071	910.290894532	3.83217139448	2.80168823129	2.97990688437	2250.61529303
-6229.58778596	0.867772048223	18.8596576207	3.21886642722	0.0716869943473	-1.66333450114	2255.98913881
-6027.26367704	1.00052193648	629.111095824	3.52673725645	1.86820247471	1.55562953591	2375.08765767
-5568.12297628	0.876608298501	30.2480362826	2.97110973455	0.110024008177	-1.73961046945	2367.51129021
-5420.333055	0.970519528024	417.922486057	3.17995272776	1.24853695354	0.485808033469	2508.53069909
-4962.16105458	0.88968616253	34.3830564751	2.61686931607	0.124865555527	-1.88166013199	2512.97481108
-4846.4271572	0.946282265188	281.003032696	2.79652646697	0.87074504045	-0.277916045681	2620.89264649