U (kJ/mol)	 dU (kJ/mol)	 P (bar)	 dP (bar)	 Z	 Z-1/rho (ml/gm)	 Neff
-1146.10072512	2.05197289657	55.5942753396	0.663427567373	0.713912406005	-3.07563953847	1154.39078815
-2171.60098761	3.56647366324	82.5633862746	2.01999797314	0.530117761715	-2.52577954737	600.018553925
-3131.25461177	3.27601347861	115.538405016	3.33528151892	0.494561115913	-1.81127254473	368.273912579
-4130.92254886	3.41398840712	210.508875568	6.74295258781	0.675811030765	-0.87131392122	305.133254836
-5247.87434905	6.08450207632	548.294039484	16.1121618173	1.40818066107	0.877644893804	140.552177917
-5810.89946	7.9451697901	990.585198997	17.8729637089	2.31283154162	2.56615404844	95.9678891186
-6334.48745912	4.37789313717	1723.57348872	19.4832188351	3.68887051873	4.8178697009	96.1854849807
-6819.7201983	8.23459046649	2846.72865547	25.9969629457	5.6240292427	7.64792505971	103.017763271
-7216.4932883	12.3279041849	4562.62812711	65.3552135007	8.37012393903	11.3191329551	38.4782028631
-8549.84516824	6.63321845272	31.3953096655	26.1100233634	0.154048143375	-1.29922395036	1.89759702791
-8123.38700261	8.050343054	1540.06753011	24.1063751505	5.18351290401	6.42509395657	34.0951654665
-7695.26600509	8.81614381047	34.3367240722	17.6499676884	0.143424726718	-1.41673487649	20.3370848381
-7392.29148607	6.88784220541	989.148447689	23.0990890248	3.04439556798	3.38133330818	42.9620572175
-6919.14985948	10.3061635762	-57.534078735	19.8457991618	-0.218691413174	-2.18362929468	30.7875417291
-6692.31265105	6.27324270408	611.219257055	19.2907610419	1.81507103626	1.46042958273	84.9465080292
-6182.31024872	7.90774498802	-34.8453419223	11.5397245196	-0.126746217465	-2.20241841839	74.007556285
-6021.53183471	5.01442008412	387.280043966	14.6126687955	1.15699313244	0.306869959784	121.326985608
-5505.16463619	3.18350277666	-28.2286320925	8.20394637766	-0.102515139413	-2.37056008463	208.424301813
-5384.16384041	3.58967330162	212.900823214	10.0254164428	0.65971649538	-0.731656613748	164.565119229