U (kJ/mol)	 dU (kJ/mol)	 P (bar)	 dP (bar)	 Z	 Z-1/rho (ml/gm)	 Neff
-954.719045684	1.54470761351	60.7227898911	0.748057753333	0.779770089019	-2.36762388858	923.718459569
-1833.42697202	2.67100898377	101.319101862	2.12254366803	0.650543272531	-1.87845077557	493.07053903
-2679.81141318	2.98560488257	160.990600123	4.08481517765	0.68911883315	-1.11406253044	252.746583256
-3555.98402354	9.45135706264	293.327633571	14.7248436791	0.941689749948	-0.156718881397	75.6879625232
-4506.15520553	15.1794122027	666.194681083	28.1822389961	1.71098425088	1.5287145053	55.1098265658
-5011.25478558	7.37216390955	994.96221616	21.3418390288	2.32305105971	2.58612984646	76.7910765408
-5484.21533861	6.46775029932	1617.28148094	20.8157804348	3.46137952027	4.41025543273	34.2952890071
-5845.01520749	54.8425691313	2710.91296505	120.687096746	5.35571023272	7.20413814299	7.5729812191
-6272.75602334	12.2665473233	4041.60627771	51.8462408856	7.41431133873	9.85118343449	28.3227860605
-7429.05050663	6.84627800898	-32.6765141832	23.1963392715	-0.160334661308	-1.78205718281	7.63382905934
-7093.06600275	8.32521988579	1169.63012789	28.6674421967	3.93670585368	4.51023134519	29.2793436249
-6679.87975358	2.98288889641	46.0961358539	14.3337509523	0.192543868591	-1.33549414545	1.76997597375
-6416.14120373	9.16133055389	934.666573735	40.527736763	2.8767115606	3.10399191286	21.121914711
-6004.97150032	2.8291397927	40.2459347818	13.0249683149	0.152977861912	-1.51767899074	86.0875254772
-5793.1228218	8.41946322431	630.453121286	17.8788657611	1.87218774107	1.5627702643	18.8443008548
-5349.10377898	4.61856066665	49.1058740104	16.8868916949	0.178617383064	-1.60553297277	45.8602093576
-5223.77062593	4.32841385745	413.693039315	18.7165567022	1.23590154691	0.461109967611	83.2501118661
-4781.46011404	8.08267905122	51.8578825593	9.6200268962	0.188327158143	-1.74520890634	72.2997382044
-4658.69573572	8.7009717892	294.2610427	18.1825621296	0.911827680542	-0.189582685628	55.1854785468