U (kJ/mol)	 dU (kJ/mol)	 P (bar)	 dP (bar)	 Z	 Z-1/rho (ml/gm)	 Neff
-1062.63393739	0.668670948856	57.6439778897	0.273104605842	0.740233606708	-2.79266842305	6223.30307516
-2021.77257493	0.88227625342	91.7681832021	0.677703791449	0.589219338873	-2.20808812889	5295.68120109
-2930.75676901	0.856554984768	131.424084297	1.1738828212	0.562559624907	-1.56759554183	4951.61013045
-3884.18168746	0.789505420471	244.056187809	1.74032831013	0.783510260091	-0.581853616516	4728.75320282
-4920.48281924	0.837541219566	597.763452287	2.44704300296	1.53523269047	1.15082433488	4471.19150024
-5453.81504264	0.924113021405	989.320966489	2.97395925249	2.30987979469	2.56038435363	4233.05384822
-5967.27758907	1.08408947276	1640.35962187	3.51110405473	3.5107724091	4.49875672012	3958.05640679
-6435.53683636	1.25220706323	2674.88073781	4.23591303626	5.28452455815	7.08640041343	3653.49411119
-6813.69671267	1.44913688168	4266.05759127	5.04083638226	7.82606641945	10.4835622849	3356.82461214
-8054.84245744	0.773237408699	-2.01425435933	3.07729516344	-0.00988339174374	-1.55099215086	2211.2622966
-7674.61772908	0.970727243325	1323.08957522	3.63247219749	4.4532150391	5.3034929227	2698.79993363
-7247.34976137	0.746907645185	-1.31355031038	2.95426324953	-0.00548670845537	-1.66302732772	2638.9285286
-6964.57827941	0.911658777682	925.613935848	3.3894273423	2.84884940227	3.05790922442	3092.38343302
-6502.98135287	0.782553445984	-4.25022464677	2.72961231067	-0.0161554274397	-1.82072896823	2913.50825253
-6296.7436055	0.864186341657	617.457751348	3.03784569083	1.83359681105	1.49362373188	3467.86978191
-5816.34177875	0.76366060056	-4.13528220796	2.51740471273	-0.0150416482977	-1.98407271042	3230.74689762
-5664.21838201	0.843518507647	392.772012604	2.74708523548	1.17340030367	0.338940585418	3680.91947846
-5183.77824247	0.788725791894	4.43738991535	2.22869065572	0.0161148313638	-2.11548923479	3494.2239126
-5064.8198129	0.805729397044	248.32251045	2.35127947392	0.769477796492	-0.495654630689	4001.54260794