U (kJ/mol)	 dU (kJ/mol)	 P (bar)	 dP (bar)	 Z	 Z-1/rho (ml/gm)	 Neff
-995.762615409	0.639050940247	59.2996613485	0.313892459412	0.761495021744	-2.56409350368	4850.22465682
-1903.41345412	0.851805959246	98.8544944903	0.797485060525	0.634718677603	-1.9635134465	3983.0066447
-2775.67031761	0.896677247717	148.499890639	1.41621415628	0.635652462205	-1.30566268787	3496.88871019
-3687.06609703	0.908215030591	271.277097721	2.1384722266	0.870899407632	-0.346980169108	3159.50700707
-4673.78035448	1.00700300795	628.842005941	3.03664952687	1.61505157427	1.32244597814	2883.94410367
-5178.26692626	1.11793067805	1012.40601414	3.55564915484	2.36377907201	2.6657397205	2706.83927234
-5665.9607481	1.2739322992	1641.84436816	4.17965505878	3.51395013075	4.50445050446	2634.46581268
-6111.83418832	1.43767779722	2628.83646858	4.89006782554	5.19355898047	6.93594766226	2506.18735151
-6476.1936404	1.66696472868	4135.02947973	5.77684431685	7.58569584737	10.1143980094	2408.34041915
-7669.56891442	0.76343844164	14.5754879185	3.19179729317	0.0715179075011	-1.42597496845	2058.62921588
-7304.75654529	1.06027433258	1287.1995299	3.98080679547	4.33241740562	5.11797033375	2195.03699647
-6895.52846662	0.816302385988	41.9649697051	3.16980296958	0.175287959883	-1.36403460004	2215.27990398
-6623.3791612	1.01727533438	935.13645948	3.75399903897	2.87815777232	3.10638387846	2342.12514031
-6186.9668319	0.841508052508	37.0104239843	3.09340151337	0.140679439061	-1.539715083	2392.20342908
-5984.80696863	0.984888617099	648.727361102	3.4471216261	1.92645475413	1.66000491957	2483.86768511
-5529.43912244	0.85436651825	44.5490094056	2.88083518631	0.16204227373	-1.63793186217	2522.9766455
-5382.3285501	0.952045251854	432.531480219	3.08381471542	1.29218109731	0.57111798579	2633.60599609
-4926.9960879	0.860003040101	45.33535547	2.529449429	0.164639939729	-1.7961397031	2678.9629706
-4812.06997027	0.91571568874	292.118449703	2.72079174458	0.905188420433	-0.203858013416	2768.81673188