U (kJ/mol)	 dU (kJ/mol)	 P (bar)	 dP (bar)	 Z	 Z-1/rho (ml/gm)	 Neff
-1059.57268198	0.913094501528	57.8063697034	0.44006609318	0.742318956858	-2.77024946638	2569.51641678
-2021.30800458	1.52468528095	92.6895832255	1.24872063823	0.595135405789	-2.17628722304	1469.73257198
-2938.91298075	1.73540613169	137.599155329	2.54579396008	0.588991961582	-1.47287357401	947.430097208
-3901.35983592	1.8896313621	256.712830041	4.51845526579	0.824142743682	-0.472646789737	682.786678016
-4957.28577725	3.70464586003	642.015161337	12.6907602131	1.64888411911	1.39519063033	245.275210226
-5484.52783654	5.15695927895	1102.26716492	13.4214117848	2.57358808602	3.07584736463	276.85579264
-5983.18936238	3.50809477014	1838.92318197	15.4295105284	3.93574718837	5.26021886507	204.650973001
-6427.9517285	5.2739747233	2993.36914091	18.2709845372	5.91373383984	8.12708272331	221.478063231
-6775.79460556	7.7940172651	4751.33734349	36.2116513868	8.71631027848	11.8508104731	120.23625118
-8100.39180593	7.74613493249	262.243945964	29.2584589722	1.28675886359	0.440408021607	7.60962101746
-7680.09068749	5.38824575858	1726.02727336	16.3600480177	5.80941060648	7.38635585245	101.126380407
-7287.98432721	4.8648213306	202.116324216	13.2074187777	0.844241241679	-0.257617598961	89.9330814367
-6994.71465064	4.68261746545	1154.57405775	15.8751755798	3.55354158675	4.22343667552	96.4192539835
-6551.9760176	6.60195047792	93.0853356523	15.2609091763	0.353824447131	-1.15780570167	59.9557993924
-6333.63941242	4.21031048281	748.283646159	13.3504517397	2.22209617478	2.18972988511	171.906735933
-5852.57845671	4.28505035483	76.6790156408	9.03500345698	0.278911747031	-1.40949046467	137.314969135
-5696.63648126	3.25080945592	499.322807771	11.4131612883	1.49171915378	0.961149284703	265.2260709
-5211.30631911	2.60061814043	40.7252128354	7.45157262435	0.147897739351	-1.83213775023	325.582096375
-5095.89912649	2.54168169731	300.108701768	7.52576184635	0.929947841321	-0.150621832998	320.018665979