U (kJ/mol)	 dU (kJ/mol)	 P (bar)	 dP (bar)	 Z	 Z-1/rho (ml/gm)	 Neff
-1028.33245283	0.636673100713	58.4839248434	0.28800288278	0.751019763141	-2.67670977999	5667.66981456
-1960.21319686	0.80805604446	95.4669684051	0.721066686088	0.612968264654	-2.08042943885	4810.78078073
-2850.04683798	0.816917259944	139.430186699	1.24269137294	0.59682967509	-1.44478662673	4442.62251365
-3780.1285837	0.788187704233	255.377970283	1.8255611609	0.819857352171	-0.484164520555	4241.63982042
-4789.65115908	0.861929531522	604.885701902	2.58069131715	1.55352472622	1.19015474247	4018.0517708
-5307.75029706	0.950901666962	986.977472411	3.08217249507	2.30440817345	2.54968913298	3853.04609441
-5808.76811175	1.08937523757	1617.29871116	3.5515248724	3.46141639716	4.41032150808	3723.43517375
-6267.83694162	1.22566123339	2613.32196691	4.13120034349	5.16290835597	6.88525298302	3526.35629358
-6643.83406137	1.40947527511	4140.39322983	4.7955206004	7.59553562652	10.1295100712	3329.57016636
-7850.52369815	0.710887089117	-29.2083855311	2.96302492132	-0.14331750857	-1.75592201657	2492.23278956
-7482.63722254	0.912676217162	1257.65374663	3.48891984353	4.23297309823	4.96524246292	2843.01517575
-7060.27411642	0.750359950117	-1.2353763738	2.89427126924	-0.005160175398	-1.66248725753	2806.62829085
-6784.12200552	0.892007061498	905.613150946	3.29446253656	2.7872910982	2.95609470907	3137.87400119
-6335.15510838	0.742254478906	-1.06660110356	2.70021081012	-0.0040542319919	-1.79904626448	3112.33277408
-6130.93690973	0.861827082267	616.222965243	3.00515261655	1.82993000169	1.48705360899	3401.87845707
-5663.82166638	0.74731765889	11.9068685953	2.50617163901	0.0433099654949	-1.87001448953	3326.23441015
-5513.72953967	0.816096395652	404.745113488	2.7064545482	1.2091697571	0.408858107063	3610.51426465
-5048.13203281	0.769527129779	19.0758171694	2.20185514385	0.0692757640588	-2.00118587459	3503.63938062
-4930.31248045	0.794429370772	266.938188322	2.38411889552	0.827162259986	-0.371625053431	3746.9687079