U (kJ/mol)	 dU (kJ/mol)	 P (bar)	 dP (bar)	 Z	 Z-1/rho (ml/gm)	 Neff
-1048.16432582	0.658059372033	58.0116981434	0.277838749741	0.744955676551	-2.74190290572	6050.50952834
-1995.16549167	0.830161185741	93.4755785792	0.693001315316	0.600182074977	-2.14915963068	5178.07071736
-2895.66123985	0.811463815229	134.475797	1.18695861238	0.575622454012	-1.52078405886	4858.04365458
-3838.36722611	0.770682335616	247.331672816	1.73328145989	0.794025773476	-0.553591355703	4687.65940867
-4862.49838517	0.848281144536	595.560210611	2.48399378358	1.52957411661	1.13865761821	4440.96910441
-5389.2404642	0.914498532832	978.959106084	2.97287294032	2.28568678475	2.51309497304	4226.70861369
-5897.53219892	1.05883669641	1616.82373395	3.43158807028	3.46039982931	4.40850004015	4000.69429777
-6362.58270685	1.21767559538	2628.47196959	4.09403698459	5.19283887215	6.93475663725	3743.07907022
-6743.32156246	1.3882435171	4180.42295483	4.83299606075	7.66897000473	10.2422915519	3473.0195027
-7964.28983393	0.733499718636	-34.5425676228	2.98989143829	-0.169490871929	-1.7961194111	2327.60075081
-7590.66320432	0.898696932789	1270.64985883	3.42422081613	4.27671502122	5.03242188162	2807.9100391
-7164.89810391	0.757707147669	-17.4970573552	2.90290438325	-0.0730853259111	-1.77483223494	2714.52833877
-6884.41480036	0.894392107998	902.838476298	3.30870808206	2.77875122007	2.94197015567	3182.31441443
-6427.84213426	0.758383314079	-11.8370080204	2.69860685833	-0.0449933686026	-1.87240027111	3091.69468971
-6223.12836944	0.853733496922	607.093132983	2.96735412815	1.80281813649	1.43847505791	3531.7243835
-5748.42860837	0.752225835301	-2.77890942239	2.48956781	-0.0101079868509	-1.97442902432	3381.08962902
-5596.47765344	0.813862297319	393.909731462	2.70112085756	1.17679922114	0.345584351616	3794.31013246
-5124.06682927	0.772415054347	6.98165749441	2.17907706676	0.0253545970286	-2.09562246028	3591.7699151
-5004.75531778	0.788549650641	254.140281562	2.32994237977	0.78750534336	-0.456892910782	3994.43077364