U (kJ/mol)	 dU (kJ/mol)	 P (bar)	 dP (bar)	 Z	 Z-1/rho (ml/gm)	 Neff
-1178.15843531	4.45848611925	55.9138209589	1.6152516006	0.718015842564	-3.03152475688	243.183997126
-2224.09234827	5.17756802147	93.9170881608	4.95303126375	0.603016891737	-2.13392151012	72.4603630791
-3204.53262103	5.04363795223	123.619055018	7.62211526852	0.529150266438	-1.68732011316	7.55437295615
-4228.24700004	6.88528896932	274.339005997	17.9113099576	0.880729261041	-0.32056073806	13.3173566177
-5340.31205332	7.42404969878	543.741932041	27.6282462854	1.39648950777	0.852507296717	1.52019189573
-5965.07588855	12.6634255105	1087.20620946	55.4063599707	2.53842356623	3.00711228938	2.13215671119
-6391.02139284	11.6135932094	2106.44841264	87.2492103972	4.50831687739	6.28613890739	4.53619616956
-6861.44746856	18.0153955484	3424.13420945	60.1977528396	6.76475816825	9.53463660026	9.2284758759
-7251.01572249	11.4522122895	5112.39923176	88.3373543371	9.37867693872	12.8680818724	1.73473389331
-8664.8074839	0.391376362716	548.354711985	2.08137733466	2.69062564416	2.59648502547	1.03127442373
-8223.0540836	6.52851710331	2122.85819553	18.1970890309	7.14505217127	9.43765167558	2.84135097235
-7835.79866368	5.42469620166	406.456130901	9.61789103612	1.69776998454	1.15407846071	1.39620942659
-7496.61201437	12.2539142726	1372.73548794	51.4512356337	4.22499761815	5.33399310575	2.94604998602
-7040.45518481	20.5071003577	183.209717107	21.0523637294	0.696394081948	-0.543995608345	3.83111680234
-6814.24154623	15.8234605935	876.455727587	42.2377508698	2.6027147989	2.87171547124	4.44481890284
-6326.02429198	1.35374495364	113.901516154	1.90781295502	0.414304625513	-1.14484189992	1.05208849759
-6127.56471744	10.7896561558	556.293211717	46.8082791864	1.66191735311	1.29383080887	8.79685660114
-5623.5069883	4.48350270928	58.038568991	28.8220607192	0.21077294755	-1.6969473537	9.38995008385
-5492.64676279	11.2027695415	329.711496045	15.9515402063	1.02167811929	0.0466109556895	8.83224993816