U (kJ/mol)	 dU (kJ/mol)	 P (bar)	 dP (bar)	 Z	 Z-1/rho (ml/gm)	 Neff
-999.357420481	0.546506703947	59.5714639763	0.264824104011	0.764985367949	-2.52656986751	6375.64619122
-1913.51819457	0.714903220864	98.7309594337	0.665375984828	0.633925491536	-1.96777709595	5589.66032303
-2794.11423974	0.726254654469	150.508318362	1.13108381577	0.644249519225	-1.27485458458	5157.40463146
-3720.3083487	0.719492346138	284.251518806	1.71157099255	0.912552078396	-0.235031412868	4792.93251477
-4718.63834494	0.830626628139	687.358242913	2.45216092671	1.765338514	1.64558369101	4382.54363898
-5226.91350608	0.955109586436	1111.18670001	3.03203203177	2.59441353556	3.11655427178	4180.62375987
-5709.74724427	1.08975116579	1806.53895275	3.57276131399	3.86643698535	5.13603009334	3899.49107143
-6140.94654129	1.26110351948	2898.49672006	4.24422209956	5.72630281504	7.81708069774	3622.14918791
-6473.48574976	1.46555955762	4573.09266725	5.00134947779	8.38932109811	11.3486162036	3362.30031173
-7736.97351661	0.748843728567	262.423790101	2.91229054782	1.28764130927	0.441763293251	2495.68757083
-7350.06092612	0.945615857061	1599.83238352	3.52840469735	5.38466764741	6.73403004827	2842.50983572
-6964.96124323	0.763548596246	194.818539045	2.89264447998	0.813758344079	-0.308034865853	2931.77647542
-6678.92351352	0.918744221508	1132.66065263	3.324981041	3.48609663086	4.11188591724	3220.62754235
-6249.3881905	0.72218972953	141.953452097	2.64326813885	0.539575877925	-0.824979638052	3292.92529832
-6043.00284975	0.879842059007	770.377692492	2.97019280403	2.28770644983	2.30728919265	3567.46520604
-5585.90558503	0.708182158927	103.315410977	2.41407620227	0.375798796188	-1.22010813682	3650.4417822
-5438.46025409	0.793176646256	502.239236681	2.59358415679	1.50043193997	0.978179917235	3859.05317319
-4972.84016673	0.706094722516	79.342351204	2.12935123361	0.288139792548	-1.53059793312	3904.99835137
-4860.9188599	0.744497720648	329.942164206	2.24975910396	1.0223928915	0.0481478148183	4129.21540488