U (kJ/mol)	 dU (kJ/mol)	 P (bar)	 dP (bar)	 Z	 Z-1/rho (ml/gm)	 Neff
-984.352961998	1.31032864918	59.4943600095	0.620354348932	0.763995239413	-2.53721443419	1289.81402343
-1884.68309263	2.25891919474	98.4694826758	1.91969676888	0.632246618129	-1.97680162118	673.116903775
-2746.70981422	2.58869858349	152.454658742	3.73504654614	0.652580811926	-1.24499886471	373.799796208
-3642.42119215	6.41606517301	278.746378187	13.7016846008	0.894878549209	-0.282532079079	146.532774166
-4616.84422915	8.41016308903	625.820556258	17.100058244	1.60729160115	1.30576096232	149.039939398
-5125.33126913	6.22622583176	964.458934022	17.6940641227	2.25183158952	2.44691919683	128.835627027
-5610.59336248	6.12143566035	1578.66783565	19.5400072253	3.37873683711	4.26217776353	64.4156364825
-6016.38193153	41.1759819528	2604.13634607	92.0682136145	5.14476113981	6.85523834819	20.6724160657
-6427.59934653	11.0010679901	3993.30943469	45.899305351	7.32571096396	9.71510981753	55.2393709501
-7586.4746411	7.61719962242	-87.4084413774	21.8306882731	-0.428889163794	-2.19450670801	11.1025640995
-7247.07385108	6.97798789672	1125.94094165	23.8541629	3.78965810659	4.28439348767	41.8135260775
-6819.42632965	4.85936111635	-0.0654919327326	19.299415702	-0.000273560242225	-1.65440502783	2.35389663879
-6557.22442504	7.55680740578	880.110404207	35.4433400686	2.70879888672	2.826272314	32.8619276176
-6130.74131603	2.59080927119	5.96033036345	13.5001615908	0.0226556694541	-1.75118794479	99.9446703045
-5922.9289783	7.40965352063	590.212501688	15.4457264683	1.75268957038	1.34865559723	37.068423192
-5465.22509914	4.58079327386	17.1633542191	15.6357212284	0.0624298717212	-1.83264135885	67.3173445483
-5336.43626552	3.87238946164	389.051273818	18.2956292082	1.16228465419	0.317213145126	95.0690013384
-4886.77292882	7.83423907403	26.639050879	8.85757544881	0.0967424140762	-1.94212877699	72.7126351028
-4762.63524927	7.08766975748	268.108336805	14.2526864783	0.83078820302	-0.363828774254	90.1775841106