U (kJ/mol)	 dU (kJ/mol)	 P (bar)	 dP (bar)	 Z	 Z-1/rho (ml/gm)	 Neff
-1052.09057022	0.980660296292	57.6446737294	0.412705202332	0.740242542314	-2.7925723591	2839.02573692
-1999.49350442	1.28070359678	92.3715961944	1.1611693972	0.593093694798	-2.18726212578	1914.59345424
-2899.19058086	1.48518373338	133.016454575	2.03443930224	0.569375751729	-1.54316951573	1612.3811236
-3836.20969039	1.41194186086	239.339227076	3.93178426896	0.76836707866	-0.622553535527	1613.34036086
-4856.62649478	1.28935439437	565.382297192	4.04539543972	1.45206834232	0.972009480425	1760.45271523
-5383.06672172	1.38127536007	926.176728403	4.43013540583	2.16244978497	2.27220715472	1739.27430023
-5896.4973449	1.49262375965	1528.02627843	5.01864436742	3.27035146876	4.06797481527	1792.78856415
-6371.15781743	1.67114062312	2484.73092078	5.72774511269	4.90886243473	6.46507307815	1749.25880777
-6767.48280538	1.96202992976	3954.50500364	6.94976714639	7.25452438286	9.60578053314	1788.32392689
-7956.33572237	1.09756355559	-163.245415528	4.55225175597	-0.801000322804	-2.76599990375	971.456719284
-7592.08706198	1.32956219446	1107.81915217	5.07283538778	3.72866433343	4.19071845133	1307.40383048
-7153.44559259	1.15839650991	-100.769488882	4.48747936444	-0.420914830838	-2.35012573928	1019.53412211
-6880.16086239	1.36624534568	793.473858768	5.13111602689	2.44214941103	2.38524672781	1355.36888059
-6417.14523037	1.31272527011	-60.1152870647	5.68230532959	-0.228502782535	-2.20120912935	1053.57530121
-6215.00020629	1.2692297661	537.993366048	4.66954585082	1.59762010955	1.07080493404	1332.42075488
-5739.37736434	1.30433869884	-36.6069116419	4.15689642984	-0.133153739574	-2.21494301753	1098.4978862
-5588.32446364	1.24089528799	352.394090275	4.80499068124	1.05277188617	0.103151687808	1364.83391868
-5118.66739052	1.5909118326	-16.6652002072	3.86845218569	-0.0605213641591	-2.28026765792	1129.32553393
-4998.76213515	1.33482605109	229.137284841	3.67916617812	0.710028473513	-0.623478900013	1418.57490067