U (kJ/mol)	 dU (kJ/mol)	 P (bar)	 dP (bar)	 Z	 Z-1/rho (ml/gm)	 Neff
-999.568721102	1.01558975354	59.0096975238	0.481021904425	0.757771459012	-2.60412437885	2104.5693509
-1910.25345865	1.52451635167	97.5094049536	1.43461266055	0.626082211893	-2.00993743676	1284.77471346
-2781.34383485	1.8509328039	148.1915193	2.81328482152	0.63433248143	-1.31039292333	852.749185712
-3689.53063677	2.95079825549	267.907883588	8.2661787246	0.860082989226	-0.376051164203	534.082128555
-4675.30794751	3.60265508954	610.931083079	9.03229153516	1.56905104649	1.22353847916	490.887433107
-5184.1766197	3.43509589476	964.994886671	9.82055066161	2.25308293891	2.4493651735	404.599876665
-5675.36242428	3.90792001555	1576.55353715	12.707710332	3.37421171912	4.25406973873	288.16403553
-6118.44582078	13.9526435686	2545.59401098	33.3729986216	5.02910424227	6.663947325	178.316618565
-6501.82483339	6.49832208161	4001.44546153	25.4084829124	7.34063647426	9.7380326119	222.534150802
-7671.40057771	5.61621728061	-79.8595757691	15.8680611431	-0.391848957982	-2.13761987439	48.7900257148
-7320.21053389	4.25589442762	1159.32267036	14.5191977904	3.9020133236	4.45695010273	129.05200688
-6894.62654686	6.58787174384	-8.80953200003	23.7323588542	-0.0367974742424	-1.71481384933	15.1065768736
-6629.41321372	4.69074417071	866.196426241	20.0952794176	2.66597452305	2.75544284754	144.268603298
-6192.32838244	2.0219348246	5.68708018731	10.2801640265	0.0216170247329	-1.75304896966	232.133551237
-5990.25991249	3.97844834359	592.491361476	10.2014648201	1.75945685127	1.36078108908	178.834744045
-5528.97123231	3.14478619577	11.9283067637	9.6896952459	0.0433879445477	-1.86986206612	227.642091195
-5390.4736738	2.41864492637	391.367716852	10.5403682728	1.16920499187	0.330740130117	297.948245479
-4935.77665834	3.43861888729	22.7542283628	6.48555955848	0.0826342872444	-1.97246320157	275.853171998
-4816.84345333	3.19268890775	264.508375608	7.35070611799	0.819632991175	-0.387814023063	353.395740901