U (kJ/mol)	 dU (kJ/mol)	 P (bar)	 dP (bar)	 Z	 Z-1/rho (ml/gm)	 Neff
-1058.23176566	0.641056280033	57.7599568034	0.267384345031	0.741722946839	-2.77665698638	6466.09846597
-2014.45425021	0.843211656038	92.2205211089	0.661352506525	0.592123681457	-2.19247628298	5578.11207705
-2921.60986054	0.822179352953	132.739256135	1.14589610137	0.568189206271	-1.54742157722	5193.3505084
-3873.41072576	0.770521125247	246.996107533	1.71230267589	0.792948485312	-0.556486753952	4887.76672131
-4907.44232761	0.827290426439	604.561435522	2.42611079837	1.5526919146	1.18836408227	4555.59475617
-5439.19268311	0.920641823355	998.967023495	2.95625582488	2.33240153731	2.60440695605	4300.25234317
-5950.61053902	1.07939052297	1653.7357142	3.49735727484	3.5394005314	4.55005207334	3996.75781326
-6416.29142788	1.2484525258	2693.24012068	4.22976383872	5.32079556202	7.14639093358	3681.90826328
-6790.82156129	1.44811609687	4292.40333596	5.02381949015	7.87439758785	10.5577899268	3378.6325969
-8034.457547	0.764649352972	18.6535449272	3.02249079616	0.0915278108106	-1.39524349665	2296.33790867
-7653.59193413	0.966242359239	1345.61826924	3.60966394728	4.52904143883	5.41994810135	2747.51982649
-7229.16926669	0.743609594626	14.388697585	2.93717564381	0.0601016863056	-1.5545472335	2736.75137465
-6946.2335206	0.905481945604	941.715924205	3.35299195661	2.89840801211	3.13987681464	3150.06612393
-6486.68623319	0.75810087972	7.1155412496	2.69091118648	0.0270467139753	-1.74332015041	3035.90573723
-6280.43805531	0.857485551659	629.150260994	3.01347569439	1.86831877924	1.55583792826	3539.00037883
-5801.45583177	0.747738860623	3.99995152191	2.46520245941	0.0145493973506	-1.92623194473	3360.05895194
-5649.80086828	0.825800649415	400.668014058	2.70244156609	1.19698948571	0.385049680961	3784.72313215
-5170.0379054	0.764152328032	9.86592891298	2.18484103139	0.035829121108	-2.07310078434	3666.20299932
-5051.70671715	0.78933812093	253.946037435	2.31045125595	0.786903438434	-0.458187089647	4135.79950234