U (kJ/mol)	 dU (kJ/mol)	 P (bar)	 dP (bar)	 Z	 Z-1/rho (ml/gm)	 Neff
-1110.17510445	1.13639252785	56.3515639741	0.415341384136	0.723637107834	-2.97109226668	2763.89602415
-2108.69901632	1.89765202002	85.6332226484	1.16441346928	0.549828372686	-2.41982819616	1748.21233821
-3047.82428192	1.75884681562	121.442420749	1.96366526702	0.519833202795	-1.7207084062	1482.21280152
-4029.42196179	1.52051873443	225.808576506	3.043718325	0.724928706366	-0.739301673456	1515.72260616
-5108.84817769	1.91138167722	593.280276829	5.34480874255	1.52371857482	1.12606739324	1233.59273036
-5660.23819631	2.1178869236	1007.81570117	5.86707718249	2.35306154803	2.64479048467	1117.19208555
-6190.42110148	2.05135220815	1699.39075987	6.88178173019	3.63711354052	4.72513248081	992.866511824
-6667.08259178	2.58029977232	2799.71831907	9.11536914024	5.53115509183	7.494315619	902.238830572
-7048.53734178	3.35342299314	4504.69390335	12.4015484381	8.26384382599	11.1559065643	665.745125026
-8342.64916477	1.72505964523	81.2266235055	7.29983885463	0.398556684963	-0.923704527111	463.237128851
-7944.04271038	2.17757155588	1462.30336335	7.97435242189	4.92177661388	6.02311593128	590.401953926
-7512.96359987	1.6748971615	30.3174468909	5.73469382202	0.126636178978	-1.44450233821	662.609055034
-7219.96282494	1.95444420066	988.617798094	6.96072470884	3.04276233762	3.37863202262	741.652815205
-6744.69561654	1.79166005655	-5.72188123375	5.67255742083	-0.0217493061597	-1.83075197923	797.340555842
-6532.08874888	1.73967056054	631.849742498	6.1204244119	1.87633513447	1.57020148899	924.65981522
-6032.52193595	2.16630405786	-15.0462063416	4.86868110098	-0.05472897196	-2.0616483803	854.297646889
-5875.90768292	1.81629853747	396.401437466	5.31937653788	1.18424315423	0.36013479349	1050.43768127
-5375.17436795	1.5775095112	-13.9749227227	3.86231212035	-0.0507513487197	-2.25926077302	1018.2480775
-5255.40023152	1.49980659525	236.706021597	4.20221499299	0.733481743498	-0.573051124744	1203.82572552