U (kJ/mol)	 dU (kJ/mol)	 P (bar)	 dP (bar)	 Z	 Z-1/rho (ml/gm)	 Neff
-1026.68189324	0.651724007879	58.5097139941	0.296474060018	0.751350933833	-2.67314946597	5365.61631197
-1957.17994788	0.831957413733	95.5680290846	0.747431283999	0.613617148664	-2.07694146287	4492.67358564
-2845.89986185	0.849665907834	139.849673216	1.29241195486	0.598625283399	-1.4383519496	4120.55416724
-3774.40330457	0.817826265678	255.58014937	1.89797617964	0.820506421512	-0.482420034449	3937.71946079
-4782.34340073	0.884635408831	603.839106299	2.66511462003	1.5508367603	1.18437524388	3752.0241455
-5299.54059039	0.978466059126	984.478654719	3.16396158397	2.29857390056	2.53828504759	3605.41315118
-5800.22907514	1.11321238016	1611.781329	3.64676513637	3.44960784445	4.38916315631	3519.18680981
-6259.38962608	1.25351472572	2602.60095294	4.23086851728	5.14172779983	6.85022134772	3365.38235098
-6636.09196887	1.43744607106	4120.87823575	4.89948492179	7.55973544414	10.0745276818	3189.32421809
-7839.15809912	0.717471061046	-36.9416260842	2.98123375553	-0.18126239149	-1.81419826515	2423.37795277
-7472.25577388	0.935476058932	1246.35922404	3.56801258578	4.19495833432	4.90685889019	2756.37615044
-7049.48686783	0.752308357898	-4.88522100066	2.9201024131	-0.0204056008809	-1.68770246822	2701.25220526
-6774.32088765	0.902350632879	898.599671581	3.34074386295	2.76570505058	2.92039241009	3004.30724919
-6325.7049222	0.75867135475	-3.56950700501	2.76381198537	-0.0135679678623	-1.81609280483	2962.04950445
-6121.57665613	0.876373677988	612.689257067	3.0744691914	1.81943633466	1.46825124568	3217.65959256
-5655.11997054	0.764111573757	11.4054324051	2.58873158724	0.0414860447955	-1.87357965485	3136.55645899
-5505.29591353	0.839483805968	402.931534594	2.7815948191	1.20375171825	0.398267622379	3398.06186013
-5040.41954138	0.795089846768	18.9564933671	2.27156504913	0.0688424275728	-2.00211760799	3280.66960088
-4922.80502011	0.819704203064	266.602253114	2.45673309431	0.826121296432	-0.373863269092	3502.8871354