U (kJ/mol)	 dU (kJ/mol)	 P (bar)	 dP (bar)	 Z	 Z-1/rho (ml/gm)	 Neff
-998.40018868	0.696443555322	59.1944034065	0.339669146338	0.760143354685	-2.57862485959	4166.43808721
-1907.89898343	0.939167217834	98.3648456046	0.88507622586	0.631574771049	-1.98041303161	3281.12678275
-2780.84314852	1.02048285868	147.938536248	1.60469589706	0.633249589724	-1.31427353497	2762.88054554
-3692.55899964	1.04510615077	268.560992545	2.49538122018	0.86217970955	-0.370415865719	2468.68754794
-4680.20697685	1.18478709208	622.09815435	3.55512119572	1.59773137615	1.28520515591	2212.66295786
-5185.76377851	1.28324999168	999.920352948	4.05918552472	2.33462738364	2.60875775384	2048.1154742
-5675.2885031	1.47859364817	1623.27681602	4.83406176669	3.47421100959	4.43324666388	1978.14398983
-6123.47619173	1.70298602267	2601.20211137	5.72537041714	5.13896423265	6.84565053867	1852.90150135
-6491.30098281	1.99343999082	4095.52968611	6.97793485985	7.51323362628	10.0031095804	1761.05893555
-7680.1119886	0.92379327389	-11.8882228488	3.85085444584	-0.0583322374391	-1.62540052316	1430.75413648
-7316.2140147	1.25916556528	1256.05615057	4.69183291366	4.22759595755	4.95698417977	1555.10617093
-6904.48717432	0.989811542675	22.3271089246	3.7722459728	0.0932604837078	-1.49970415525	1571.81420263
-6632.95528836	1.24787822377	912.302339391	4.58887544361	2.80787904504	2.9901461967	1680.63788157
-6194.39098633	0.996324272234	27.4165525004	3.80142860754	0.104212403197	-1.60505606016	1699.54119558
-5993.04062486	1.15654845456	633.317358884	4.04064015166	1.88069335448	1.57801046899	1804.17409701
-5536.24506356	1.0245208295	35.8495245505	3.35322953919	0.130398824751	-1.69978440161	1833.49767872
-5389.52374874	1.09628938489	421.768248166	3.59484842434	1.26002610827	0.508265553714	1954.15519557
-4933.93572316	0.998454517915	39.1549137954	2.95574190952	0.142195039182	-1.84439934457	1991.67842569
-4818.73202693	1.06326587371	285.094467453	3.10858316942	0.883423183063	-0.250656285021	2083.43141851