U (kJ/mol)	 dU (kJ/mol)	 P (bar)	 dP (bar)	 Z	 Z-1/rho (ml/gm)	 Neff
-1012.4450826	0.770957699315	58.760011668	0.364074912563	0.754565124746	-2.63859469022	3612.42902966
-1932.10357316	1.04336757954	96.6441664993	0.981127101891	0.620526743623	-2.03980000017	2694.5390527
-2811.78878224	1.17286313038	144.089249135	1.79948121719	0.616772750442	-1.37331934161	2203.70694469
-3729.84880705	1.19378589537	260.160080797	3.05896340222	0.835209688393	-0.442902461869	1989.41566383
-4725.98866321	1.32927571207	605.181034891	4.0313131897	1.55428322836	1.19178562702	1808.50675948
-5237.25654898	1.42295992007	975.669889766	4.49121489903	2.27800707859	2.49808367234	1681.7588665
-5733.47573553	1.63146760144	1590.88408296	5.37390149141	3.40488260626	4.30902528115	1628.54066143
-6189.13519143	1.93565474998	2559.35971622	6.39225664277	5.05629992482	6.70892769411	1518.79244345
-6565.47377549	2.23646696421	4042.92211586	7.93711896195	7.41672523882	9.85489073389	1446.99629605
-7752.00307769	1.13293948389	-61.6250095383	4.55613292633	-0.302376960316	-2.00020760755	1016.88074749
-7388.76087787	1.45056889706	1204.45606265	5.37195476572	4.05392193587	4.69025334072	1181.49952847
-6969.12050803	1.18105396188	-17.1114199848	4.43098644545	-0.0714745160288	-1.77216803179	1121.02914549
-6697.41986088	1.48872753796	872.707619405	5.50436305986	2.686014637	2.78858824557	1279.88763271
-6251.94879843	1.15350054345	1.65303522469	4.71333977081	0.00628331272983	-1.78052363828	1244.20665662
-6050.85922312	1.31672257614	602.388625006	4.62044935943	1.78884767324	1.41344303381	1381.04278605
-5588.64570285	1.20680218039	13.4759548121	3.84280909627	0.0490173493769	-1.85885843044	1375.14741273
-5441.34449486	1.21931626891	399.18053933	4.21754564632	1.192545678	0.376363497866	1519.81756907
-4982.01342487	1.16073324891	22.4282299019	3.41163498872	0.0814503907823	-1.97500874275	1509.39224443
-4865.51512165	1.2228609757	267.808424927	3.48458441336	0.829858865076	-0.365826979409	1630.88191196