U (kJ/mol)	 dU (kJ/mol)	 P (bar)	 dP (bar)	 Z	 Z-1/rho (ml/gm)	 Neff
-1013.33267331	0.862418704503	59.3278380139	0.475123095348	0.761856851642	-2.56020358198	2168.37322998
-1940.20863343	1.44362608414	98.0772766518	1.40053088411	0.629728366529	-1.99033809451	1176.78887585
-2833.53522893	1.85040917692	151.4785439	3.1462090686	0.648402561021	-1.25997189387	687.404505309
-3774.46411499	1.94350614952	283.858173378	5.07224146408	0.911289294686	-0.238425362479	532.268787576
-4798.48724651	3.97175498578	690.533604889	17.9020279809	1.77349377925	1.66311863959	126.858659314
-5305.43828777	6.07218724707	1170.92546292	15.8649025643	2.73389239642	3.38918958873	222.735085522
-5781.78828359	3.8906257491	1926.45378808	19.0585576491	4.12308418008	5.59588590814	146.074431546
-6201.61677471	5.1251784455	3107.04623142	18.5839331839	6.13831558211	8.49853027361	197.067269982
-6519.59300744	7.52052087459	4895.37170864	34.2335538548	8.98054077332	12.2566191307	127.906377303
-7848.69266888	5.92326455371	416.424842055	22.5745828351	2.0432820844	1.60228630084	7.98515577682
-7425.52295067	5.27667213891	1876.05547969	15.5774743249	6.3143710243	8.16188068129	102.524078058
-7059.33394137	4.39917433508	321.734810077	14.5607857324	1.3438884593	0.568775201801	84.7885619206
-6768.9229707	4.60493762962	1271.18607871	16.4718545731	3.9124494136	4.8170531989	76.7418112311
-6350.49206216	6.4763819182	183.07218086	15.70955638	0.695871296202	-0.544932326416	37.8214452386
-6132.68062179	4.34913564798	838.860767279	13.6881782076	2.49107315349	2.67167798449	137.689187736
-5672.20790547	6.41188840407	146.368681744	10.7594080172	0.532400480034	-0.914003330333	66.8720682377
-5515.86982382	3.73296795108	569.927746296	15.2006880049	1.70265031397	1.3734503557	190.06930529
-5048.34067443	3.11883965517	88.9609628696	8.890384774	0.323070755998	-1.45549152894	223.414866147
-4935.26578366	2.61043057404	355.730430007	8.42724486674	1.10230307728	0.219965769962	240.97151502