U (kJ/mol)	 dU (kJ/mol)	 P (bar)	 dP (bar)	 Z	 Z-1/rho (ml/gm)	 Neff
-1116.18704089	1.04691750835	56.2045366609	0.367364217896	0.721749060507	-2.99139008152	3436.87120384
-2117.16396823	1.69143398468	84.928923071	0.992388087574	0.545306250564	-2.44413616662	2252.32072661
-3054.58773416	1.45768229449	118.374833264	1.72889034359	0.506702421826	-1.76776339902	2296.32151915
-4035.53021652	1.12107805739	220.736518035	2.28807941363	0.708645530397	-0.783065524941	2706.10970759
-5111.12477033	1.05365054019	571.154629432	3.06246024474	1.46689339246	1.00388538931	2792.58413284
-5666.65344786	1.14517165389	963.722078598	3.55001237804	2.25011116964	2.44355634159	2802.36762234
-6202.02732003	1.28918254883	1623.89660358	4.22784992893	3.47553750718	4.43562345834	2705.24218904
-6688.64988467	1.43683487052	2686.42108183	4.93690313834	5.30732379195	7.12410926482	2667.01469602
-7080.85461944	1.65428655743	4336.54442084	5.7225532184	7.95537424011	10.6821549308	2488.75859547
-8352.67085853	1.0216596956	-26.5494600539	3.71365485895	-0.130270893088	-1.73588485349	1352.51521995
-7960.90993506	1.10541766185	1332.3368107	4.06588994472	4.48433910571	5.35129367219	1913.94013569
-7517.82521845	0.921256731148	-37.0934276228	3.66657321191	-0.154939495936	-1.91021514999	1721.49242252
-7228.24855629	1.03766013246	908.949875328	3.83992562378	2.79756084987	2.97308039126	2178.9627911
-6747.17445745	1.03997052711	-44.9598283622	4.07363206709	-0.170895730266	-2.09798985205	1695.26356473
-6539.12468949	1.09771113035	576.198470064	3.52375556362	1.71107363206	1.2740889095	2279.30045867
-6036.51334849	1.11906668986	-42.3684935837	3.36389545853	-0.154110879824	-2.25590733671	1679.60681679
-5880.61084219	0.968009474636	355.345636857	3.20591971511	1.06158958586	0.120387391742	2452.9028821
-5382.52063641	1.32765928872	-32.0746292631	3.00965735427	-0.116482268066	-2.40059134361	1666.12644725
-5260.9270819	1.22016413819	212.387411418	2.85605521136	0.658125584525	-0.735077292192	2283.38032191