U (kJ/mol)	 dU (kJ/mol)	 P (bar)	 dP (bar)	 Z	 Z-1/rho (ml/gm)	 Neff
-1091.81788307	1.29419769083	56.837292809	0.568143276327	0.72987458173	-2.90403510749	1573.53619242
-2078.19284391	2.34341875807	90.7454227899	1.78751046487	0.58265246359	-2.24338735479	693.047255583
-3013.62426462	2.79207467195	131.478443785	3.79453628752	0.562792310211	-1.56676169917	316.435383473
-3992.58159335	3.20737813248	246.55808843	6.95615823928	0.79154228265	-0.560266166801	222.871865595
-5080.13078485	5.76610380995	589.449601823	30.4499101379	1.51388027261	1.10491368233	28.6623705915
-5622.3587981	12.3371932129	1079.99699377	32.0134228301	2.52159139323	2.97421092503	43.8197333209
-6110.18504039	5.62244418999	1857.83929992	32.4062228978	3.97623232597	5.33275940447	38.1729114217
-6565.54286183	9.54533494851	3031.18315436	30.4846103157	5.98843963136	8.25064255935	53.4179184733
-6928.03920052	16.1131067403	4777.09179125	88.6629468406	8.76355671491	11.9233721695	17.8837459706
-8270.53918052	3.73715378521	275.589929648	17.1815738109	1.35224393221	0.540980848399	1.54551261226
-7842.46277888	10.1348388899	1782.27610002	27.0951235837	5.99873121295	7.67711692153	16.1949255988
-7449.27822712	11.032972576	210.628723159	18.8145102751	0.87979758915	-0.198809086606	10.2739880389
-7145.15836687	8.75158137832	1163.62747075	29.3249153097	3.58140613071	4.26952330968	18.0781549771
-6704.97256707	13.7509183373	57.251553145	18.1813049864	0.217617511899	-1.40185883169	9.77039072674
-6476.53234437	7.94808312355	736.878866448	22.7594689475	2.18822864673	2.12904665917	35.755932066
-5991.00339476	11.9819361917	57.0920141836	18.7612420607	0.207666116791	-1.54875224859	8.78382912467
-5825.7613463	5.29457155606	484.638071374	22.5341127961	1.44784873126	0.875397031811	58.8576185896
-5331.04347978	4.0777631932	23.5557134915	12.7618468883	0.0855449617482	-1.96620484869	82.2549510157
-5210.39666352	4.56566425659	284.353332278	11.7180110316	0.881126625009	-0.255594202568	79.9465887153