U (kJ/mol)	 dU (kJ/mol)	 P (bar)	 dP (bar)	 Z	 Z-1/rho (ml/gm)	 Neff
-1064.33036067	0.669924059988	57.59722596	0.273499590473	0.739633243048	-2.7991227477	6197.17395843
-2025.06094637	0.891772198191	91.5103222973	0.678936517692	0.587563681905	-2.21698785772	5255.39292937
-2935.21121651	0.865523807793	131.141513293	1.17856244233	0.561350082234	-1.5719300153	4912.64873632
-3890.0288348	0.792720321741	243.973388324	1.74778115524	0.783244443245	-0.582568045261	4699.00911379
-4928.01684466	0.83959899129	599.420399013	2.45179105109	1.53948821792	1.15997430766	4451.4042046
-5462.20655642	0.93073953065	992.76431922	2.98699938764	2.3179193806	2.57609910093	4218.53790704
-5976.28338912	1.08718231256	1646.45315315	3.52525984041	3.52381406239	4.52212451928	3930.65660489
-6444.63580826	1.25347956126	2685.61958065	4.25614328377	5.30574033719	7.12149030574	3628.65124313
-6821.67654844	1.45530160328	4285.63783326	5.04586737777	7.86198629888	10.5387285065	3339.9655768
-8066.60718714	0.783769682197	7.20068065631	3.07562658682	0.0353317580862	-1.48155013106	2208.65507369
-7685.47285855	0.974210936939	1335.29532986	3.64769347465	4.49429680041	5.36658683023	2682.569674
-7258.12565549	0.761688443919	4.6438786171	3.00821064916	0.0193975121263	-1.62187000709	2640.17107664
-6975.05771689	0.911290956024	932.380295217	3.38224163967	2.86967486535	3.09235355265	3079.53010318
-6512.91908123	0.775681585156	-1.02135541338	2.74318106065	-0.00388224967907	-1.79873810967	2906.50463598
-6306.42648983	0.867879665811	620.895471409	3.05267549499	1.84380543265	1.51191535595	3452.85728078
-5825.19944495	0.770051396084	-2.64726762272	2.51177470426	-0.00962915383487	-1.97349306319	3192.53337632
-5673.26329825	0.836726238906	393.684235737	2.73489468431	1.17612555615	0.344267558043	3655.71910479
-5191.51640799	0.791645839125	4.75861131024	2.24426908513	0.0172813794265	-2.11298099506	3467.9466155
-5072.78698331	0.809667129671	248.296252384	2.34752884073	0.769396430534	-0.495829578757	3990.62293211