U (kJ/mol)	 dU (kJ/mol)	 P (bar)	 dP (bar)	 Z	 Z-1/rho (ml/gm)	 Neff
-1062.85541169	0.818427506698	57.7061169832	0.371980784669	0.741031564222	-2.78408982778	3515.39618858
-2026.52726424	1.25406400444	91.4430528209	0.989461021887	0.587131762312	-2.21930957492	2394.4009597
-2943.98211489	1.33917103502	134.837146387	1.81244965152	0.577169206853	-1.5152411712	1865.63813088
-3906.00528688	1.3091663137	251.806242322	3.07347834497	0.808390789783	-0.514982890041	1547.20000406
-4955.99741818	1.9553150952	643.271515311	5.51986834074	1.65211080633	1.40212845427	1136.79240932
-5487.43176331	2.19257965351	1077.97801429	6.34064823054	2.51687745299	2.96499672165	1026.16147544
-5995.98094471	2.16257129477	1789.56700233	7.57185203581	3.8301128437	5.07094515144	895.640194754
-6448.70478896	2.7988338635	2915.68162563	9.78882730455	5.76025350835	7.87323353426	809.743600585
-6802.0833763	3.5068792581	4650.08466462	13.2481530574	8.53056262434	11.565536791	609.431146631
-8101.68918737	2.40733036075	222.875274012	9.65307339786	1.09358762604	0.143733102838	300.248726629
-7700.31736807	2.33846174185	1612.85352651	8.26732284834	5.42849381829	6.80133885598	527.016326342
-7296.45345198	1.7720236159	144.932119295	6.26061916365	0.605382434236	-0.652678737916	580.787374806
-7003.92422889	2.13947413469	1103.26852194	7.58373676185	3.39563369515	3.96226451205	617.152427299
-6550.03221948	1.9600221142	81.6403245971	6.2010899938	0.310321088835	-1.23575423447	680.176358621
-6339.34656088	1.92020095562	718.524041328	6.72932404118	2.13372232831	2.03138322086	787.358815372
-5856.22864714	1.56335806094	52.9521922025	4.56110594741	0.192607955552	-1.57818600319	900.337596535
-5702.09253718	1.75218498005	469.29902741	5.306388819	1.40202357502	0.78582391715	974.580726405
-5215.32431073	1.44066795079	30.5956713082	4.056780459	0.111111282308	-1.91123372234	1073.17248746
-5099.82767658	1.50640979766	287.267296713	4.50628317423	0.890156136383	-0.236179503867	1102.92301172