U (kJ/mol)	 dU (kJ/mol)	 P (bar)	 dP (bar)	 Z	 Z-1/rho (ml/gm)	 Neff
-1036.22554351	0.613342312637	58.3166619775	0.27057647207	0.748871861504	-2.69980120842	6364.00614034
-1974.52300858	0.772805164852	94.7804200347	0.669326498058	0.608560118357	-2.10412474983	5545.47840719
-2869.10230915	0.764496690347	137.57297916	1.15028785393	0.588879914723	-1.47327510109	5157.29709397
-3805.57927758	0.743098212583	253.379888455	1.7019468966	0.813442773514	-0.501404810055	4882.10538573
-4821.88079413	0.830773088709	605.815889435	2.45069194936	1.5559137219	1.19529141372	4543.52949213
-5343.89779645	0.908025607227	991.491663465	2.95184924428	2.31494796696	2.57029096417	4299.20723128
-5847.13133268	1.05228602788	1630.96128566	3.40603413644	3.49065766169	4.46271547848	4063.19137517
-6306.97284924	1.20504974972	2643.05758843	4.05213102694	5.22165438527	6.98241612928	3784.61756289
-6682.43780685	1.3801838075	4194.52794816	4.76857205658	7.69484556132	10.2820315709	3528.28659819
-7900.89372606	0.718523460528	-11.240069584	2.93386781034	-0.0551519277645	-1.62051616187	2485.91680476
-7528.51842717	0.882443573166	1289.70911838	3.36942385281	4.34086410291	5.13094288216	2913.42454942
-7107.48793332	0.74675298248	3.34395207103	2.86007278734	0.0139677102258	-1.63085064191	2893.07435656
-6827.91328894	0.88129888526	920.979273003	3.25418911496	2.83458486285	3.03431635276	3295.26064759
-6376.23502189	0.729623542652	4.26142536859	2.62544523792	0.016198002236	-1.76275867644	3294.07031519
-6172.0255178	0.843296696645	622.923416585	2.92322178695	1.84982759984	1.5227057665	3658.98162467
-5701.63499506	0.726048822437	10.6504602599	2.41679388576	0.0387399140815	-1.87894743756	3605.12905089
-5550.52419345	0.790028370081	407.026430972	2.62906673235	1.21598515775	0.422179974653	3940.97565177
-5081.76028621	0.737488513387	17.1272316092	2.10913060989	0.0621992780387	-2.01640129858	3864.37962827
-4963.33164809	0.764480592143	264.93051297	2.27612602052	0.820941069637	-0.385001473394	4174.62293854