U (kJ/mol)	 dU (kJ/mol)	 P (bar)	 dP (bar)	 Z	 Z-1/rho (ml/gm)	 Neff
-1063.36155093	1.20950021621	57.162212804	0.498031251223	0.734047033192	-2.85917836795	1970.35277902
-2018.02682741	1.62224180332	90.9838225596	1.52286419365	0.584183165734	-2.23515930135	1126.95368954
-2922.71527575	2.05099334882	129.608423464	2.65821320179	0.554787704845	-1.59544671409	898.574140576
-3863.61357276	2.20214064246	236.229202563	8.97300590547	0.758382754407	-0.64938813368	751.48064226
-4889.0711326	1.75600403915	549.01456078	5.63684024944	1.41003117208	0.881623748489	998.985311887
-5420.22950662	1.850562251	899.091315605	5.78356392424	2.09921040173	2.14859495149	1019.10532994
-5938.81788545	2.0438331189	1491.29673438	7.06595881087	3.19174122493	3.92712239814	1014.02585438
-6419.92913559	2.43933161115	2433.58500278	7.85666871055	4.8078179822	6.29795034598	960.593505033
-6823.56501703	2.75451160098	3890.53375978	10.1950194889	7.1371693794	9.42554518051	1002.33411077
-8007.29502317	1.98604509303	-221.00477988	6.95622490587	-1.08440962616	-3.20126362684	403.306530653
-7645.02449388	1.98306685464	1046.78396319	7.35575690564	3.5232339328	3.87521574921	570.709427899
-7199.27315474	2.13219168461	-143.816265978	7.04986382799	-0.600721507449	-2.64751745456	308.070758373
-6925.86253953	2.27107095397	750.990449575	8.6432964648	2.31139421148	2.16898382919	599.350253002
-6456.75851908	2.02945647078	-77.95455889	10.8390460095	-0.296311212795	-2.32270705174	364.591483289
-6256.92083945	1.86676762752	504.399888528	6.72318199682	1.49786123031	0.892058773396	571.622248473
-5776.69911251	2.19483075407	-62.2599892836	5.80362808357	-0.22646407542	-2.39733404677	485.255642532
-5625.84563019	1.72835501684	332.537046156	8.75907536911	0.993449274441	-0.0128045148061	543.288434864
-5154.50774347	2.56197709433	-33.5641080901	6.00296019802	-0.121891461437	-2.41222185773	471.908576444
-5032.58857957	1.9022971706	210.195347068	4.87741914982	0.651333027367	-0.749682229843	723.168998966