U (kJ/mol)	 dU (kJ/mol)	 P (bar)	 dP (bar)	 Z	 Z-1/rho (ml/gm)	 Neff
-969.347367364	0.589769634431	60.0592997586	0.297616139364	0.771249898154	-2.45922183428	5403.38986323
-1857.34238523	0.806786008861	102.270218879	0.738811164993	0.656650144436	-1.84562422692	4490.32453363
-2716.63297146	0.824141142556	155.971559487	1.29526554074	0.667634874309	-1.19105167003	4085.84713668
-3615.53287766	0.830614454741	288.374658223	1.94349038768	0.925788874668	-0.199455233668	3749.56032838
-4585.29946913	0.924739992087	662.206212989	2.72284422492	1.70074068952	1.50668943116	3422.39118275
-5079.14570469	1.03418250664	1058.91883263	3.26719209172	2.47237782133	2.87801457174	3224.60737289
-5553.50470598	1.18699342937	1704.46960922	3.87050675108	3.64798352533	4.74460912354	3117.71800018
-5984.47168615	1.32952049482	2710.98059685	4.47636702185	5.35584384687	7.20435913446	2949.28476637
-6331.47690331	1.53582090354	4242.96943379	5.27015924789	7.7837112824	10.4185127102	2797.60523183
-7530.35108956	0.723922108554	111.294182618	2.94272081367	0.546089921818	-0.697121048044	2311.43778606
-7164.78870683	0.999548010533	1387.10374805	3.71202128562	4.66867201381	5.63439456873	2557.67444376
-6771.05638502	0.750291087073	117.351174312	2.94675877716	0.490176642078	-0.843223654183	2556.82275674
-6498.4915883	0.95105703634	1013.89492071	3.47818853191	3.12056012442	3.50730587221	2759.5855984
-6075.52168569	0.766434577342	91.3187357511	2.80025469983	0.34710946642	-1.169837483	2818.49875533
-5873.49014405	0.921460336701	708.605265909	3.17750363106	2.10426762483	1.97860681439	2955.34824924
-5428.53976375	0.785335040559	85.6719529203	2.62845263665	0.311622597928	-1.34555150541	2993.60297846
-5282.88855418	0.874597739758	476.990413194	2.79589069851	1.42500147091	0.830738149245	3144.7430754
-4835.05743511	0.796250055146	76.3694244462	2.29733262641	0.277343307615	-1.55381186944	3158.98149375
-4722.1120869	0.832107122699	324.356665666	2.49634945117	1.00508508843	0.0109336436507	3290.01861046