U (kJ/mol)	 dU (kJ/mol)	 P (bar)	 dP (bar)	 Z	 Z-1/rho (ml/gm)	 Neff
-1163.84318588	3.64293792732	55.7773562569	1.31806134535	0.716263434728	-3.05036435336	343.551722985
-2201.18740474	4.77111212679	92.2908907919	4.26345635397	0.592575506661	-2.19004756624	103.339860863
-3174.70241198	5.14941452062	123.810875886	7.40390275369	0.52997135396	-1.68437769355	12.6595462314
-4190.90307028	6.62206121898	263.408559234	16.2841614554	0.845638500742	-0.414873225086	19.3699674142
-5301.34863448	8.89772742963	537.099146097	34.2769650063	1.37942887601	0.815824578075	1.85110118389
-5914.81591244	15.2004260751	1073.87439503	59.9989138791	2.50729626799	2.94626865494	2.71993615077
-6347.11516481	11.0194674823	2053.25569347	80.5362016686	4.39447139599	6.08215262707	5.47994903936
-6818.0841838	17.4324220378	3336.42074113	57.1795907154	6.59147045083	9.24802693431	10.8213183936
-7205.69644658	13.7688498009	5021.68938085	99.9478736985	9.21227006237	12.6125120104	2.03902763919
-8601.56455695	0.523434278329	494.348468742	2.8010185637	2.42563187309	2.18950411825	1.04358843413
-8165.32160391	7.57682333316	2049.17566235	18.4221937414	6.89705372048	9.05677240404	3.14765665832
-7776.42739918	6.65382738607	363.410222333	10.7538646647	1.51796693578	0.856692745724	1.5473872605
-7441.35830065	12.4861623071	1328.18096879	50.9612297256	4.08786796796	5.10718716809	3.56832958814
-6988.18373099	20.4764266585	153.367563532	20.3919006802	0.582961784412	-0.747241553286	4.03797061999
-6761.98773861	14.8879721347	841.630126437	40.0375954443	2.49929701676	2.68641335437	5.48155317503
-6275.8083587	2.44804806924	94.3382843722	3.41376809939	0.343145454936	-1.28393468363	1.1037092826
-6081.21263106	9.95662053536	533.131857109	44.0879666465	1.59272316498	1.15857891984	10.1900072366
-5578.20390933	4.48406133416	44.1867225311	26.3765821355	0.160468562757	-1.80510874071	11.508779463
-5447.37513038	10.3040711202	315.237894178	15.837120135	0.976828720615	-0.0498214564653	11.2705476854