U (kJ/mol)	 dU (kJ/mol)	 P (bar)	 dP (bar)	 Z	 Z-1/rho (ml/gm)	 Neff
-1162.14211629	2.55340492106	55.339670977	0.787848534804	0.710642910863	-3.11078887294	830.229621342
-2199.07219373	4.38840970794	80.84357646	2.38463593538	0.519075315776	-2.58513651351	437.068718384
-3166.39760606	3.75835261944	112.25240876	3.86349371821	0.480495438145	-1.86167779998	255.244963665
-4173.17431225	4.1133354199	202.620565911	8.10903803192	0.650486651136	-0.93937757116	207.959119473
-5302.52786073	7.09868172495	529.366123411	18.6467403705	1.35956819504	0.773121366219	95.6711348459
-5872.22073069	9.50122166035	974.266826447	20.8854610415	2.27473118763	2.49168038252	58.6465465181
-6394.88264958	5.02027986937	1716.37017379	22.9248550758	3.6734536559	4.79024604413	65.9578972804
-6887.22741889	9.6728658565	2837.52515444	29.3880263353	5.60584670224	7.61785200015	73.112547288
-7291.48021756	14.3304677426	4547.0732249	78.9393331589	8.34158853012	11.2753079	24.9585632424
-8628.83395921	4.53448972384	11.3651746809	17.8814274468	0.0557657840415	-1.45016728614	1.46342093495
-8201.00203733	9.03782709175	1530.46700497	26.3165494766	5.15119974566	6.37546698439	22.71891964
-7769.52064046	9.96190046608	18.7087757129	19.734000796	0.0781466816173	-1.52470166709	12.157613845
-7462.68512453	7.90254408021	973.345517523	26.857931887	2.99575739778	3.30088808146	29.6831104974
-6987.64192124	12.0895366145	-82.2426987459	21.0240048647	-0.312610758831	-2.35191228436	20.2213245228
-6757.613105	7.27311684585	593.025529082	22.0462002753	1.76104311043	1.36362331964	59.4418311918
-6243.52191444	10.0430185909	-50.8419430667	13.2366700383	-0.184932149228	-2.31615278538	47.1965769796
-6080.78916543	5.7592288975	372.34067309	16.7987637861	1.11236199336	0.219630756118	82.7117411456
-5558.47443966	3.49587472075	-37.5614186243	9.06196438386	-0.136408099911	-2.44343463885	157.026758458
-5436.45112851	4.13443117922	199.388453311	11.3380697946	0.617845669415	-0.821684682474	114.412478343