U (kJ/mol)	 dU (kJ/mol)	 P (bar)	 dP (bar)	 Z	 Z-1/rho (ml/gm)	 Neff
-1024.48543584	0.561001719522	58.6380014905	0.257321362973	0.752998334301	-2.65543877134	6986.24368112
-1954.58619981	0.709018508121	96.1558870271	0.628792403967	0.617391629711	-2.05665232177	6261.6416657
-2843.7944044	0.706290865624	140.910304683	1.085411688	0.603165306967	-1.42208248498	5760.62089572
-3775.47042005	0.706259494078	260.889215028	1.63927986443	0.837550477847	-0.436611185388	5305.03104416
-4785.00395329	0.804997635678	621.441551065	2.37902265392	1.59604502544	1.28157926855	4800.78012769
-5302.70095775	0.892256328657	1013.08013115	2.89498569289	2.36535300939	2.66881625061	4480.10782465
-5800.19885259	1.04243701843	1660.85463052	3.36731613814	3.55463676049	4.57735207384	4201.20861633
-6253.23885557	1.20224635596	2683.66010294	4.03041954327	5.30186917093	7.11508758035	3884.25123931
-6620.68139599	1.37744225399	4248.88540356	4.77905922491	7.79456410643	10.4351806196	3585.4341772
-7843.25334886	0.709208775988	35.1156648425	2.85438497487	0.172302902249	-1.2711880524	2615.10142429
-7469.35514657	0.877198207657	1339.5095101	3.3179984623	4.50848076134	5.38837074334	3011.51056644
-7056.17582992	0.720592131499	37.085151292	2.77019165552	0.154904925646	-1.39774717195	3067.43751842
-6775.9340345	0.867960923089	956.760297922	3.20893453712	2.94471150152	3.21646059004	3429.60080735
-6329.54495617	0.705365475094	31.2020709717	2.54312984155	0.118601447087	-1.57927403083	3527.74106079
-6125.84169432	0.829536205172	650.265285733	2.87812069407	1.93102176084	1.66818799984	3829.71587349
-5659.53062853	0.696364896446	29.5335755391	2.33999940515	0.107425233368	-1.74469021981	3909.2491229
-5509.06282077	0.771225368789	427.124494039	2.56652425404	1.27602780985	0.539543619472	4165.87052901
-5043.21225052	0.696349335952	30.8148660984	2.02262394453	0.111907310412	-1.90952215178	4252.03077478
-4925.86665275	0.736546333062	278.904921901	2.20570164181	0.864243617487	-0.291895004534	4485.8500856