U (kJ/mol)	 dU (kJ/mol)	 P (bar)	 dP (bar)	 Z	 Z-1/rho (ml/gm)	 Neff
-1073.14027118	0.722058201201	57.3537803258	0.296748171966	0.73650704242	-2.83273156702	5264.79272389
-2042.68530337	1.01965476365	89.9415925552	0.746484973638	0.577491281328	-2.27113049453	4224.87939442
-2960.26471626	0.970507953253	129.922228323	1.29884025728	0.556130943757	-1.5906331316	3974.70843231
-3922.66355804	0.862072001269	243.253322596	1.911963138	0.780932767025	-0.588781074891	3888.3901054
-4971.20179444	0.922390435498	613.546437555	2.70011613123	1.57576804746	1.23798096055	3639.48894987
-5509.93476187	1.03012451326	1018.2080896	3.236549775	2.37732583522	2.69221918884	3510.12946691
-6026.67991261	1.17754437458	1691.73076889	3.8544485568	3.62071927878	4.69575753829	3307.69407726
-6493.16611661	1.3430224816	2767.46093922	4.56658752667	5.46742704834	7.38891245753	3152.85842236
-6863.40843271	1.54390963787	4429.99562883	5.31207408173	8.12681012559	10.945448411	2935.61851078
-8133.39428863	0.800936487479	81.7589506015	3.1816875324	0.401168667506	-0.919693010082	2153.86801151
-7742.91572422	0.985825222018	1434.26398757	3.63770766051	4.82740252747	5.87817497228	2513.41310218
-7321.33230314	0.803224636428	47.9890457827	3.09629321711	0.200450566057	-1.32241684284	2466.35816187
-7032.73382776	0.941872319561	993.077977053	3.46697040002	3.05648985151	3.40133667953	2788.02538967
-6569.7519344	0.807216793872	23.3191026116	2.9807762169	0.0886376842422	-1.63296256069	2702.56602127
-6362.74673979	0.959787517001	647.729396858	3.17204416543	1.92349120876	1.65469489243	3003.9848634
-5875.40939121	0.82978445054	10.0299237005	2.64956171016	0.0364827784827	-1.88335939559	2917.51965987
-5723.33216995	0.846214789124	408.632692429	2.79540002807	1.22078383897	0.431559818796	3258.03721656
-5235.57204015	0.879048611047	7.54438955373	2.3627499377	0.0273982155548	-2.09122839771	3010.87133552
-5117.82646007	0.89203658888	255.489959139	2.44779615375	0.791687593799	-0.447900493717	3368.40134173