U (kJ/mol)	 dU (kJ/mol)	 P (bar)	 dP (bar)	 Z	 Z-1/rho (ml/gm)	 Neff
-1053.24075042	1.2838600631	57.7279465524	0.742317035301	0.741311888053	-2.78107615268	938.122072583
-2011.31276992	2.76795307782	98.3596413972	2.33140984018	0.631541356203	-1.98059264796	364.35165817
-2929.34823259	4.25829359474	143.529926039	8.40248151508	0.614378572903	-1.38189902983	73.3629511578
-3889.79665058	4.19192367297	288.1364225	9.74203592991	0.925024050243	-0.20151083158	94.2108045143
-4948.40309921	5.20140382869	610.894748743	43.2442118268	1.56895772921	1.22333783409	3.003453731
-5493.26238745	22.2065940455	1154.74031331	56.4377696685	2.69610309312	3.31532392466	7.3199294654
-5925.67009545	9.23543786568	2041.47077576	70.7570573545	4.3692487781	6.03695919522	8.80691557216
-6352.75312143	10.858378393	3280.3418475	41.6341355936	6.48068035601	9.06478537201	21.3921930082
-6689.01964979	19.5401154012	5028.76743331	116.384052395	9.22525472267	12.6324540219	5.9810595416
-8044.66411274	3.45180713239	574.985367409	21.6603815722	2.82129494058	2.79716864376	1.54558194065
-7617.31213969	11.4556151174	2070.3762511	27.7745114424	6.96841002351	9.16636234959	6.5497407021
-7257.71638683	12.1426154834	418.375892519	20.9489431721	1.74755890876	1.23642697998	4.77494898272
-6944.31285073	10.9280256035	1385.74215321	38.1064558887	4.26502945988	5.40020387335	7.73636012947
-6530.51713093	14.1940672743	228.108641548	21.5051349302	0.867058311773	-0.238202519324	5.3452668309
-6306.66699307	10.2664669038	902.114087046	28.8244145309	2.67890962515	3.00823998672	14.044444425
-5861.44232052	10.6520809754	167.712269659	9.70295452721	0.610035506299	-0.762252377804	1.61469163723
-5678.17380132	7.40565976593	569.364755168	44.3806489784	1.70096838669	1.37016274084	15.2362857756
-5204.98533027	4.78523939234	92.2276189344	20.1951896766	0.334933948688	-1.42998402337	22.8191567107
-5077.22739777	6.11508933275	376.663931196	15.071512599	1.16716978767	0.359438171712	31.1540751341