U (kJ/mol)	 dU (kJ/mol)	 P (bar)	 dP (bar)	 Z	 Z-1/rho (ml/gm)	 Neff
-1056.4023383	0.738124106663	57.8900918865	0.33525700362	0.743394073043	-2.75869122368	4250.54042737
-2014.87086817	1.07178566917	91.9320290285	0.862568199183	0.590271349777	-2.20243320642	3173.80178604
-2927.84773656	1.11373189694	135.804310656	1.53450503447	0.58130914491	-1.50040543858	2663.00276698
-3885.75468249	1.05920193607	254.259037112	2.4700699719	0.816265164534	-0.493819146073	2342.05384981
-4928.10375562	1.33244710091	647.148892537	3.87552456632	1.66206905361	1.42354006366	2003.15306437
-5458.34087415	1.45566893098	1073.65196138	4.49247435289	2.50677692693	2.94525351391	1870.39239996
-5966.1716606	1.61928066563	1775.01585515	5.3562064061	3.79896981545	5.01514363509	1714.22832873
-6418.96518601	1.92047081019	2889.31526457	6.59530591539	5.70816382802	7.7870796735	1573.58607236
-6770.7708504	2.25562782255	4610.5478531	7.81837014141	8.45803249403	11.4541440662	1416.46119789
-8061.50600543	1.03303595749	209.663865748	4.31746108584	1.02876288195	0.0441744111348	1229.15372971
-7664.4489075	1.43375878317	1580.35591204	5.34284644566	5.31911432637	6.63335239852	1286.42745241
-7259.86176429	1.06919272957	135.543816719	4.0896521941	0.566167431415	-0.717538492698	1386.11276086
-6967.69919641	1.39343018821	1093.97271129	5.03068033123	3.36702310105	3.91494394635	1450.30380664
-6515.42006146	1.10285033109	82.1055138993	3.9044394113	0.312089308786	-1.23258596985	1557.14450419
-6306.89022338	1.25020180021	715.218670373	4.42356377044	2.12390672938	2.01379580773	1611.39337206
-5825.88014233	1.0865627924	51.5348655926	3.4097519239	0.187452581065	-1.5882630654	1707.78136073
-5672.92270108	1.19493644877	462.849581206	3.69599224296	1.38275595438	0.748162053363	1790.49940265
-5188.49371955	1.0576979858	32.5653487909	3.0225827407	0.118264365783	-1.89585360323	1850.66540105
-5072.92668197	1.12993287347	288.801359945	3.35556243604	0.894909743269	-0.225958591392	1948.54191279