U (kJ/mol)	 dU (kJ/mol)	 P (bar)	 dP (bar)	 Z	 Z-1/rho (ml/gm)	 Neff
-1091.93784615	1.50603263034	56.4968891614	0.560333579182	0.725503297357	-2.95102943837	1584.55515496
-2065.13645721	1.84049384076	88.3131702508	1.66136058555	0.567035610526	-2.32733334136	896.378443943
-2984.50931569	2.29151466295	121.754845386	2.74908503108	0.521170533674	-1.71591599552	756.315754644
-3939.31085082	2.41513727256	221.633779418	7.97428146858	0.711526069942	-0.775323576744	724.824985451
-4981.38034807	1.54731986073	523.641045428	4.88039203192	1.34486450775	0.74150640427	1212.19695865
-5522.51346798	1.62990333394	871.766101277	5.1657539977	2.03541112667	2.02388834383	1262.85197803
-6052.59676107	1.6415954461	1457.57842575	5.65110123736	3.11957576435	3.7978176274	1396.81551348
-6546.16592254	1.81649796528	2397.35080307	6.22060443275	4.73623328855	6.17955265779	1382.35830649
-6962.85422714	2.1048049366	3847.81052588	7.5192979908	7.05879376936	9.30517489124	1544.63955831
-8151.80661108	1.57829390639	-277.696548323	5.7091913985	-1.36258053023	-3.62848214765	504.052444813
-7786.86067593	1.54288325852	997.350665187	6.00134391386	3.35685282738	3.61968546654	878.821447443
-7329.47073263	1.55449018418	-193.090371887	6.20401307501	-0.806539778272	-2.98793111298	473.791000722
-7054.50097109	1.67099037145	705.601789781	6.32473674334	2.17169724786	1.93793167689	909.064527114
-6573.77233988	2.12125121297	-117.943422479	10.57679384	-0.448311927534	-2.59505919103	437.498592146
-6371.97708104	1.60900505399	469.001523902	6.10331334219	1.39274257506	0.703709062769	711.52824668
-5883.48917412	2.10290975148	-89.9786536599	5.84548318437	-0.327287762865	-2.59441120824	467.556965358
-5728.65618506	1.57236777044	306.040538421	7.9966195161	0.914291368011	-0.167532197385	666.236383425
-5251.99019269	4.09152706635	-58.3263368641	5.85647907756	-0.211818005757	-2.60557636951	374.326095093
-5126.70405184	1.79581586163	187.442213357	4.61727203973	0.58082781558	-0.901278189705	793.375313813