U (kJ/mol)	 dU (kJ/mol)	 P (bar)	 dP (bar)	 Z	 Z-1/rho (ml/gm)	 Neff
-1094.28546593	0.900663811564	56.8378355301	0.324200112371	0.729881551068	-2.90396018228	4560.74311988
-2076.11300133	1.27338922513	88.2135729133	0.815572329323	0.566396122249	-2.33077081202	3466.92658785
-3000.09508154	1.22268037258	123.082350866	1.43667555523	0.526852909085	-1.69555284007	3273.38534009
-3968.06565879	0.95704613461	227.981441426	2.02876962737	0.731904403126	-0.720553282009	3570.69604709
-5023.77229543	0.92504068712	568.290457902	2.62169085705	1.45953735598	0.988068893144	3824.34719196
-5569.29712413	0.986001481926	952.262515533	3.17610776374	2.22335522887	2.39125727385	3712.45357895
-6096.42217635	1.13777864545	1594.66173728	3.68521424525	3.41296771418	4.32351203169	3550.41028936
-6578.98870914	1.28992413262	2622.39881657	4.39094632067	5.18084068254	6.91491220068	3330.21282231
-6971.85460018	1.49233694296	4208.6108852	5.19407911482	7.72068065574	10.3217094475	3116.6707789
-8216.09361042	0.903896166528	-73.5749099159	3.52699838921	-0.361011832413	-2.09025981272	1664.19955998
-7835.32704283	1.029138409	1254.39402002	3.90480582641	4.22200160861	4.94839230534	2283.0401173
-7392.26823517	0.859914911629	-59.9855122448	3.40853808972	-0.25055988692	-2.06836674161	2041.68528151
-7109.13941952	0.956328149124	868.080862798	3.61639831045	2.67177443136	2.76503562081	2642.01822011
-6634.37696633	0.975752669758	-51.3350657146	3.12375124759	-0.195128492771	-2.14140967886	2084.40018268
-6426.87893992	0.934596052543	569.23287994	3.31075590136	1.69038868023	1.23702598588	2926.03565556
-5935.54866316	0.926322428796	-41.5615916376	2.89340123823	-0.151175859994	-2.25017033788	2259.22830257
-5781.53091021	0.949170885784	354.256368442	3.02104038268	1.05833541334	0.114026554336	2878.77103037
-5291.91047056	0.998011932745	-23.1094854928	2.65560565588	-0.0839244395298	-2.33058750782	2360.47211218
-5170.50956056	0.965018641033	217.694821417	2.65886297748	0.6745716737	-0.69971592512	3083.02779098