U (kJ/mol)	 dU (kJ/mol)	 P (bar)	 dP (bar)	 Z	 Z-1/rho (ml/gm)	 Neff
-1000.45161668	0.518401406732	59.2978507799	0.250526926837	0.761471771376	-2.56434346122	7315.07382112
-1912.89442665	0.664987260741	98.9847042014	0.608606785571	0.63555471987	-1.95901943016	6648.64459702
-2790.31869794	0.668964498306	147.652363013	1.0535897528	0.632024627734	-1.31866326455	6068.76793554
-3710.12375838	0.681261250578	274.989725247	1.60953860407	0.882818309523	-0.314946058978	5514.31278342
-4704.17794344	0.788392270194	648.102505748	2.33014235724	1.66451821333	1.42880609592	4918.50632223
-5212.30797662	0.886079017278	1047.95054392	2.86766347183	2.44676891447	2.82795757819	4560.77677185
-5698.5416259	1.03918830449	1705.55364197	3.3443989817	3.65030362161	4.74876623022	4264.1086863
-6139.17504421	1.19863399099	2739.04186693	4.00456699889	5.41128200857	7.2960512246	3925.70308904
-6492.97049998	1.37715330244	4316.90487563	4.75997653929	7.91934556914	10.6268216257	3620.85439887
-7716.73146286	0.707224675728	105.912954528	2.82461068194	0.519685716697	-0.737672972383	2701.18634153
-7342.69103417	0.873325381335	1408.98855973	3.28789853722	4.74233125377	5.74752139501	3065.74317754
-6942.56239586	0.708724374899	92.8765713784	2.73611450469	0.387946061494	-1.01230818589	3171.83091908
-6662.52976231	0.858730559307	1011.97856662	3.1681584165	3.11466198052	3.49755062194	3499.07095861
-6227.05900537	0.68799438724	75.1547190389	2.50256429105	0.285668808378	-1.27992574598	3655.73634747
-6024.20500241	0.823800849789	694.207474541	2.85595745021	2.06151207713	1.90199819513	3919.69173149
-5566.80673778	0.68042024776	62.9773723025	2.29102363913	0.229073479693	-1.50690789215	4060.90650589
-5417.7960402	0.755881443616	461.403379615	2.51106482201	1.37843544953	0.739716886817	4278.78148129
-4959.08165635	0.667678925795	55.5479271982	1.97130751169	0.201727929365	-1.71639539419	4469.76058123
-4843.6299576	0.719059841282	304.528052169	2.16652646404	0.943642097239	-0.12117728815	4655.7088765