U (kJ/mol)	 dU (kJ/mol)	 P (bar)	 dP (bar)	 Z	 Z-1/rho (ml/gm)	 Neff
-1054.82400623	0.751277603727	57.9463729124	0.345979129821	0.744116804337	-2.75092136231	4015.05049089
-2012.26132761	1.10520040638	92.1956467393	0.899455436854	0.59196396968	-2.19333478902	2916.28734333
-2924.94618709	1.16516778644	136.532850311	1.61855188464	0.584427652427	-1.48923006758	2382.32718168
-3882.60909501	1.12507640258	255.488579886	2.66099087174	0.820212449736	-0.483210134435	2044.36678147
-4924.89771355	1.49846107605	650.370850448	4.3167313926	1.67034399095	1.44133232379	1685.48480408
-5453.98980392	1.64604759871	1080.82371373	5.00862263549	2.52352163003	2.97798390336	1553.74726371
-5960.49172224	1.77654528911	1786.98416462	5.96746312238	3.82458493674	5.06104034745	1410.3393623
-6411.43869931	2.15954127736	2907.03919273	7.4642201292	5.74317942041	7.84499380261	1280.08073749
-6761.39649808	2.57213192963	4635.36459284	9.07719459934	8.50355870867	11.5240638234	1104.11469986
-8055.14703627	1.27383655276	226.473077458	5.30933958381	1.1112410573	0.170845473972	882.447260708
-7656.99939764	1.6649289536	1601.85880615	6.12687702168	5.39148811966	6.74450501895	978.059909978
-7254.63664943	1.23182356939	147.455065929	4.65521770759	0.615920799244	-0.635248782004	1070.56549707
-6962.31293739	1.58800930202	1106.3355213	5.70344650614	3.40507328868	3.97787715204	1128.16433837
-6511.10167804	1.28353936505	89.3343609072	4.46387634905	0.339566706574	-1.18335246406	1231.57299873
-6302.12090608	1.42121219685	723.478137764	5.05499374613	2.14843396714	2.05774326998	1293.37237894
-5821.84401626	1.20362165818	57.3041165125	3.74171845712	0.208437616406	-1.54724422049	1405.56917537
-5668.60971315	1.34242133846	470.731671508	4.12210358053	1.40630357707	0.794189914034	1480.72496435
-5184.57983024	1.15814347317	35.5414911153	3.32767410595	0.129072528371	-1.87261455833	1556.26372939
-5069.34057352	1.23508941338	292.508390644	3.70240977955	0.906396731737	-0.201259976941	1630.01348317