U (kJ/mol)	 dU (kJ/mol)	 P (bar)	 dP (bar)	 Z	 Z-1/rho (ml/gm)	 Neff
-1124.65699737	1.38887514205	55.997665621	0.479776996142	0.719092531559	-3.01994960538	2094.28197027
-2134.12920401	2.41852775872	84.1146802336	1.40944505469	0.540078211721	-2.4722386836	1219.75139526
-3081.105066	2.19905915319	118.348269849	2.34077969089	0.506588717361	-1.76817086623	961.99026635
-4069.52416439	1.95916578639	218.973105065	3.8415885521	0.702984325217	-0.798280992931	985.133895591
-5161.58475083	2.84248301609	579.233359879	7.62447284386	1.48764195284	1.04849766471	703.350265137
-5717.86035371	3.25755188247	997.805837086	8.12663778947	2.32969038379	2.59910754225	580.447114996
-6250.72908908	2.59444096707	1697.42195756	9.27914612976	3.63289982011	4.71758241257	516.853558982
-6731.21167902	3.74720129527	2802.95960497	13.115768993	5.53755861283	7.50490673901	482.303286189
-7119.97093154	5.1257869968	4511.42842861	21.5268972946	8.27619828695	11.1748807074	280.554422304
-8422.5342139	4.85398354951	60.5125812279	19.918963854	0.296918580779	-1.07980165982	67.024112695
-8018.38684682	3.45839103239	1467.4682573	12.0528688405	4.93916045837	6.04981426751	247.087935476
-7584.62165446	3.01092427832	17.5079025416	8.42051591321	0.0731306263274	-1.53299798464	246.676266936
-7290.0735529	2.90676809639	975.950999745	10.0664036615	3.00377653641	3.31415135642	323.544457778
-6810.85014907	3.1835502119	-24.2282748903	9.01794600133	-0.0920935172864	-1.95679346805	343.267973524
-6595.09918031	2.63189405761	619.147906455	9.00224667175	1.83861587998	1.50261680907	474.149418147
-6091.55587017	3.72715994946	-27.4207256379	6.71966759477	-0.0997399670379	-2.14963007756	418.077459468
-5933.37543232	2.67898671796	387.652364762	7.65547660954	1.15810543505	0.309044145702	570.340690301
-5427.00575274	2.01059208889	-22.0287482953	4.87314011728	-0.0799996328263	-2.3221486304	630.414247762
-5306.57508523	1.91750937353	226.142080356	5.51817785909	0.700747223324	-0.643434871996	718.237572552