U (kJ/mol)	 dU (kJ/mol)	 P (bar)	 dP (bar)	 Z	 Z-1/rho (ml/gm)	 Neff
-1079.1219981	0.77815283026	57.2198754455	0.29659860158	0.734787506467	-2.85121776802	5351.05035656
-2049.95377658	1.05688208666	89.9415157156	0.74319113971	0.577490787961	-2.27113314655	4314.68739559
-2966.63292101	1.01599984065	126.998020821	1.29366203907	0.543613899528	-1.63548875958	4074.49624191
-3927.50224369	0.868067089435	235.246532314	1.8682460115	0.755228020945	-0.65786702545	4129.58921524
-4973.71057838	0.878828851011	580.907942163	2.53191543599	1.4919427736	1.05774502437	4141.63035662
-5513.33797794	0.951844264825	967.525333462	3.06859344607	2.25899105985	2.46091360753	3970.74598392
-6034.01191272	1.10838855941	1612.70940021	3.59149127576	3.45159414477	4.39272217338	3762.31490311
-6510.09765406	1.26987215266	2641.39765885	4.30339333928	5.21837500966	6.97699219757	3498.89705236
-6896.77881496	1.46831270222	4225.96866321	5.11592195425	7.75252343346	10.370614003	3240.31885492
-8137.9293338	0.827411394492	-45.2867880922	3.27740820416	-0.222209804565	-1.8770858389	1921.09325832
-7757.81662619	1.00014140216	1280.14987476	3.7640180106	4.30868988867	5.08152930219	2494.97632574
-7321.9697561	0.793143448389	-36.081358493	3.14725932971	-0.150712076393	-1.90322319857	2312.4092529
-7039.11814717	0.935518887873	891.235677626	3.5119683174	2.74304019112	2.88290580748	2861.86613122
-6570.55807958	0.86984902394	-31.6307509096	2.90723297365	-0.120230892165	-2.00720950889	2481.74797603
-6363.71445425	0.896595207881	589.670638129	3.16201259608	1.75108045738	1.34577241758	3189.03522422
-5877.64454118	0.835508640509	-25.319968878	2.70035498908	-0.0920986882199	-2.13469388967	2731.30896247
-5724.48222068	0.898829826579	371.182719531	2.88712040841	1.10890262503	0.212868828374	3272.51874872
-5239.50608314	0.886117154504	-10.8337204497	2.42193139672	-0.0393437541936	-2.23473286653	2893.03518671
-5119.13259694	0.876565945081	231.653421276	2.49860123375	0.717825233927	-0.606714786428	3525.71604626