U (kJ/mol)	 dU (kJ/mol)	 P (bar)	 dP (bar)	 Z	 Z-1/rho (ml/gm)	 Neff
-1070.27560173	0.727804028165	57.442804623	0.305266676979	0.737650245561	-2.82044134243	5006.4959348
-2038.19513694	1.03506259633	90.2034767202	0.769614428486	0.579172770589	-2.26209190818	3973.06305446
-2955.45266847	1.00076779953	131.006777681	1.33769263007	0.560773347644	-1.57399678057	3665.42222026
-3917.45619202	0.899763093785	245.360343112	1.9956635427	0.787697078995	-0.570600816627	3518.38071588
-4965.49673837	0.978000032878	622.021457109	2.88182605863	1.59753439504	1.28478161926	3239.13857113
-5502.88155621	1.08537862774	1031.68275582	3.39883664671	2.40878666573	2.75371476921	3117.26172875
-6018.15301158	1.24975728893	1712.05650629	4.07433103869	3.66422134815	4.77370376161	2935.5171594
-6481.68700259	1.42183199041	2798.79804838	4.81438703037	5.52933699469	7.49130857255	2808.46470159
-6847.31832929	1.62007128776	4479.28673658	5.5726740142	8.21723447521	11.0843233124	2625.0220839
-8123.90284275	0.790417745177	113.786302888	3.14611906704	0.55831807006	-0.678340897684	2103.49728344
-7730.83994201	1.01959740916	1472.65979695	3.76320854217	4.95663398614	6.0766503405	2368.51768556
-7313.40212749	0.813390650957	69.7700231269	3.15368609649	0.291429854491	-1.17194141472	2367.69864033
-7023.36183593	0.990940824946	1020.12439275	3.66403345783	3.13973315869	3.53901716155	2570.49559368
-6562.884487	0.846777711053	37.2104512756	3.02514650153	0.141439758022	-1.53835275719	2538.60699795
-6355.59469902	0.978944016638	664.161718465	3.26059247186	1.97228847859	1.74212896043	2742.92176322
-5868.98775526	0.854804969094	19.0199914166	2.72234718082	0.0691831916488	-1.81944083866	2730.65228959
-5716.67501503	0.895088369152	420.873414206	2.89831606754	1.25735280568	0.503040126036	2963.9864495
-5229.12559166	0.890075818651	12.9471115123	2.42797015604	0.047018748104	-2.04904153819	2825.55241317
-5111.81673504	0.918679331711	263.532968429	2.5587986864	0.816610493678	-0.394312810849	3076.46325533