U (kJ/mol)	 dU (kJ/mol)	 P (bar)	 dP (bar)	 Z	 Z-1/rho (ml/gm)	 Neff
-999.069164407	0.568477754864	59.635189586	0.277504618671	0.765803698669	-2.51777224618	5832.93714988
-1913.42301201	0.751648321925	98.6593083893	0.70622600901	0.633465439048	-1.97025003719	4951.52843088
-2794.60534784	0.772224626066	150.958150162	1.19573101367	0.646175020249	-1.26795442859	4533.87066129
-3721.83300796	0.754946741451	285.24126287	1.81501933747	0.915729521411	-0.226491485247	4262.77100019
-4720.6390135	0.872843533649	693.921943255	2.57665959426	1.78219603062	1.68182968402	3971.05191622
-5228.70738483	0.98706718328	1121.74394445	3.13854500276	2.61906273078	3.16473534458	3838.83977699
-5711.01959425	1.12928784036	1822.86871268	3.70996785685	3.90138668164	5.19865232882	3624.99079659
-6139.96522338	1.29988340773	2926.77925325	4.35772743251	5.78217810664	7.90949578001	3424.49379074
-6469.15786965	1.48717631526	4618.93579106	5.07906442312	8.47342013432	11.4777766058	3196.55351145
-7739.46472656	0.756030980349	290.472218134	2.96731203112	1.42526722566	0.653130979676	2441.02450898
-7349.77035219	0.949182805539	1633.99546554	3.52466777064	5.49965271983	6.91062562975	2740.75442172
-6968.22860625	0.769630409677	211.794162293	2.91847515453	0.884665636229	-0.190757567618	2792.32876818
-6680.45892698	0.930281248921	1156.01618233	3.38624497896	3.55798014973	4.23077784818	3056.30570748
-6252.21906393	0.748845842265	153.263033894	2.70648744011	0.582564459301	-0.747953473254	3086.55383804
-6046.10578994	0.909681751559	783.014912815	3.03663514738	2.32523382208	2.37453006143	3332.71886649
-5588.72072199	0.73630760601	109.809333485	2.50139408554	0.399419747195	-1.17393694338	3364.36630484
-5440.84797958	0.816344472091	511.474763438	2.64805176597	1.5280229331	1.0321112378	3556.56578814
-4974.86929442	0.735651678314	82.4940997378	2.24205699503	0.299585686889	-1.50598767673	3541.64654789
-4863.1054855	0.772135833206	335.690973438	2.3501099615	1.04020674596	0.0864500664808	3760.64176566