U (kJ/mol)	 dU (kJ/mol)	 P (bar)	 dP (bar)	 Z	 Z-1/rho (ml/gm)	 Neff
-1172.75688739	4.21685706594	55.8866519892	1.57279346428	0.717666952963	-3.03527556145	253.13695272
-2215.78365523	5.21504438579	96.0669250996	5.20021693558	0.616820428601	-2.0597227253	64.9129293249
-3194.1686707	5.13221962639	125.829130014	7.54258442598	0.538610472819	-1.65341885898	6.16547388029
-4215.37661241	6.93408105944	286.151610167	18.1828875698	0.918652071558	-0.218636626289	11.8683727279
-5321.93437176	6.04037314913	558.052630927	23.1691097098	1.43324359949	0.931533678911	1.38549752073
-5947.22800969	11.6388399114	1104.72689768	50.7378079084	2.57933110289	3.0870730745	1.88883812577
-6366.30093281	11.958730219	2145.17740253	92.1664013591	4.59120642632	6.43465890624	4.06921137269
-6830.74457039	17.6208366684	3481.80231608	60.9786167654	6.87868793021	9.7230710231	8.68657439014
-7215.7345223	10.7665029368	5174.45861132	84.9819266709	9.49252463439	13.0429306557	1.66568138236
-8636.17888424	0.425405774499	598.925947579	2.29247683936	2.93876477814	2.9775803601	1.03425055493
-8192.34194608	6.17574369964	2178.81130539	18.4562225661	7.33337746303	9.7268841273	2.76197263784
-7810.65346116	5.35231723262	446.559690652	10.1218082722	1.86528282256	1.43113675002	1.3797728208
-7470.00238946	12.3509232451	1415.38392314	51.7357045362	4.35626073383	5.55109607356	2.8222190379
-7017.09756593	19.7628746359	215.798279584	21.7378028463	0.820265688795	-0.322044697258	3.78301491805
-6791.46017576	16.1335293035	911.050668977	43.0850755796	2.70544761596	3.05579028004	4.23535969171
-6307.80435344	1.03684536955	138.61954282	1.37675874802	0.504213813095	-0.969098997358	1.03706784383
-6107.66019255	10.9717401764	576.069048031	49.5457691542	1.72099735777	1.40931279444	8.36975723368
-5607.08338145	4.39585947537	73.9757227943	30.0132161848	0.268650337381	-1.57250295813	8.57469856761
-5475.89864991	11.3241127722	349.360895007	15.7352177662	1.0825657778	0.177527845385	8.43029581714