U (kJ/mol)	 dU (kJ/mol)	 P (bar)	 dP (bar)	 Z	 Z-1/rho (ml/gm)	 Neff
-985.437639557	0.678860555306	59.5713383556	0.337803455443	0.764983754794	-2.52658721004	4253.79173721
-1885.37090106	0.92334137829	99.907538354	0.870196783792	0.641479994952	-1.92716902724	3382.40563861
-2751.68988708	0.993502036117	151.625748798	1.57473779041	0.649032670275	-1.25771385709	2856.5872676
-3656.90089521	1.03374426876	276.095747924	2.41436323395	0.886369049717	-0.30540283063	2521.03306051
-4636.07000958	1.19841735126	636.09263568	3.5284524774	1.63367332801	1.36248532503	2224.57173967
-5136.37958359	1.2889878669	1018.037532	4.05340474842	2.37692761506	2.69144079935	2037.12045123
-5619.84850875	1.50315964706	1646.66158673	4.88092588968	3.52426016145	4.52292383153	1948.83471973
-6061.43006523	1.75217185242	2629.58218117	5.83817971684	5.19503221867	6.93838432837	1805.63651536
-6422.16923328	2.0430336806	4129.65728784	7.1155600415	7.5758405818	10.0992621634	1692.28362503
-7610.99380386	0.92739620022	24.9256689021	3.83829011561	0.122303396834	-1.34797794822	1437.28823616
-7247.08549277	1.2738703418	1292.32494797	4.71655451049	4.34966838337	5.14446461152	1528.18598463
-6842.17277905	0.992987052939	52.3517034311	3.7665159187	0.218673416312	-1.29227711279	1590.21706612
-6571.00500262	1.25750638924	941.507654527	4.59204332759	2.89776700086	3.13881661243	1671.37312631
-6138.57518794	0.988126985648	49.8247748281	3.70264113353	0.189387762137	-1.45244038818	1730.43450867
-5937.48217577	1.16414801331	656.985852301	4.02410528193	1.95097909299	1.70394718763	1811.10897458
-5485.51054289	1.02340275691	53.7835168949	3.32090795313	0.195631810519	-1.57227536087	1873.90577009
-5339.75184118	1.09780987625	439.454373545	3.52909381208	1.31286313388	0.611544567726	1976.42568048
-4887.99727091	0.987167456063	52.8296227723	2.90569026562	0.191856131246	-1.73762112593	2046.19571004
-4773.84502071	1.04307945313	298.831898574	3.06930272491	0.92599140698	-0.15912871421	2127.04700743