U (kJ/mol)	 dU (kJ/mol)	 P (bar)	 dP (bar)	 Z	 Z-1/rho (ml/gm)	 Neff
-1029.39353823	0.543417623092	58.5658554396	0.248974918315	0.75207187271	-2.66539887432	7344.21496153
-1964.89957701	0.695952922778	95.4646471204	0.609155101684	0.612953360296	-2.08050955493	6696.53070336
-2858.67760942	0.695260371871	140.948140667	1.05225662789	0.603327263562	-1.42150210317	6125.31698252
-3797.30845968	0.697944360501	263.840155816	1.61341026674	0.847024084747	-0.411149228444	5503.2326956
-4813.77582453	0.78920143237	638.581382064	2.34721266878	1.64006516209	1.37622865263	4882.37033631
-5334.20140441	0.901299633737	1044.03053417	2.88204142189	2.43761642339	2.81006746716	4557.48006267
-5832.33662133	1.05787509663	1712.87322235	3.42741749081	3.66596932108	4.77683574798	4169.36396869
-6283.15358373	1.23388320132	2767.95302877	4.16764437059	5.46839922601	7.3905203933	3826.3257127
-6640.30115409	1.43428909112	4388.38645244	4.94663225123	8.05047824983	10.8282169156	3482.32578007
-7887.73987081	0.7226722466	111.025741949	2.84129784112	0.544772757341	-0.699143966513	2627.47718952
-7505.68553981	0.945330329571	1439.99472945	3.49626613856	4.84669088586	5.90779828594	2957.77548497
-7097.71349109	0.718065638709	86.854839668	2.80584355573	0.362793247757	-1.05390974687	3084.9898833
-6814.47975893	0.889089569875	1014.87471371	3.24547362879	3.12357572585	3.51229353394	3379.46190403
-6368.322762	0.696896017444	62.465358513	2.5520592414	0.237435583014	-1.36634916929	3509.64151752
-6162.43010222	0.831473260029	685.936452947	2.90779229568	2.03695052813	1.8579892546	3814.6700092
-5693.94179844	0.681655185697	46.070228875	2.305801121	0.16757554742	-1.62711613126	3930.3664422
-5544.31877402	0.778986083021	442.942920563	2.5671403336	1.32328511406	0.631916112578	4209.01349482
-5072.08499606	0.676647819151	39.9478546217	2.00727017785	0.145074684185	-1.83820770941	4368.40031288
-4956.59095494	0.72815144663	285.990973296	2.17907325744	0.886201188727	-0.2446831885	4626.11494269