U (kJ/mol)	 dU (kJ/mol)	 P (bar)	 dP (bar)	 Z	 Z-1/rho (ml/gm)	 Neff
-1106.88956727	1.85230040489	56.3153830131	0.851588828098	0.723172490987	-2.9760872192	708.608818792
-2105.76038555	3.73130309203	95.3732111712	3.16313900767	0.612366274144	-2.08366534605	201.433989113
-3051.67894467	5.45374144129	132.540885761	7.89731940805	0.567340083649	-1.5504644624	28.9411374455
-4039.54577379	5.54456701544	275.367644837	12.7276196332	0.884031570614	-0.31168520997	41.4777615574
-5124.50400262	7.26359280445	569.613948597	37.5162784037	1.46293647008	0.995377458739	2.16114728747
-5707.21607779	19.8334001442	1106.96938724	60.5435511822	2.58456689744	3.0973073315	3.72097954987
-6135.3795304	10.4069323389	2047.34497155	78.6478214724	4.38182099961	6.05948587498	6.38385680852
-6584.96294846	14.2430380515	3306.49588185	50.7245957621	6.53235056129	9.15024544095	14.2446522502
-6948.77696014	17.5294904206	5011.80605407	115.881533363	9.19413913699	12.5846662975	3.02580557
-8321.85794491	1.49524970295	533.019503609	8.63094406563	2.61537999748	2.48092177495	1.15276061514
-7891.88419648	9.47441790012	2055.87061605	22.0408946752	6.91958739399	9.09137991519	4.00439611077
-7518.1291594	10.2124273145	390.661699181	15.9967470207	1.63179653733	1.04496150799	2.25834552698
-7191.40021786	12.5178287222	1359.58251483	46.913343501	4.18451547097	5.26703755429	5.1746130864
-6758.082172	17.6269262344	191.205802797	21.111830951	0.726787812374	-0.489536670327	4.55168151622
-6533.86149573	12.9116907588	871.951585188	35.5834650903	2.58933933941	2.84774956416	8.30796588681
-6069.75390414	4.99122344454	130.709133327	5.46760148386	0.475440541644	-1.02534128335	1.21634958343
-5879.57939814	8.45930688115	546.139978318	45.5259445549	1.6315847256	1.23454049445	12.1536753939
-5392.03059368	4.35704916458	65.5566217987	23.7756760373	0.238075518542	-1.63824304871	14.8670298875
-5261.11227901	8.21139812098	346.592674241	15.2950719976	1.07398788282	0.159084184418	18.6469149379