U (kJ/mol)	 dU (kJ/mol)	 P (bar)	 dP (bar)	 Z	 Z-1/rho (ml/gm)	 Neff
-1097.22268564	1.68463838356	56.5261338907	0.810876055731	0.725878842769	-2.9469920654	777.902798567
-2088.90930939	3.51865733246	95.6821046267	2.94386478691	0.61434959768	-2.07300429608	234.053525007
-3029.84054938	5.23825460739	134.15989531	7.90097981141	0.574270239633	-1.52562980551	36.4961535718
-4012.84602611	5.24836528937	276.103711716	11.9704815473	0.886394616424	-0.305334115683	49.9859039371
-5093.95654561	7.01706705303	575.118460656	39.1660403214	1.47707367908	1.025774414	2.3415971541
-5669.40113304	20.6662308989	1112.82751273	60.5355948652	2.598244527	3.12404260054	4.26048508532
-6099.41411031	10.1266420344	2039.68862319	76.5031496478	4.36543453397	6.03012490139	6.88089413852
-6545.63204306	13.592008517	3291.88295068	48.7948879428	6.50348108964	9.10249670405	15.4907358247
-6905.11918332	18.2642030857	5003.94019868	118.022113416	9.1797092552	12.5625046959	3.42540112796
-8273.61565588	1.78753402487	531.780433407	10.4373021871	2.60930022103	2.47158437459	1.19347510234
-7844.6376026	9.94964653887	2048.74637732	23.2481356477	6.89560884587	9.05455334667	4.34760808131
-7472.71376949	10.8928904443	389.019758496	16.9352023754	1.62493814007	1.03361804421	2.54493150814
-7148.46474304	12.2961580738	1357.78100829	45.3089635828	4.17897080423	5.25786693847	5.64867196052
-6718.3165422	17.0889851084	192.739812002	21.107590495	0.732618698143	-0.479088994369	4.70130999309
-6494.16746344	12.3707636649	872.013014424	34.2405390581	2.5895217591	2.84807642047	9.24207067185
-6033.15156323	6.00380118784	133.65219378	6.3868586992	0.486145610375	-1.00441639345	1.2734438667
-5844.35861699	8.14629960321	546.782482311	44.9539442062	1.63350419633	1.23829242866	12.9042665655
-5359.03252018	4.41388624065	67.7208672258	22.9341835415	0.245935195233	-1.62134365643	16.3073147296
-5228.60370243	7.7524224511	349.335387541	15.225537291	1.08248673773	0.177357898301	20.9485445176