U (kJ/mol)	 dU (kJ/mol)	 P (bar)	 dP (bar)	 Z	 Z-1/rho (ml/gm)	 Neff
-1100.48113448	1.20874469118	56.7373919071	0.399124009571	0.728591706958	-2.91782689872	3106.80215343
-2082.8018034	1.48858081815	87.97607181	1.04539903718	0.564871190207	-2.33896784918	2313.20518459
-3007.64431857	1.38720648742	120.977891841	1.74405388656	0.517844790932	-1.72783400719	2278.5140403
-3973.07702455	1.10625438409	218.980083075	2.25773540888	0.703006727202	-0.798220783724	2676.03256033
-5027.62680571	1.08389520726	541.16406573	2.95557201114	1.38986878745	0.838271832052	3112.23284734
-5573.04388221	1.02503068925	907.041342484	3.32672284002	2.11777223058	2.18487722437	3266.62519886
-6103.98505914	1.14202470357	1524.01212425	3.73253048491	3.26176019307	4.05258112244	3227.70112906
-6594.47780834	1.30224627102	2511.64516012	4.39028434056	4.96203450956	6.55301716807	3174.91822636
-7003.27518389	1.4520458312	4035.47675278	5.09431347203	7.40306674857	9.83391384554	3011.54261249
-8221.07912983	0.869027505916	-181.635591243	3.70082061158	-0.891235853378	-2.90458481443	1417.56672121
-7847.68495926	1.02370936061	1125.85162378	3.98506619019	3.78935748321	4.28393178634	1993.28258909
-7395.96009771	0.954410289789	-133.286727276	3.55139458834	-0.556739553676	-2.57477338899	1587.20319483
-7114.40804093	1.0209164967	790.128333137	3.73808544456	2.43185257092	2.36821624263	2221.3892795
-6637.35086924	1.06407189249	-102.172787798	3.65495018455	-0.388366544538	-2.48765013491	1631.13412737
-6429.76668504	0.982236996298	515.560478399	3.44941665952	1.53100361447	0.951442699601	2440.96238966
-5937.67668627	1.05652827189	-70.9291694642	3.24466965251	-0.257997294375	-2.45897112275	1778.52716386
-5782.33720573	1.04294695671	324.335893814	3.41436896489	0.968948458855	-0.0606955542225	2476.97685416
-5296.76975151	1.17211459255	-43.0902446085	3.17258649688	-0.156486592014	-2.48660617476	1669.53108908
-5172.87265223	1.05778693604	202.096145956	3.01230839987	0.6262360057	-0.803644298644	2423.29502597