U (kJ/mol)	 dU (kJ/mol)	 P (bar)	 dP (bar)	 Z	 Z-1/rho (ml/gm)	 Neff
-1022.81933905	0.97223994317	58.9404282095	0.551868204994	0.756881938958	-2.61368733477	1641.51389649
-1957.06683223	1.76639653614	98.0832634763	1.64571021046	0.629766806352	-1.99013146717	800.185445985
-2856.51934706	2.36423898593	150.03190229	4.51802921974	0.642210224462	-1.2821625277	353.32707854
-3802.41903	2.56213543497	283.930404915	6.3743961745	0.911521184525	-0.237802118431	294.658120679
-4840.3860064	4.91091982761	663.557952883	34.1504598859	1.70421235589	1.51415399416	23.8871293423
-5351.3301497	11.4757269844	1170.67661332	28.0370608035	2.73331137904	3.38805389077	66.3518776407
-5818.54624753	5.38963089758	1953.37844854	33.7764033785	4.18070956527	5.69913803404	42.4965686522
-6238.28217791	7.08127306709	3151.99074414	25.8051206109	6.22710846842	8.6453894963	76.5153977973
-6559.09752045	12.6905173981	4942.95626542	64.4574897426	9.06783446168	12.3906859215	37.8315265612
-7898.45897052	4.97369107001	464.284507599	27.2075782184	2.27811629048	1.96294775279	3.01575380836
-7470.00173531	8.54502188068	1943.61360209	22.9058846308	6.54175611774	8.51110168842	32.8955850763
-7107.1919389	7.66082863474	351.039185689	19.669488352	1.46629303275	0.771226560905	26.3122768878
-6813.07581017	6.78123433264	1300.41747828	23.0394621976	4.00241765191	4.96585639808	25.2369263794
-6400.88069419	9.49552083075	183.952667238	18.2629960439	0.699218091956	-0.538935598144	11.9209854871
-6176.49599288	6.37005058918	854.063250695	18.6512247948	2.53621830723	2.75256825675	52.4387580298
-5720.51124036	13.3005769777	150.924954211	15.8080122467	0.548973435533	-0.881608650969	10.765307535
-5557.18446846	5.38070170992	570.788150379	26.0161013085	1.70522075783	1.37847472839	64.4944251578
-5088.06284217	4.28376111599	88.6811867503	12.6079350179	0.322054720655	-1.4576761455	91.7847856366
-4971.02483424	3.61397982733	360.350329999	11.1785662439	1.11661877689	0.250746504725	103.492881436