U (kJ/mol)	 dU (kJ/mol)	 P (bar)	 dP (bar)	 Z	 Z-1/rho (ml/gm)	 Neff
-1037.18509818	0.664454619164	58.2600240516	0.291409518171	0.748144547087	-2.70762034152	5539.33143255
-1975.49221243	0.837043682658	94.5198172208	0.733808047722	0.606886856314	-2.11311911203	4659.0022451
-2869.78990407	0.840347389447	137.086712324	1.25742936863	0.586798453853	-1.48073414915	4334.03375483
-3804.50468414	0.797424043779	250.795317782	1.82611191958	0.805145349638	-0.523705571707	4213.13006237
-4819.85627368	0.868347601122	597.215057099	2.58461649284	1.53382425003	1.14779599307	4038.00792663
-5341.48972373	0.945609646004	977.530571009	3.07338136948	2.28235142199	2.50657543541	3894.53198653
-5846.26112406	1.08390839582	1606.57253291	3.52856702453	3.43845974171	4.36918818688	3759.814224
-6309.16932442	1.22103239689	2602.43761274	4.11783336107	5.14140510309	6.84968762262	3555.8117712
-6689.0550508	1.40193665805	4130.81882039	4.77593282859	7.57797140883	10.1025347154	3361.98657506
-7897.74310527	0.72074731447	-46.9098492992	3.02344200359	-0.230173719181	-1.88931692336	2408.87267348
-7529.05192142	0.909570891226	1242.94272877	3.48661930638	4.18345919743	4.88919836504	2803.06575877
-7103.0901805	0.767461095293	-16.9737855818	2.93754630767	-0.0708996162044	-1.77121717475	2722.71145915
-6826.0957461	0.897384009121	892.381642785	3.30711799334	2.74656723628	2.8887393729	3108.14764223
-6373.5385202	0.755439164951	-13.0851725381	2.74053067571	-0.0497377369535	-1.88090114475	3023.31689016
-6168.97218801	0.864216376771	604.335143541	3.01102650765	1.79462803663	1.42380018468	3384.63773714
-5698.65035476	0.759961646199	1.83296429448	2.5324223299	0.00666721226591	-1.94163902517	3235.52333263
-5547.84152302	0.820650809218	395.231107782	2.72600180501	1.18074681243	0.353300594747	3587.18921045
-5079.69708308	0.789146429386	11.2497046713	2.23316561023	0.0408544430687	-2.06229564686	3387.95557966
-4961.1138095	0.803651514402	259.05452904	2.40173598324	0.802733138513	-0.424151044411	3708.12316719