U (kJ/mol)	 dU (kJ/mol)	 P (bar)	 dP (bar)	 Z	 Z-1/rho (ml/gm)	 Neff
-1003.41091837	1.08543419968	58.8474912081	0.507860021855	0.75568849093	-2.62651772664	1877.95306016
-1916.97667053	1.67374414307	96.942321455	1.57697496296	0.622441118079	-2.02950957534	1074.06045832
-2789.72483469	2.04532901045	147.027987345	3.07323822253	0.629351993236	-1.32824082109	694.184798058
-3699.01850714	3.4916258527	267.253934451	10.5010540536	0.857983571617	-0.381693712107	390.484977734
-4687.12945632	4.11557014607	605.67449361	10.1882968022	1.55555057576	1.19451059927	389.1230936
-5198.13471058	3.98068073852	955.008188083	11.3034632877	2.22976586178	2.40378795359	315.863785057
-5691.1275955	4.44351008122	1564.5200755	14.4309633312	3.34845715617	4.20792317733	206.953595091
-6133.06998	17.9632532187	2535.8420529	42.1918881082	5.00983816388	6.63208214509	117.985003588
-6522.89446055	7.44182031791	3981.52425986	29.741570406	7.30409110559	9.68190575565	167.726730111
-7689.59829082	6.50211303925	-100.457296294	17.9680049436	-0.492916303343	-2.29284042821	32.1141972856
-7341.18093793	4.83010824167	1133.77374197	16.4613644158	3.81602150999	4.32488274818	95.2978974383
-6910.67316467	7.21346382881	-20.2842311032	25.7470200607	-0.0847273693477	-1.79408762263	8.14358806918
-6646.83496651	5.32491537537	853.623363542	23.6666179424	2.62727722089	2.69143934511	99.1778999855
-6208.69996634	2.20988976684	-4.47179265025	11.6737888434	-0.0169976242882	-1.82223800135	173.027987542
-6006.00957521	4.67944334473	579.038172889	11.3124714797	1.71950638722	1.28919856812	126.087965508
-5542.34203699	3.62013606562	2.99633272728	11.2437123888	0.0108988409497	-1.93336758231	164.875883952
-5405.52727799	2.76164391172	382.729449757	12.8382981913	1.14339830273	0.280296537227	207.760566875
-4950.05915659	4.49087405479	16.3406505357	7.25460363167	0.0593427291227	-2.02254327396	177.656379515
-4829.40292982	3.93366096465	257.560387383	8.61089548151	0.798103236747	-0.434105973762	251.657327056