U (kJ/mol)	 dU (kJ/mol)	 P (bar)	 dP (bar)	 Z	 Z-1/rho (ml/gm)	 Neff
-1158.32379597	2.22733489369	55.3243785418	0.685405288008	0.710446533465	-3.11290006582	1052.03152359
-2192.51257778	3.99934902635	80.5388755251	2.13350948753	0.517118911311	-2.59565286416	559.88606818
-3156.44687723	3.27225341868	111.315441189	3.42150526444	0.476484756781	-1.87605033297	384.680630885
-4160.02658996	3.27071801028	202.578011105	6.28690499423	0.650350034532	-0.93974475191	379.822061475
-5280.51220447	5.41139096859	540.544522401	13.8860888492	1.38827761762	0.834850596771	219.978806454
-5849.33631789	6.84673258689	966.50982971	14.6828156771	2.25662004814	2.45627905914	138.309515424
-6383.71843514	3.80173307289	1684.3503077	15.8625329933	3.60492327943	4.66745455154	144.968444494
-6875.80632123	6.94858451384	2793.00138152	22.6989253578	5.51788503424	7.47236757311	153.093365853
-7281.06481311	10.0529232881	4498.5343915	51.2266595541	8.25254422494	11.1385524889	62.7737038765
-8606.22545325	9.34773114921	-23.8291874242	37.6808760027	-0.116923264014	-1.7153853898	3.12558780678
-8184.55758273	6.69836711476	1464.76732571	21.3022166058	4.93006974416	6.03585262947	55.9740589003
-7745.51418352	7.18617780834	-15.3097429016	15.2323637732	-0.0639488987697	-1.75972101777	35.0388383305
-7444.37766497	5.60788736349	942.203187229	18.8142935533	2.89990770752	3.14235723972	73.4653252989
-6960.83750659	7.92011900802	-78.6855644591	18.3304830317	-0.299089820613	-2.32768571112	59.1936939853
-6736.56930538	5.14854701886	581.896098349	16.4988987846	1.72799325616	1.30440518682	136.937191301
-6224.40748781	8.85579054244	-60.3697119718	11.5086898597	-0.219588393162	-2.38389434845	101.143093811
-6062.29665978	4.81794433625	359.392381316	13.7666423013	1.07367917225	0.144018558476	171.147930614
-5542.55325643	2.91759350827	-41.1544366502	7.20075281912	-0.149456509151	-2.47149052398	264.389498047
-5420.32067014	3.02594981821	198.550052604	8.81906204662	0.615247714331	-0.827270645335	249.796025835