U (kJ/mol)	 dU (kJ/mol)	 P (bar)	 dP (bar)	 Z	 Z-1/rho (ml/gm)	 Neff
-1023.75395289	1.13554542086	58.774971758	0.684618031009	0.754757234343	-2.63652937915	1086.92148823
-1958.83967691	2.23328802138	99.731935919	2.04448900631	0.640352497959	-1.93322971354	480.99544216
-2860.08770595	3.34201769717	150.983018364	7.34757204682	0.646281468365	-1.26757296497	132.96244594
-3805.77066712	3.40565875188	294.213994164	8.17785075582	0.944535293938	-0.149070989806	152.03587904
-4847.33913774	4.35706287423	643.475369424	46.282128356	1.65263436376	1.40325417518	5.16912835206
-5366.63457195	19.2453238239	1183.87482801	45.7828281545	2.76412674682	3.44828780372	16.9255253131
-5809.49295843	7.76689601886	2024.20558265	57.9291809002	4.33229702509	5.97074971062	14.0499532355
-6224.42242691	8.79196453576	3249.50613476	34.2189133323	6.4197609741	8.9640276036	33.6043161557
-6543.4777396	17.7757089079	5032.64660246	98.05904003	9.23237104372	12.643383361	12.6914336126
-7890.53022069	4.41679420749	579.154526645	28.9441093394	2.84175185744	2.82858664483	2.11117678767
-7462.48760988	11.2801857063	2059.81462375	28.2414922854	6.93286201631	9.11176725415	12.4013704585
-7109.43805116	10.5289639232	422.925338656	22.4416713083	1.76656197578	1.26785715156	10.0891176761
-6807.1580296	8.93588879399	1381.61162763	30.465851008	4.25231655134	5.37917732557	11.3534020531
-6402.79561352	11.6679047739	237.235748251	20.764961645	0.90175113917	-0.176040536889	6.56049624918
-6178.13208944	8.37871981161	908.542241901	23.6812582853	2.69799861418	3.04244329299	23.2002294684
-5737.57722679	15.5372244037	182.482161442	13.9386179025	0.663759413501	-0.657239801861	2.73430417726
-5562.55798642	6.96319929217	586.553555184	40.0196733844	1.75231966049	1.47053759852	22.5955142732
-5096.56840652	5.09299764555	106.456168275	17.0948095349	0.386606368184	-1.31888117248	37.7212139377
-4973.78090918	4.83797183579	387.298270077	14.1269684811	1.20012244925	0.430290953167	47.3976319754