U (kJ/mol)	 dU (kJ/mol)	 P (bar)	 dP (bar)	 Z	 Z-1/rho (ml/gm)	 Neff
-1046.24153602	0.588406549686	58.0898470059	0.257281027581	0.745959223087	-2.73111408624	6930.82542283
-1994.15042298	0.76484832934	93.5095359399	0.632246872958	0.600400106248	-2.14798763719	6157.50682478
-2896.06408254	0.754143759199	136.260757605	1.09484566237	0.583262962019	-1.4934038101	5681.24696526
-3842.89673949	0.732067951361	254.485481848	1.66049159149	0.816992135549	-0.491865285747	5204.49097828
-4870.16897577	0.808493883474	621.003056229	2.38798035517	1.59491884148	1.27915781724	4718.4825239
-5397.39319712	0.914139897546	1021.5264863	2.92480151675	2.38507367212	2.70736366274	4430.27471045
-5903.23188926	1.06902515438	1684.41833906	3.46914497107	3.60506888324	4.66771544183	4075.04776771
-6362.26173676	1.24013818557	2734.06048636	4.20716722965	5.40144073692	7.27977422804	3746.95638673
-6728.24786378	1.44349346507	4348.76822255	4.98369434418	7.97779875783	10.7165947991	3426.50776282
-7976.05626926	0.74684078789	66.5228285068	2.91633146232	0.326409209933	-1.03450956499	2479.9016542
-7594.06617884	0.954176044296	1396.31005489	3.54943940186	4.69965832406	5.68198375018	2856.89725062
-7177.07850663	0.737508406855	50.8627020256	2.89154784865	0.212453847456	-1.3025639847	2926.52288023
-6893.7539989	0.89562539123	979.279531887	3.29026702337	3.01402107404	3.3310953358	3270.02793517
-6439.86857999	0.717515535814	34.1095887316	2.61961377683	0.129653143433	-1.55947180064	3298.93473513
-6233.63631569	0.846077617645	657.043757089	2.96324501717	1.95115104651	1.70425529085	3681.96621714
-5758.74921906	0.713517299727	23.9576841451	2.37075897983	0.0871435226949	-1.78433429622	3658.01513333
-5608.18914495	0.794307507087	420.305630925	2.61896382846	1.25565656192	0.499724527158	4006.27684617
-5130.9094592	0.716223790392	23.5240278227	2.09104598556	0.0854298920294	-1.9664522645	4039.58277128
-5014.03719309	0.756167444358	268.470714578	2.23377248601	0.83191110424	-0.361414381276	4397.759333