U (kJ/mol)	 dU (kJ/mol)	 P (bar)	 dP (bar)	 Z	 Z-1/rho (ml/gm)	 Neff
-1068.13622756	1.33722294728	57.3132612153	0.723656745898	0.735986717342	-2.83832542155	979.487242114
-2037.61641564	2.87400224181	96.8083034187	2.38145035664	0.62158062356	-2.034135031	357.733534526
-2963.18986798	4.27802387727	139.840807954	7.60937471443	0.598587335722	-1.43848793752	73.8949198754
-3931.52942154	4.3113109978	279.74162115	9.87628377592	0.898073645717	-0.273944704644	88.1688000646
-4999.82285114	5.83396290597	596.508592267	43.8131507974	1.53200984016	1.14389476084	3.2418396328
-5551.51712639	21.6541564939	1135.28905815	57.0235181283	2.650688043	3.22655243263	7.30157856129
-5989.3644814	9.06176342829	2018.51206227	68.1251470322	4.32011149334	5.9489158946	9.21980472075
-6424.61519975	11.5062555356	3252.51786463	42.1924661631	6.42571098161	8.97386863383	21.0820054056
-6769.66228425	19.4913309206	4991.1711733	117.490336982	9.15628452673	12.5265286909	5.54766755885
-8126.31734681	2.92625361803	530.575714037	17.6808162906	2.60338899467	2.46250583566	1.40540105773
-7698.97913099	11.2031568399	2031.89841753	27.0582571332	6.83890249029	8.96746298246	6.16238808063
-7332.70892944	12.1573738376	386.665582978	19.5856193093	1.61510473315	1.01735405554	4.13931858946
-7017.3773596	11.1921559624	1352.90827152	39.2853461252	4.16397352221	5.2330621453	7.55294110503
-6596.78682276	15.1813372024	198.655526618	20.974903424	0.755104779743	-0.4387988389	5.31147979791
-6372.38558153	10.6022720229	874.36084742	29.6613365919	2.59649386219	2.86056890904	13.4007731715
-5919.59550858	10.1293656768	144.430520565	10.0301547443	0.525350625315	-0.927783478549	1.60144655656
-5735.91744656	7.33160351603	553.427115508	42.5473941924	1.65335493508	1.27709409666	16.3486373583
-5257.36606928	4.68740431642	76.7221814687	20.2378704385	0.278624380507	-1.55105738548	22.988795562
-5129.46013279	6.36976365415	358.591108549	14.8325756573	1.11116747148	0.23902544389	30.4932110965