U (kJ/mol)	 dU (kJ/mol)	 P (bar)	 dP (bar)	 Z	 Z-1/rho (ml/gm)	 Neff
-1052.43170862	0.693736150474	57.8978921991	0.287239694314	0.743494240549	-2.75761435369	5684.9616909
-2002.23747506	0.872203821737	92.9887611517	0.722684999834	0.59705634847	-2.16596149174	4783.15150354
-2904.58549323	0.85099275228	133.277290897	1.23302826198	0.570492259287	-1.53916843954	4512.11194782
-3848.72085263	0.79511576491	244.453502076	1.77582803269	0.784785785237	-0.57842542209	4438.68431765
-4875.06352978	0.866534908653	589.255203476	2.53145747459	1.51338100036	1.10384017794	4280.78508597
-5403.23484152	0.92477874827	969.964195468	3.0090200152	2.26468534741	2.47204406761	4115.05328225
-5913.65739168	1.06532420236	1603.84399787	3.45579196262	3.4326200067	4.358724655	3914.9396728
-6381.36282873	1.22034930939	2610.1025502	4.10890725498	5.15654804	6.87473332207	3679.99539085
-6765.35710951	1.3902297459	4155.03117213	4.82499962361	7.62238887598	10.1707516437	3438.93906861
-7983.89735211	0.740263506807	-54.5187626383	3.04961661556	-0.267508562681	-1.9466562654	2253.67871376
-7611.16937548	0.902788465755	1248.40859794	3.46090829459	4.20185605524	4.91745250041	2742.92238178
-7182.22520698	0.775678027672	-31.4487730098	2.96115162265	-0.131361735763	-1.87121865291	2611.4648577
-6902.1511133	0.903491744183	887.568377949	3.33302945254	2.73175299665	2.86423732316	3095.66135437
-6443.73298232	0.775530787883	-22.983227156	2.76422938224	-0.0873609960666	-1.94831382188	2947.3406888
-6238.7824072	0.86312663652	595.604929375	2.99979715404	1.76870287362	1.37734794517	3425.92459292
-5762.70441083	0.77335433596	-10.2373996741	2.54230130017	-0.0372374502241	-2.02745820594	3199.65234047
-5610.51415331	0.826232808938	385.81679959	2.74277545647	1.15262171253	0.298325271042	3657.92865886
-5137.2556697	0.80022426767	1.5747876434	2.24103214785	0.00571900098737	-2.13784170838	3366.40885212
-5017.50335528	0.807725395683	248.742415957	2.38063758611	0.770778959095	-0.492856951075	3813.36372104