U (kJ/mol)	 dU (kJ/mol)	 P (bar)	 dP (bar)	 Z	 Z-1/rho (ml/gm)	 Neff
-1008.76227267	0.667727644939	58.9341944935	0.319365832586	0.756801888859	-2.6145479287	4666.86816209
-1925.92136068	0.88209058057	97.3268506046	0.81941087177	0.62491007849	-2.0162380592	3782.4705993
-2804.73455048	0.934813897518	144.862499212	1.4551301638	0.620082640525	-1.36145813895	3315.53227365
-3722.52654178	0.928720717615	263.711580204	2.19606287291	0.846611309673	-0.412258632843	3048.73181302
-4717.61473021	1.01160646443	614.904959406	3.08164254216	1.57925713189	1.24548297481	2832.43007298
-5227.30211952	1.12116295007	994.248949699	3.58304791012	2.32138571566	2.58287464634	2681.58772862
-5721.00851819	1.26626575905	1618.46355844	4.17058889524	3.4639094564	4.41478852666	2632.63460652
-6173.44716287	1.42894124999	2600.33917973	4.8728037622	5.13725941516	6.84283085141	2524.97794023
-6544.93983302	1.6539086458	4100.57475321	5.73855967383	7.52248878266	10.0173237709	2444.4005651
-7738.25821535	0.772685683509	-22.3415869673	3.24794172613	-0.109624018015	-1.70417511211	2002.47329278
-7373.41001207	1.05723819532	1250.8687005	3.99719372397	4.21013619433	4.93016924656	2181.52643379
-6957.38041522	0.826007451225	12.0131705529	3.22100382724	0.0501790939621	-1.57095873063	2152.81525846
-6684.8791448	1.01649083403	905.896479845	3.77055359915	2.78816312631	2.9575370022	2314.99579671
-6242.47722966	0.85741384978	14.5173719244	3.1762429568	0.0551816358499	-1.69290850481	2310.53804216
-6039.96506081	0.98638836698	625.164720533	3.48294243572	1.85648335525	1.53463142902	2438.83249111
-5579.79652438	0.86458413727	26.9178781806	2.94316597536	0.0979109130049	-1.76328758813	2417.54804734
-5431.74472786	0.95831011051	414.828729621	3.14805729	1.23929440411	0.467741887972	2570.02581294
-4972.68549754	0.883203444263	31.7495738231	2.59087899166	0.11530179628	-1.90222353753	2559.64129375
-4856.71525236	0.937149945376	278.443821192	2.77084488272	0.862814803175	-0.294967152983	2675.66583354