U (kJ/mol)	 dU (kJ/mol)	 P (bar)	 dP (bar)	 Z	 Z-1/rho (ml/gm)	 Neff
-1086.91808408	1.49611394323	56.514405471	0.575634155973	0.725728232579	-2.94861122913	1500.82883813
-2056.73415394	1.91260168474	88.6566691256	1.76264503165	0.569241126347	-2.31547793101	801.102995857
-2973.40673297	2.45981483658	122.805970263	2.9577603494	0.525669864369	-1.69979235642	652.854340252
-3925.24048882	2.78075881367	226.436150229	11.24256237	0.72694344918	-0.733886703706	536.593991771
-4963.71590977	1.76522291194	525.839814365	5.69612145619	1.3505115943	0.753648421632	943.49826172
-5503.42300598	1.8452646739	870.998879558	5.79109467133	2.03361980716	2.02038690312	999.931872917
-6031.63229017	1.9376800556	1455.61306293	6.79081818611	3.1153694053	3.79028074911	1055.74613168
-6523.60814349	2.15479673543	2391.09591705	7.19172654964	4.72387606517	6.15911439639	1015.63677448
-6938.45924874	2.51709491755	3839.7393235	9.23540645687	7.04398717931	9.28243473615	1138.48924441
-8124.38034435	1.89954316054	-280.539168696	6.71411883205	-1.37652848601	-3.64990360097	392.907267274
-7760.81246909	1.85604110084	992.06343572	7.0947731283	3.3390572297	3.59235475435	597.217026595
-7304.80948004	2.03305867993	-193.037131965	6.90422461717	-0.806317394759	-2.9875633012	282.173199243
-7030.06572962	2.15814780651	705.14897916	8.20060104574	2.17030358986	1.93562663265	615.797254328
-6550.50389934	2.43818720042	-109.86388285	13.3702089225	-0.41760098233	-2.5400318733	275.884311339
-6350.63531915	1.88582632352	468.519454559	7.13099895145	1.39131102641	0.701144039719	487.25820494
-5863.33983914	2.53186564309	-91.1598030292	6.31885907506	-0.33158406781	-2.60280907193	360.378464755
-5709.47049601	1.80398786788	308.94318072	10.3052315399	0.922962966916	-0.15058207246	430.162090796
-5233.96961673	3.99618033425	-56.5342934436	6.97475488382	-0.205310018388	-2.59158329627	317.066820364
-5109.05985494	2.03150733244	187.694391998	5.10737160515	0.581609242378	-0.899598013977	619.468108242