U (kJ/mol)	 dU (kJ/mol)	 P (bar)	 dP (bar)	 Z	 Z-1/rho (ml/gm)	 Neff
-1048.40727712	0.684039625116	58.1247791496	0.314543829859	0.74640780328	-2.72629153886	4770.88183594
-2000.64133091	0.959068396007	92.7911140804	0.796676598467	0.595787308672	-2.17278301957	3748.38967798
-2908.86703983	0.98805587261	137.653620719	1.40188716654	0.589225100199	-1.47203810688	3248.1873774
-3862.35756192	0.941953396589	258.165518996	2.2074301522	0.828806410322	-0.46011237909	2907.13538692
-4897.85582831	1.11865341346	652.333888543	3.30230162605	1.67538565123	1.45217259092	2590.81889826
-5425.51973917	1.22401859907	1076.14020275	3.84720481499	2.51258650609	2.95660933117	2465.34490076
-5930.34483262	1.40608111088	1773.64254707	4.59808270422	3.79603059891	5.00987719992	2295.16525318
-6380.72270855	1.62471116616	2882.86122358	5.50188371379	5.69541315184	7.76599065984	2163.13398706
-6729.95833081	1.8543732159	4595.65516211	6.36031897831	8.43071190908	11.4121847537	2036.55500218
-8015.91808262	0.842422720159	210.198444774	3.47525754414	1.0313859141	0.0482028982879	1802.27342873
-7620.14992094	1.1641058527	1575.13106861	4.34624016209	5.30152870574	6.60634417183	1896.80527317
-7217.93856561	0.893275622188	139.640477765	3.44397988114	0.583279212076	-0.689236419059	1964.4449228
-6926.37569418	1.14874201641	1096.29579554	4.2000250997	3.37417307679	3.9267696671	2046.65830197
-6477.23280639	0.918137987718	88.4511536935	3.28909948012	0.336209568719	-1.18936772312	2134.93545771
-6269.76395062	1.06279836678	719.719257538	3.68864748821	2.13727163128	2.03774279791	2194.94827392
-5791.60880336	0.914158884131	56.5946572378	2.96530472718	0.205857033908	-1.55228841086	2280.34882552
-5639.65994056	1.00306403336	464.897730534	3.16898621447	1.38887476877	0.760122323837	2373.55047496
-5157.8428583	0.906830740222	37.9512609664	2.64784532046	0.137823851901	-1.85379800198	2423.02654296
-5042.62739855	0.978957006882	293.600818393	2.90590335264	0.909781841267	-0.193981523116	2533.75719783