U (kJ/mol)	 dU (kJ/mol)	 P (bar)	 dP (bar)	 Z	 Z-1/rho (ml/gm)	 Neff
-1034.02619607	0.652390429337	58.5833146629	0.311652915573	0.752296074862	-2.6629885461	4833.83917829
-1975.50814031	0.901434685308	94.4799028495	0.793662519432	0.606630576646	-2.11449670389	3815.05086745
-2876.59022012	0.943059561062	141.762853218	1.39344569814	0.606814633396	-1.40900489049	3287.42685609
-3823.44998573	0.917069718713	266.255208615	2.21635170949	0.854777293806	-0.39031113823	2915.79659275
-4849.06889373	1.10249776461	667.988952047	3.26889182669	1.71559246744	1.53862280845	2627.48057156
-5370.75294632	1.20575450245	1096.41832329	3.81774409265	2.55993213253	3.04915446518	2514.30882726
-5868.86391419	1.38774618806	1799.06754318	4.55058888687	3.85044633414	5.10737833289	2357.28357424
-6311.94281719	1.6042855237	2914.26423545	5.40395827678	5.75745329632	7.86860211637	2235.71807534
-6652.92288412	1.80908000435	4633.58855656	6.20144473244	8.50030057687	11.5190599419	2124.83924847
-7939.27778193	0.834361580663	250.982675321	3.4464529604	1.23150290806	0.355545200802	1849.66832791
-7543.40428668	1.1465768032	1615.07926567	4.26553570622	5.4359851441	6.81284413237	1958.54254795
-7149.205406	0.883168717265	171.972920492	3.39829039692	0.718332042175	-0.465865443339	2004.79545949
-6857.69288266	1.13016061664	1128.85078165	4.13676427736	3.47437063123	4.09249167001	2101.00656667
-6415.32281164	0.902435468354	114.20761349	3.26528671711	0.43411183317	-1.01394821137	2169.11866591
-6208.37080642	1.05436877162	745.726552497	3.66905925907	2.21450265316	2.17612395002	2236.10789969
-5735.91594922	0.893987695863	76.295440117	2.95436324864	0.277516531944	-1.41221765147	2309.204018
-5584.62427819	0.983802146445	485.410765568	3.12684009615	1.45015714319	0.879909218215	2407.43608719
-5107.26489892	0.880216213931	52.23476328	2.6563262886	0.18969583869	-1.74226605381	2450.4401135
-4993.16556823	0.958914546044	309.174232809	2.91023115314	0.958039232783	-0.0902214548613	2562.04438077