U (kJ/mol)	 dU (kJ/mol)	 P (bar)	 dP (bar)	 Z	 Z-1/rho (ml/gm)	 Neff
-1159.66402319	3.22860942514	55.6913950402	1.11087446751	0.715159566053	-3.06223170523	466.405268667
-2194.2862279	4.49872595483	87.8659068218	3.39163993718	0.564163849827	-2.34277004836	177.214415245
-3164.75803101	4.93688406715	121.090681469	6.18495033484	0.518327585929	-1.72610388047	37.3380054793
-4177.37099794	6.16383231441	236.778667657	13.6955035211	0.760146739753	-0.644647117993	36.6085465041
-5299.2131356	10.9515841208	521.252597352	44.0109050601	1.33873026928	0.728316942874	3.91237199481
-5893.08511849	17.0932668932	1041.44759578	59.7605177092	2.43158574438	2.7982794724	5.59371827105
-6350.08315704	9.49377936879	1936.13353779	61.4738302102	4.14380122149	5.6330063293	9.36923870735
-6830.32222758	16.4953865535	3156.08239553	49.6290247735	6.23519198107	8.65875924284	15.2832779103
-7222.23819227	17.6819809374	4844.82836055	116.576054687	8.88781919355	12.1142161131	3.06124795777
-8593.11044753	0.668836000829	348.413625836	3.41717239737	1.70956976563	1.08976654727	1.05845197863
-8163.57454975	9.35656641316	1880.88768151	20.7086938055	6.33063510362	8.1868592675	4.09045258633
-7763.25280543	8.76439470071	250.991936654	12.9262828092	1.0483950026	0.0800430390319	1.98001434184
-7435.84766644	12.0960505306	1210.02918703	47.2480867811	3.72422107392	4.50573245234	5.12930299819
-6979.92390205	20.6239070814	65.6648123124	18.4161142343	0.249596950471	-1.34455865041	4.51886892318
-6751.56469448	12.9715850427	749.378444069	35.1995406793	2.22534727649	2.19555515053	8.39172186795
-6257.3316316	6.60205728855	35.7526588241	10.5077176844	0.130046485995	-1.70047310804	1.45110177916
-6071.95454241	8.46949139259	479.198293964	34.7056185374	1.43159748051	0.843631179467	14.8455826635
-5562.66032421	4.67858261581	8.41720305953	20.755001025	0.0305679262916	-2.08441308109	19.9058447473
-5434.17692201	8.69723989855	269.442359479	15.7220888163	0.834921943557	-0.354940660189	17.4853721221