U (kJ/mol)	 dU (kJ/mol)	 P (bar)	 dP (bar)	 Z	 Z-1/rho (ml/gm)	 Neff
-1099.79341933	1.18893849539	56.6473928416	0.472381397168	0.727435986357	-2.93025169467	2232.52505401
-2091.40234253	2.01565692148	87.7767730498	1.36727052601	0.563591545349	-2.34584638287	1250.98974636
-3028.57320894	2.14471796505	126.388251431	2.47079312787	0.541003787074	-1.64484226438	849.790824061
-4008.26234355	2.14741555536	234.130380058	4.59166444851	0.751644761073	-0.667497656059	664.936878794
-5090.60137272	3.97957148822	600.691102148	11.1713924037	1.54275175801	1.16699137037	314.600957814
-5634.94088337	4.96404419948	1044.4853812	12.3796717583	2.43867840631	2.81214329463	274.472005357
-6150.93741018	3.39863460455	1768.41533283	14.0517118238	3.78484307681	4.98983159957	224.064204911
-6616.02099655	5.5476132437	2901.53197098	18.7841258558	5.73229929101	7.82699858459	222.958735884
-6988.41634565	8.13353681717	4635.58338539	38.6347850179	8.50396008276	11.524680259	107.741647287
-8310.29567773	9.00121283293	138.764799343	34.7289496725	0.680880677158	-0.49010763912	6.25319548865
-7891.55769541	5.56969609041	1604.8636121	17.4142544178	5.40160160502	6.76003744233	92.9938591414
-7478.25122955	5.38365022052	105.20191293	12.902098606	0.43942909581	-0.927157688863	78.0325039183
-7182.5296154	4.74897946234	1059.75873584	15.9089730976	3.26171951851	3.74077681515	104.802206939
-6720.38902309	6.45407357902	21.4436635208	14.8482546964	0.0815089974866	-1.64573561305	84.0532267432
-6501.12128127	4.25411744576	675.526285841	13.5669211466	2.00603659245	1.80259822219	188.634538375
-6005.02839603	3.85555989362	18.7902008219	8.13032256405	0.0683473528513	-1.82107462871	198.072537859
-5848.1299952	3.39566547359	439.595604626	10.2888010863	1.31328505955	0.612369293691	280.787362821
-5348.37646207	2.46801440096	4.39521669085	6.61176272706	0.0159616750233	-2.11581854211	385.450526461
-5230.56253018	2.59373422635	255.763760774	7.44894462382	0.792536023844	-0.446076251738	348.574932209