U (kJ/mol)	 dU (kJ/mol)	 P (bar)	 dP (bar)	 Z	 Z-1/rho (ml/gm)	 Neff
-1088.6206982	1.09245941055	56.9517839394	0.461130591051	0.731344816531	-2.88822906633	2346.64239544
-2072.01142643	1.84449316216	89.2282800149	1.32814170061	0.572911289344	-2.29574953551	1313.06410511
-3003.97143571	2.0249074997	129.568634573	2.49280015239	0.55461738885	-1.59605705234	873.039461478
-3979.12195449	2.09095307992	240.55770575	4.60887090239	0.772278844028	-0.612039989585	651.317938123
-5054.81128066	3.98776827018	611.481115032	11.8705002051	1.57046369063	1.22657585949	275.439766322
-5594.29722451	5.18281216756	1061.45413818	13.1342583622	2.47829728655	2.88958518013	259.145868772
-6104.91434842	3.49686111571	1790.27618092	14.8679731037	3.83163066003	5.07366474736	204.359717718
-6564.15299691	5.6433551936	2930.7080043	19.1448825201	5.78993979153	7.9223332387	208.359728203
-6929.63029109	8.37472872072	4672.13521888	39.9079736329	8.57101428224	11.6276629775	101.687467193
-8253.67788359	8.69017561738	174.168358921	33.2750408331	0.854596199634	-0.223313062593	5.71350151398
-7833.45967284	5.74414427893	1644.17207335	17.6641036435	5.53390483988	6.9632304847	87.0889554273
-7426.6138993	5.51341393275	134.788329293	13.3424406815	0.563011755371	-0.722757831208	73.5815804416
-7131.3609236	4.92077678623	1088.42996764	16.4734183354	3.34996367562	3.88672846577	93.4662941986
-6675.25022034	6.8808665618	40.8861770991	15.4631257251	0.1554114717	-1.51331849261	67.6575529949
-6455.72896724	4.39992192111	696.711633706	13.9175829228	2.06894840496	1.91532247322	170.183623588
-5963.55520976	3.93320898348	35.8728972956	8.61366860628	0.13048384062	-1.69961822354	165.058096158
-5806.97422228	3.40120144938	457.507601723	10.7973510686	1.36679687342	0.716967296904	261.661389019
-5311.1120723	2.54379782378	14.5123299007	7.01115303215	0.0527029973717	-2.03681961584	351.985254209
-5193.99818522	2.65157723301	268.263719813	7.61789685172	0.831269688868	-0.362793513065	320.751566406