U (kJ/mol)	 dU (kJ/mol)	 P (bar)	 dP (bar)	 Z	 Z-1/rho (ml/gm)	 Neff
-1101.47740447	1.25286735323	56.6050832179	0.499196582568	0.726892668451	-2.93609273799	2015.09309689
-2094.48261547	2.14821044389	87.9453960019	1.47351144255	0.564674228921	-2.34002658421	1069.3275106
-3033.06687639	2.335608981	126.643990326	2.70521812944	0.542098475141	-1.64091937973	679.443117116
-4014.13910385	2.42880093878	234.427465949	5.1698258593	0.752598516213	-0.664934274174	501.795160175
-5100.62802028	4.67063893912	595.519854726	14.0408904421	1.5294704708	1.13843476539	190.616919541
-5645.07597808	6.30015924229	1048.03798591	15.6216525226	2.4469730752	2.8283566453	175.551711932
-6157.13265084	3.86743176271	1781.26341865	17.2010568179	3.81234113554	5.03910212528	142.590964543
-6621.4939157	6.62361252865	2921.65100082	21.9381320236	5.7720466733	7.89273886978	149.977264401
-6993.64394842	10.1196518511	4659.24427127	50.5181041079	8.54736588789	11.5913434635	65.3322353044
-8323.12772346	8.16589708148	146.956478729	31.612611998	0.721074993251	-0.428376681588	3.19854579341
-7899.05294162	6.85193007319	1635.67212825	20.5496296938	5.50529598069	6.91929262374	56.1176497779
-7488.86640031	7.00346681337	119.524794549	15.2265297999	0.499255868387	-0.828207044476	42.210759295
-7191.4461604	5.82776574911	1072.66008606	19.3733965941	3.30142722215	3.80645147371	62.0497276704
-6733.35118069	8.58164138623	18.2711789345	17.4919866774	0.0694501420619	-1.66734245272	41.6917797429
-6510.80532292	5.21636538306	680.765128767	16.1274822161	2.02159381181	1.83047336727	119.042178424
-6014.3483664	4.9610282452	22.7499982806	10.1183851291	0.0827506940765	-1.79292083195	102.929430586
-5856.73254647	3.91035696029	445.166000199	12.4360131332	1.32992653004	0.644897897334	187.467574096
-5356.30919508	2.84422578394	5.38350422033	7.80041664303	0.0195507413845	-2.10810155288	270.252865524
-5238.20585922	3.04769849059	256.942722502	8.57040732015	0.796189276508	-0.438221253076	234.744483974