U (kJ/mol)	 dU (kJ/mol)	 P (bar)	 dP (bar)	 Z	 Z-1/rho (ml/gm)	 Neff
-989.955881148	0.523276564911	59.5630392054	0.257141089847	0.764877181478	-2.52773294691	6982.41049532
-1894.22214371	0.681921364621	100.176162175	0.625425632092	0.643204757769	-1.91789783056	6249.44830416
-2765.85692918	0.686732683145	150.350860847	1.08574482122	0.643575523734	-1.2772698905	5730.04326591
-3679.06066987	0.695300285724	279.863464077	1.65092130861	0.898464806391	-0.272893392684	5242.76950099
-4665.21331681	0.798400171298	654.472000421	2.3576156667	1.68087695258	1.46397964855	4723.18678597
-5168.79428812	0.901286596476	1054.51593903	2.90849374568	2.4620978866	2.85792067905	4417.36802162
-5650.68433194	1.05113483194	1710.11220612	3.37774120559	3.66006006833	4.76624765548	4156.41242404
-6087.42251095	1.1933846377	2738.42269471	3.99202662774	5.41005876495	7.29402803766	3838.58722325
-6437.86827888	1.38015550311	4307.78196002	4.71192808475	7.90260961516	10.6011183282	3576.94613863
-7655.58882	0.709791088308	115.346249604	2.84060302603	0.565972299242	-0.666585432173	2679.65016942
-7284.42077499	0.872452423145	1409.87853215	3.30546249084	4.74532669614	5.75212183466	3043.39588715
-6886.83416434	0.722080079228	105.092747597	2.79566681011	0.438973111481	-0.927911865316	3144.37747774
-6608.61063724	0.862072852124	1019.27608511	3.18366758178	3.13712224217	3.53469882945	3446.57824444
-6177.49141524	0.688939876699	83.8859795665	2.51623700956	0.318856994328	-1.22045975295	3580.43240809
-5975.02236169	0.833677475421	702.69996452	2.86904392498	2.0867312966	1.94718553774	3843.15501344
-5521.72735244	0.689628465699	72.103291474	2.31303684256	0.262268038049	-1.44202344383	3927.58658022
-5373.69037969	0.756385736231	469.513813244	2.5070191738	1.40266524437	0.787078169771	4155.03797978
-4918.67791187	0.679426948188	63.2618157704	2.00387341126	0.22974169779	-1.65616191633	4315.55774569
-4803.82750839	0.726498417547	312.586577348	2.19122342741	0.968613076258	-0.0674862284814	4480.8028308