U (kJ/mol)	 dU (kJ/mol)	 P (bar)	 dP (bar)	 Z	 Z-1/rho (ml/gm)	 Neff
-1015.55988008	0.52026171752	58.940473159	0.244770037556	0.756882516176	-2.61368112928	7576.23404036
-1940.33931514	0.662542108823	97.1735481878	0.597575887779	0.623925764042	-2.02152908981	6977.2352133
-2826.7145833	0.665647197836	144.436122066	1.02996687808	0.61825753694	-1.36799851429	6350.70366172
-3757.37470659	0.679609497005	270.256699204	1.58451960368	0.867623552532	-0.355784596227	5681.4192039
-4763.91439601	0.777290220524	647.238698264	2.31712453632	1.66229970117	1.42403598784	4997.85089781
-5278.52412859	0.884593538128	1052.93126802	2.8387784876	2.45839797557	2.8506885694	4634.52243609
-5770.58896875	1.04779349509	1720.9768207	3.38061191554	3.68331301152	4.80791185971	4248.58166256
-6215.72548081	1.23072157223	2772.10953149	4.12219273341	5.47661085968	7.40410204592	3896.59292761
-6569.01733532	1.41763611624	4381.63496724	4.91554720913	8.03809267591	10.8091949888	3540.87630766
-7809.96225959	0.704082769631	124.424067066	2.83544510086	0.610514650977	-0.598176704506	2685.44996031
-7429.39053354	0.927719266755	1447.72863831	3.43312279199	4.87272144336	5.94777635735	3004.35707452
-7027.29263786	0.693063665781	100.499668733	2.70784050407	0.419787790267	-0.959643476687	3151.115456
-6744.72277093	0.879567633912	1026.29165687	3.21221629208	3.15871472976	3.57041177985	3438.02537629
-6304.27718911	0.691602527002	76.0924609774	2.51238217499	0.289233236873	-1.27353906729	3598.53883003
-6099.39422363	0.820857777604	698.35080906	2.87264671926	2.07381608489	1.92404429432	3891.36498502
-5636.38129722	0.667615259735	58.2799233611	2.28229576659	0.211987009818	-1.54030632329	4063.16181374
-5486.89468331	0.776745708389	456.496552598	2.55415798129	1.36377637982	0.711063224956	4320.73560434
-5020.44221135	0.659326634873	50.14246787	1.9619010651	0.182097455781	-1.75860362831	4515.62820884
-4905.34157219	0.71751887975	297.121740908	2.16080332271	0.920692135681	-0.170522880667	4747.06022026