U (kJ/mol)	 dU (kJ/mol)	 P (bar)	 dP (bar)	 Z	 Z-1/rho (ml/gm)	 Neff
-1087.04096171	1.11219855831	56.9936272747	0.47838432413	0.731882146608	-2.8824523963	2191.05049897
-2069.38896189	1.9046291205	89.7309115354	1.40007498875	0.576138553978	-2.2784018719	1171.89009685
-3001.02440446	2.13443881008	130.545060342	2.701808691	0.558796970677	-1.58107925374	734.27290904
-3976.01634037	2.27836763769	242.523576294	5.03512624895	0.778590012596	-0.595077632583	525.125108197
-5053.07671972	4.47247026372	610.09973663	14.6305216212	1.56691590383	1.21894762704	176.129500384
-5591.43563013	6.32507147533	1068.39802003	15.9813501207	2.49450995455	2.92127561587	181.606924117
-6097.74417835	3.8787047905	1805.42436213	17.6475314634	3.86405148772	5.1317558017	140.723647308
-6554.88043563	6.43364893909	2953.37393849	21.5380702757	5.8347188668	7.99639570541	152.286359919
-6918.39721087	9.92408469576	4699.25761138	49.065161833	8.62077020808	11.7040787806	69.0263408218
-8248.26309857	7.94223562663	191.553587479	30.7320958912	0.939900731108	-0.0923012449613	3.51004115027
-7824.06243017	6.75196869104	1677.42386269	20.0543276976	5.64582271084	7.13511541797	58.8775565071
-7421.08212723	6.7356965387	153.267726117	15.1570552525	0.64020031983	-0.595091606479	46.2523722569
-7124.79221272	5.75253202233	1105.66522691	19.132411297	3.40301026032	3.97446500098	61.5553480328
-6673.33191	8.51393162517	43.7757373166	17.3563685382	0.16639491006	-1.49363856585	38.3123176229
-6451.22981912	5.14110363486	706.474661761	15.8535679475	2.09794060252	1.96727016991	117.718138004
-5960.09964673	5.13858463037	43.1416603343	10.5220607709	0.156923191477	-1.64793798499	89.5346908314
-5802.80435927	3.79712343424	466.078921488	12.7980812666	1.39240355845	0.767019947508	188.491851897
-5307.62494813	2.87499155515	17.806491965	8.08943725627	0.064666080888	-2.01109733117	258.164560116
-5190.30164282	3.00017407263	272.70528138	8.49247471333	0.8450327706	-0.333200983197	233.97932749