U (kJ/mol)	 dU (kJ/mol)	 P (bar)	 dP (bar)	 Z	 Z-1/rho (ml/gm)	 Neff
-1075.60855325	0.784044996417	57.3195210165	0.298661114746	0.736067102412	-2.83746122644	5292.65606799
-2043.10648093	1.03651314052	90.4472958615	0.750682417746	0.58073826909	-2.25367681229	4298.47801906
-2957.48642242	0.991319608998	127.659684371	1.29562779267	0.546446144475	-1.6253392288	4083.46197951
-3915.42504549	0.862369533181	235.383945838	1.85712355012	0.755669168973	-0.656681363832	4131.80831786
-4958.21725358	0.883390733587	577.925115521	2.5436172754	1.48428199582	1.04127329228	4137.54189819
-5496.05403394	0.944013057739	960.745675873	3.05744240679	2.24316182484	2.42997265721	3973.66193003
-6015.44243118	1.09946675332	1600.77421518	3.5647919819	3.42604991791	4.34695248841	3788.44563872
-6491.22557544	1.26321514665	2620.21149633	4.25493753475	5.17651938801	6.90776498448	3548.76608691
-6880.16748639	1.44865553652	4187.94562885	5.07851452368	7.6827703216	10.2634862594	3264.74270728
-8113.56121487	0.807146451218	-62.8566356064	3.24826559904	-0.308420210444	-2.00948891031	1950.89288576
-7735.41204799	0.981463584635	1256.37601618	3.68272790392	4.22867255156	4.95863762697	2527.60231151
-7299.98922389	0.782246895852	-47.7530737918	3.07866370341	-0.199464909469	-1.98385807223	2273.18789647
-7017.49680474	0.936982236007	878.766287003	3.52734014744	2.7046619703	2.81943005044	2873.64669994
-6550.18403597	0.867081055364	-38.0176283034	2.89569181604	-0.144507899353	-2.05070861253	2525.87157984
-6343.81035481	0.89440985949	582.880251374	3.13529677269	1.73091578786	1.30964172641	3189.87008816
-5859.27461371	0.82665043092	-27.6532480177	2.70763099508	-0.100585742412	-2.15128329036	2792.52982859
-5705.89290815	0.905898877701	369.472192871	2.91177560722	1.10379245313	0.20288012236	3326.30108772
-5223.5583629	0.879720982663	-11.6498277437	2.39130527269	-0.0423075305728	-2.24110539579	2933.11490126
-5102.80857291	0.867689114537	232.156074165	2.50347933507	0.719382806121	-0.603365790718	3514.6578341