U (kJ/mol)	 dU (kJ/mol)	 P (bar)	 dP (bar)	 Z	 Z-1/rho (ml/gm)	 Neff
-1106.42071259	1.0231639876	56.540878545	0.353371322357	0.726068185854	-2.94495649625	3923.81089746
-2097.00602414	1.49896329081	86.8279102764	0.88761734653	0.557499147347	-2.37859512929	2823.01239456
-3026.79574853	1.44387931413	119.96011843	1.58527261422	0.513488220888	-1.74344605438	2646.7328129
-4000.24580579	1.04380780047	222.249231287	2.20113263429	0.713501897141	-0.77001319944	3117.71284752
-5063.47714839	0.971949035808	558.235890214	2.70760194135	1.43371426334	0.932545671307	3552.70010421
-5613.68108291	1.01778533076	940.024770333	3.27484865315	2.19478237807	2.33540674434	3490.12562455
-6145.91626133	1.16720941523	1580.15588155	3.77427791719	3.38192162075	4.26788420142	3361.3847114
-6633.57187256	1.30900920361	2607.1981535	4.4738254405	5.15081008112	6.86524301021	3187.04523272
-7031.46362794	1.51436680712	4194.62715885	5.26490308109	7.69502756296	10.2823110914	3010.52262683
-8278.07169231	0.987058574014	-95.9992453486	3.79910335091	-0.471041874373	-2.25924539346	1465.38990562
-7896.7467286	1.0508789623	1233.92841228	4.01958090433	4.15311908253	4.84260161886	2101.87697133
-7448.04747343	0.929235244434	-79.1745368052	3.66407460053	-0.330712571194	-2.20093547993	1829.43728055
-7164.62584194	0.974067611301	849.581621479	3.70366248225	2.61483756974	2.6708647521	2462.7365109
-6684.94046844	1.09202693768	-66.7493683057	3.36100909786	-0.253719430366	-2.24639186414	1763.1750658
-6476.99175709	0.973682262358	552.69206404	3.4534596295	1.64126922677	1.14901463504	2709.16520146
-5981.51557559	1.02104425439	-54.3597962402	3.08061733624	-0.197727965218	-2.3411643988	1885.25300883
-5826.67906854	0.993113519714	341.007568266	3.14809734308	1.01875482804	0.0366595228509	2565.69227522
-5333.55047035	1.11061041721	-32.9012266266	2.89269100554	-0.119484140196	-2.407045784	1957.50895398
-5211.31347461	1.05868993791	206.531988011	2.81939691708	0.639981364363	-0.774089875824	2713.86848934