U (kJ/mol)	 dU (kJ/mol)	 P (bar)	 dP (bar)	 Z	 Z-1/rho (ml/gm)	 Neff
-1079.03448817	0.743193663651	57.1887808524	0.296317812358	0.734388206077	-2.85551052343	5271.6430293
-2052.38750754	1.05440681964	89.3680885634	0.747888687472	0.573808963218	-2.29092422796	4190.84578817
-2971.84848977	0.992265026643	128.056723172	1.30585329195	0.548145665537	-1.61924888646	3989.42309179
-3936.09174199	0.86115060194	239.496704795	1.89531568623	0.768872640145	-0.621194751604	4000.76979399
-4987.12535274	0.905351209554	602.384442224	2.62631908972	1.54710075431	1.17634231411	3834.15749562
-5528.12914193	1.00714569508	1002.06791102	3.17548806462	2.33964153088	2.61855876321	3707.63768041
-6047.7103092	1.14572024255	1668.43644866	3.75548843819	3.57086371316	4.60642723497	3480.33107065
-6518.44006633	1.30726081683	2732.98625762	4.47651447917	5.39931847849	7.27626411326	3303.23132476
-6894.34879429	1.52281086758	4378.49234616	5.23359306966	8.03232754949	10.8003408321	3085.02944187
-8158.64268162	0.831302484934	44.5032202002	3.30393439037	0.218365052586	-1.20044519811	2065.42252832
-7770.63728691	0.983433695869	1391.14198736	3.66059842738	4.68226379803	5.6552690091	2507.03969709
-7343.39164501	0.83154393064	21.5728890919	3.18323717551	0.0901101024086	-1.5049147365	2404.74221395
-7056.17645899	0.932470343904	961.748538315	3.42523965637	2.96006427994	3.2418533574	2826.05004728
-6589.51225817	0.794944079154	5.40417566666	3.05034138785	0.0205416831132	-1.75497574738	2676.31159057
-6382.52129518	0.958168238079	627.773768017	3.19033709297	1.86423115846	1.54851380307	3081.18391958
-5893.63383102	0.840364561005	-2.20585089145	2.66007901563	-0.00802354752057	-1.97035463072	2833.09432524
-5741.32141561	0.831266714896	394.139835468	2.78167976362	1.17748665329	0.346928055468	3322.18244071
-5252.62654331	0.904236699301	-0.424427409792	2.40265676154	-0.00154135116937	-2.15345247	2943.14161206
-5134.12750201	0.901721184675	244.993295217	2.43613755601	0.759161546077	-0.517835996354	3437.68728826