U (kJ/mol)	 dU (kJ/mol)	 P (bar)	 dP (bar)	 Z	 Z-1/rho (ml/gm)	 Neff
-1037.28020671	0.604212804838	58.4242646641	0.279084502627	0.750253638538	-2.68494614945	5916.57136543
-1980.46735846	0.80365393355	94.1123618937	0.691653425053	0.604270692955	-2.12718189493	5062.41660785
-2881.29141052	0.811725425557	140.068087415	1.2011145642	0.599560203438	-1.43500160389	4599.32797727
-3827.61591489	0.78341733016	263.28144162	1.83742179184	0.845230406376	-0.415970049272	4211.41662584
-4853.13993927	0.896256254773	653.834220026	2.64470519275	1.67923894458	1.46045770475	3827.55895378
-5377.24901002	1.00615376571	1071.10214231	3.18405218339	2.50082357535	2.93361666884	3664.1168734
-5877.61181645	1.16030828265	1759.79010635	3.79767107517	3.76638297408	4.95675512044	3432.18674181
-6325.63972709	1.33159728712	2853.00963669	4.48364145639	5.63643802004	7.66844858891	3256.35957264
-6675.12456525	1.51850394619	4536.30434403	5.2066245102	8.32183305914	11.2449671887	3032.81124099
-7947.78611774	0.749917560068	190.200792263	2.98069373439	0.933262937323	-0.102495655666	2476.38444263
-7556.61883676	0.955080278881	1541.30796712	3.51709665506	5.18768792954	6.4315060155	2710.76633934
-7155.21168059	0.763778949913	131.6527017	2.91999518351	0.549914217887	-0.744420537018	2794.8295747
-6866.42580711	0.926726657925	1078.80959726	3.4034726674	3.32035415337	3.83775572029	2988.88253572
-6420.26613425	0.756157553747	88.6220873421	2.73206511996	0.33685930053	-1.18820354538	3085.50296541
-6213.80440827	0.920507856249	716.303649288	3.07636902987	2.12712867271	2.01956882767	3230.0389607
-5740.18875053	0.754118778554	59.351670372	2.49963678892	0.215885375344	-1.53268630034	3362.9364653
-5590.26083346	0.822745967437	460.499735918	2.68086012301	1.37573582798	0.734440014236	3488.48472276
-5112.2120611	0.751115895019	43.8383990897	2.21730853373	0.159203590865	-1.80782860529	3585.21011742
-4997.55668512	0.800613550501	295.563559774	2.37046768782	0.915863794571	-0.180904482062	3707.58978904