U (kJ/mol)	 dU (kJ/mol)	 P (bar)	 dP (bar)	 Z	 Z-1/rho (ml/gm)	 Neff
-1062.9902748	1.35519648999	57.4124302296	0.763808119676	0.737260193598	-2.82463467086	885.374612852
-2028.66995991	2.98154642673	97.9755907637	2.48117324505	0.629075468218	-1.99384764875	323.512643856
-2952.05021727	4.6556788995	141.325065455	8.62156064491	0.604940686764	-1.41572029801	58.8861204038
-3917.42521312	4.49797768421	286.755280636	10.3776946712	0.920590076121	-0.21342790386	78.7629460835
-4980.70940049	5.60024645462	602.719557517	41.4315450432	1.54796142913	1.17819288405	2.64277447493
-5534.14661919	22.2855005513	1146.12655156	58.3749156078	2.67599156723	3.27601250353	5.87399163033
-5963.27526726	9.65302556165	2048.69374477	74.2157218527	4.38470770552	6.06465822257	7.83638694901
-6394.1627472	11.5525166251	3293.36864833	44.0348989978	6.50641625067	9.10735132118	18.9874745388
-6735.72101505	19.4363327432	5031.06683896	118.649400013	9.22947297359	12.6389324669	4.92096156147
-8094.97708264	3.02641470596	574.833096898	18.7363794275	2.8205477911	2.79602116178	1.42633621525
-7667.39979772	11.1230354973	2075.4889118	26.6723692589	6.9856180629	9.19279068206	5.62905216294
-7305.84499548	12.1106129679	418.782402599	20.2099683191	1.74925690409	1.23923538372	3.90487559606
-6988.99338639	11.4417975486	1387.92388583	40.4368866493	4.27174438436	5.41131003997	6.97976397554
-6571.98113099	14.8885730331	226.138686077	21.6075550847	0.85957036106	-0.251619294364	5.10010695689
-6348.35602706	10.893579102	901.286739651	30.5124069306	2.676452742	3.00383778781	12.2259789627
-5900.76680161	8.95889260583	163.948538478	8.30688638416	0.596345335262	-0.789012161307	1.45605288095
-5715.42154732	7.61130400346	565.92442752	45.3855079607	1.69069046113	1.35007277541	13.8827941028
-5239.97805592	4.64454772994	88.6479633263	21.1668156318	0.321934066422	-1.45793556879	19.9313675685
-5111.00567965	6.56559408963	373.677612287	15.2365580543	1.15791607124	0.33954140113	27.4483355902