U (kJ/mol)	 dU (kJ/mol)	 P (bar)	 dP (bar)	 Z	 Z-1/rho (ml/gm)	 Neff
-1083.39665951	0.890262471141	57.0861978534	0.365829479266	0.733070889228	-2.86967259082	3585.63413672
-2062.05935013	1.38038917084	88.7922068331	0.969119429077	0.570111378276	-2.3108000259	2494.86010146
-2988.41707175	1.37795515298	128.514570733	1.69513449919	0.550105477951	-1.61222577342	2093.80866131
-3958.50454407	1.24237309241	239.841969751	2.69666802304	0.769981067831	-0.618215660501	1940.8207284
-5019.76659161	1.57799199209	619.928661022	4.49147167592	1.592159478	1.27322480398	1602.0820219
-5560.64370229	1.72409325647	1040.62069508	5.09147354019	2.42965508558	2.79450566916	1475.45107576
-6080.03759134	1.82374546224	1736.81116389	6.067941991	3.71720239433	4.86863424464	1320.50485108
-6545.01157165	2.216559049	2844.31481765	7.74240279989	5.61926043748	7.64003768204	1195.73311683
-6911.64920476	2.74180080453	4558.00148433	9.74050107381	8.36163638046	11.3060976514	984.320615711
-8204.11902472	1.28703294643	145.496850036	5.39854612137	0.713912997	-0.439376169311	805.48863685
-7806.40227998	1.75259621168	1521.01365108	6.47798998168	5.11938193189	6.32660076893	885.568966536
-7388.30434743	1.30575395065	82.6643431338	4.8055344118	0.345289515632	-1.08286008964	991.041954796
-7095.80176208	1.64871163803	1041.05133022	5.90638295492	3.20414196997	3.64554628064	1052.32208067
-6631.63887104	1.36728503372	38.1003429855	4.59891809191	0.144822304156	-1.53229197204	1155.7300383
-6421.21641313	1.46109224452	673.040504517	5.15973371652	1.99865483929	1.78937173001	1237.80074907
-5930.47596478	1.42500489665	18.0864038764	3.92784596527	0.0657873664721	-1.82607856044	1275.86808347
-5775.82901357	1.4456126621	429.580654708	4.33318007377	1.2833655518	0.55388649258	1401.3976729
-5283.10121969	1.28103611263	8.61944091864	3.36490702292	0.0313023735809	-2.0828339178	1423.49656076
-5165.50090988	1.29657970175	262.31630889	3.72861808803	0.81284042668	-0.40241897649	1558.97013137