U (kJ/mol)	 dU (kJ/mol)	 P (bar)	 dP (bar)	 Z	 Z-1/rho (ml/gm)	 Neff
-1061.23256044	0.891945408581	57.7592222026	0.422092242815	0.741713513482	-2.77675840149	2780.59336125
-2024.09633252	1.45644104392	92.2383736237	1.17854265401	0.592238307754	-2.19186012699	1663.18074299
-2942.15531307	1.63134876843	136.653388679	2.3215437385	0.584943615842	-1.48738107971	1134.24688167
-3904.91955493	1.72965796934	254.822565299	4.12631027147	0.818074297589	-0.488956788111	840.402110618
-4959.75656044	3.23744155246	642.649378757	10.0703494081	1.65051297633	1.39869289871	386.327049164
-5488.33901504	4.16452223856	1095.35875113	11.042409028	2.55745822932	3.04431879775	390.240499833
-5990.46269782	3.14372388664	1825.0458055	12.8908012909	3.90604619491	5.20700116066	301.163051759
-6437.58539286	4.60470341736	2971.98528006	16.0373742229	5.87148764312	8.05720951759	304.16193888
-6787.41285003	6.49673154589	4724.44115309	28.9319085876	8.66696931953	11.7750319816	177.078603796
-8105.66139234	7.26440043107	248.460205048	27.2174757149	1.21912584071	0.336536338516	14.8050548561
-7690.19944605	4.49307685065	1694.26995806	14.1554401358	5.70252279121	7.22219614464	149.502610093
-7294.57100279	3.89663029206	184.824358619	11.3173190223	0.772012585416	-0.377080370771	141.354954151
-7001.67227337	3.95567082249	1138.88415614	13.5459328341	3.50525129519	4.14356682358	150.144490124
-6554.7583358	5.20040966609	89.9131906681	12.9795542853	0.34176688256	-1.1794102284	110.28032999
-6338.87844672	3.55959277493	738.881496682	11.590238671	2.1941756389	2.13970237248	249.186147562
-5856.67708025	3.11541027693	69.5409617155	7.41982296077	0.252947836643	-1.46024137341	249.492706763
-5701.40667505	2.83876073957	491.039779454	9.39235244899	1.46697373499	0.912780126435	371.130810602
-5215.24651088	2.25496364435	37.3882513363	6.42428625613	0.135779225348	-1.85819423195	446.754272902
-5100.02905145	2.24987156355	295.611171952	6.69942517161	0.916011330587	-0.180587259216	437.196890369