U (kJ/mol)	 dU (kJ/mol)	 P (bar)	 dP (bar)	 Z	 Z-1/rho (ml/gm)	 Neff
-1010.70802483	0.813873924478	58.7764249321	0.384667727764	0.75477589524	-2.63632876161	3244.32061207
-1929.10796984	1.11808056806	96.7298404214	1.06046765549	0.621076833316	-2.03684307781	2328.71008028
-2807.47941589	1.2896695893	144.69508512	1.9774335313	0.619366025993	-1.36402617293	1833.76734356
-3724.06753183	1.37425749075	260.815055481	3.73743089493	0.837312398385	-0.437251065116	1599.53102132
-4718.57811111	1.57116095044	604.854244874	4.67874099654	1.5534439353	1.18998103082	1427.00935913
-5229.42231182	1.65289408992	972.074360416	5.12726129499	2.26961218869	2.48167442253	1302.15790474
-5725.13010681	1.91970219391	1585.2421197	6.32178262087	3.39280741941	4.28738917912	1229.24989939
-6180.20508366	2.60141946257	2549.98056176	8.01784620139	5.03777036147	6.67828067514	1110.12322247
-6556.91307504	2.73984388981	4029.37751625	9.88167632805	7.39187772236	9.8167295924	1036.82518296
-7740.49200028	1.59760637856	-68.974146152	5.79300981047	-0.338437150925	-2.05558932098	624.030183944
-7378.50467045	1.81054966767	1193.61224894	6.5554552356	4.01742415431	4.63419956938	777.826223331
-6958.57906695	1.60580079432	-21.106963722	5.87641453303	-0.0881639290141	-1.79977152932	661.457960739
-6687.31490006	1.91944798786	867.338407177	7.14603653198	2.66948930559	2.76125613118	871.995751135
-6242.49700643	1.32679297522	2.05853935595	5.75408533578	0.00782466480259	-1.77776187144	875.063877857
-6041.90530742	1.59918338838	598.643429004	5.44171477699	1.77772597393	1.39351537358	976.637223365
-5579.77136009	1.47642212034	11.7438741917	4.52825575333	0.0427170907236	-1.87117336479	1006.6468157
-5433.53202432	1.38963701277	396.600945455	5.01319514202	1.18483918126	0.361299830369	1132.78507221
-4974.95608432	1.36336735823	21.6358054517	3.91244477225	0.0785726210512	-1.98119634582	1137.72788459
-4858.27936829	1.41603777166	266.293769963	3.93264189485	0.825165398657	-0.375918581559	1256.10042868