U (kJ/mol)	 dU (kJ/mol)	 P (bar)	 dP (bar)	 Z	 Z-1/rho (ml/gm)	 Neff
-1038.51676299	1.14910584673	57.726780736	0.504251711649	0.741296917253	-2.78123709914	1882.01167668
-1976.47551595	1.65966592734	93.297183622	1.6638570345	0.599036647934	-2.1553166972	1010.3815883
-2867.72482554	2.16370000206	136.594189769	3.03313083619	0.584690215436	-1.48828915626	736.758679953
-3795.37326012	2.7435554103	251.436864378	13.0433885583	0.807204950524	-0.518170038132	455.925029489
-4805.62988793	2.62979899235	569.78968453	8.02361056929	1.46338781174	0.996347905756	562.218549851
-5328.49082836	2.91443470878	916.404947937	8.50705673126	2.13963450154	2.22761077652	523.336890399
-5836.73421068	3.39616844931	1514.01961924	11.4169739775	3.24037377853	4.01426133058	411.297036557
-6304.44772088	7.5286606363	2459.05910032	19.3186764269	4.85814489666	6.3811886756	350.34576828
-6701.03339843	5.10793171942	3914.13655989	20.1939872056	7.18046862639	9.49204473162	369.001015903
-7874.53986237	4.96680312962	-182.137025739	13.809854308	-0.893696254438	-2.90836353063	83.5597285522
-7519.65333463	3.54625956505	1069.89621386	12.3146180872	3.60102444992	3.9946874451	175.73352017
-7078.50009594	6.06229487054	-99.1763829039	19.6997450307	-0.414260416484	-2.33911965355	30.3528234377
-6809.85159434	4.02503557721	786.34164787	16.805148668	2.42019793216	2.34894002287	196.002224234
-6353.46030697	2.30382699849	-48.384877694	13.0237761381	-0.183914603515	-2.12131683434	179.834257962
-6153.8423812	3.22628209734	527.257603715	9.15301361478	1.56573928931	1.01368145531	247.076484365
-5678.81659287	3.21794042399	-41.2224652428	9.01104757607	-0.149942323877	-2.24775918031	253.159058928
-5535.0994499	2.43144311823	350.724472297	12.6396120472	1.04778392832	0.0934018700934	245.722480016
-5070.308557	3.67082942106	-15.2182062372	7.3284567235	-0.0552664588532	-2.26896888449	213.672974302
-4948.32992439	2.90639056854	226.050520967	6.75005734848	0.700463507936	-0.644044899332	369.111845846