U (kJ/mol)	 dU (kJ/mol)	 P (bar)	 dP (bar)	 Z	 Z-1/rho (ml/gm)	 Neff
-1007.18154076	1.16348345451	58.6777452948	0.537532515276	0.753508703305	-2.64995195149	1666.58008976
-1923.57241605	1.84883488399	96.3692757844	1.74746223981	0.61876174273	-2.04928749042	886.633939447
-2797.94508917	2.26516314249	145.81780213	3.3596115015	0.624171806179	-1.34680435248	560.072435994
-3708.18720285	4.12100193606	267.28889927	13.3415620332	0.858095821564	-0.381392020962	278.744661721
-4698.67489025	4.67657377621	600.406847052	11.4396729789	1.54202170716	1.16542166004	307.561572387
-5211.81805232	4.60710593968	944.895808146	13.0268255345	2.20615534216	2.35763715008	244.941479514
-5706.58874979	5.027053578	1552.53668255	16.2559448304	3.32280975252	4.16196862202	146.884267154
-6146.41019721	22.6896626355	2528.00603785	52.4623572459	4.99435724415	6.60647743809	77.1950919733
-6543.64132186	8.46530752546	3961.8213463	34.5665758429	7.26794618563	9.62639391378	126.060126667
-7707.59168416	7.307932875	-121.973282744	19.792946144	-0.598489326854	-2.4549808616	22.089915948
-7362.02857408	5.41352287622	1107.20842765	18.4626166664	3.72660877523	4.1875614981	71.8742237305
-6926.86180856	7.23192140476	-33.6945815493	25.6544509691	-0.140742493093	-1.88673398062	4.91877454862
-6664.07427061	5.94029833281	841.13434356	27.368487201	2.58883858494	2.62786366431	68.5016756662
-6224.94806874	2.41796524559	-14.988502588	13.1606708947	-0.0569724393682	-1.89386415406	129.183890628
-6021.53399379	5.45354993804	564.936312666	12.4489910942	1.67762963391	1.2141645568	89.5274809312
-5555.39121669	4.11909472872	-6.16129717291	12.9240138684	-0.0224110618024	-1.998477491	120.259255218
-5420.50087602	3.16134804981	374.266979147	15.5942271697	1.11811680286	0.230879516713	142.495705591
-4964.4695603	5.86780006964	9.7552166319	8.02852375041	0.0354270582346	-2.07396527514	111.599683989
-4841.68481634	4.84764246203	250.552800191	10.0988053102	0.776388802797	-0.480795010985	176.360733253