U (kJ/mol)	 dU (kJ/mol)	 P (bar)	 dP (bar)	 Z	 Z-1/rho (ml/gm)	 Neff
-1035.29361396	0.565512275575	58.3727201725	0.252836573741	0.749591731322	-2.69206210991	7190.07646977
-1974.1842743	0.720052426939	94.927145415	0.618622077964	0.609502203386	-2.09906071696	6475.40290787
-2869.65002054	0.713465293944	138.580295071	1.06786787488	0.593191721527	-1.45782346583	5948.14410979
-3809.10002736	0.710400287777	257.719446653	1.62398334135	0.827374353792	-0.463961278681	5418.00030719
-4827.49278341	0.797824177058	620.929611763	2.35926050659	1.59473021445	1.27875224303	4855.18386241
-5349.90616416	0.890410511513	1016.99407191	2.87177487332	2.37449133051	2.68667866402	4522.66919213
-5851.38670819	1.053755335	1672.66834472	3.40505339073	3.57992100995	4.62265593601	4195.21388677
-6307.36880021	1.22933802272	2709.0819469	4.12433099657	5.3520928526	7.19815516784	3857.19335907
-6674.40610483	1.41166739124	4297.12033548	4.92644836021	7.88305090551	10.5710798055	3513.69684263
-7909.59300011	0.717958527284	49.9870740068	2.89947471277	0.245272813855	-1.15911990564	2564.6646333
-7530.84666393	0.921879848743	1368.82828179	3.43666071563	4.60716099997	5.53992514736	2941.47766947
-7116.62807888	0.699178262964	42.3607664907	2.7303109208	0.176941205711	-1.36130020985	3014.81798788
-6834.42748068	0.882065132176	967.438058952	3.25595650794	2.97757545478	3.27081601007	3368.16295877
-6384.33527525	0.716653196355	32.7395257128	2.56015173194	0.1244454296	-1.56880288836	3434.46759944
-6179.49449589	0.83114932122	653.828087337	2.90715624114	1.94160182344	1.68714516518	3796.05946918
-5709.07179036	0.694928491414	26.2270339175	2.35187781516	0.0953980406273	-1.76819942748	3859.00255482
-5558.12778438	0.793022919504	424.445458119	2.6133322252	1.26802423153	0.523899255178	4160.0374831
-5086.92842579	0.69713061407	27.304975938	2.03113630766	0.0991607884429	-1.93692893752	4231.63644
-4969.6574908	0.740557973246	273.682855112	2.21641441248	0.848061981604	-0.326687760442	4533.01363958