U (kJ/mol)	 dU (kJ/mol)	 P (bar)	 dP (bar)	 Z	 Z-1/rho (ml/gm)	 Neff
-1032.10753372	0.714375261283	58.3311985847	0.319435404487	0.749058532958	-2.69779436116	4651.44132072
-1966.19454966	0.916728351597	94.8303631581	0.823381755119	0.608880790001	-2.10240102883	3737.2188438
-2857.11606356	0.957517113198	138.397902273	1.42927681975	0.59241099078	-1.46062126436	3378.11243268
-3787.08127197	0.904077374633	251.477576482	2.0935119187	0.807335651372	-0.517818756999	3290.86078571
-4797.59227254	0.949915598872	594.276238391	2.89041667821	1.52627649759	1.1315672811	3208.07984038
-5316.55797365	1.0445238584	970.062474757	3.37224657049	2.2649148112	2.47249259389	3105.35337386
-5820.24525604	1.16931656783	1590.19218795	3.85900926574	3.40340178104	4.30637196523	3090.93757563
-6283.23310016	1.32206377172	2570.87664846	4.48737410103	5.07905290605	6.74656004594	3003.79990593
-6665.12239803	1.50915156839	4073.24749407	5.17860924504	7.47235702976	9.94033076765	2891.40416261
-7863.21180675	0.755230692669	-69.5847082253	3.15339521067	-0.341433010969	-2.0601904021	2136.88981367
-7497.26297784	0.987576875345	1209.71243198	3.76823884856	4.07161366545	4.71742453091	2469.84857192
-7070.44571686	0.794255344529	-28.3074979031	3.10689353063	-0.118240608577	-1.84951693085	2342.75717851
-6796.26878908	0.942387797067	871.177284442	3.50823429091	2.6813045806	2.78079803567	2639.66069871
-6344.55464358	0.824280597112	-19.3782404934	3.0127367644	-0.0736581673249	-1.92376134048	2511.85014184
-6140.55396262	0.923151663966	593.812963852	3.27781961033	1.76338146942	1.3678131491	2770.75055341
-5672.15456909	0.823860607182	0.446607510119	2.8501726157	0.00162448721913	-1.95149589476	2610.18684874
-5522.12658746	0.904046846026	390.080231795	3.01323056006	1.1653586502	0.32322179671	2889.79420252
-5056.2434597	0.892193923546	10.7969200154	2.49799206352	0.0392101096851	-2.06583119113	2692.10515764
-4938.2753111	0.900166669151	257.994521608	2.66541883363	0.799448489927	-0.431213493308	2934.14313106