U (kJ/mol)	 dU (kJ/mol)	 P (bar)	 dP (bar)	 Z	 Z-1/rho (ml/gm)	 Neff
-1003.45892992	0.552816526681	59.1663255534	0.266878400911	0.759782793682	-2.58250113979	6548.60104827
-1917.46158002	0.711536711431	98.4314611399	0.652590241949	0.632002491859	-1.97811388432	5791.03368432
-2795.3455784	0.718847953217	146.318061166	1.13240066284	0.626313160535	-1.33913067229	5314.66625113
-3714.12476578	0.724106402349	270.511071844	1.71127943706	0.868440182405	-0.353589762212	4881.04409765
-4708.28486705	0.8175486521	634.360635629	2.43491340536	1.62922504151	1.35292089362	4449.6568658
-5216.92417329	0.921275169508	1026.59171449	2.97188543515	2.39690003448	2.73048031305	4192.2246479
-5706.00741829	1.06610044577	1670.38785156	3.44944844216	3.57504019457	4.61391057904	3980.25114371
-6151.51064395	1.20027051646	2682.66554321	4.0290744533	5.2999043075	7.11183778943	3709.54470719
-6512.25346584	1.38948955282	4230.49314617	4.72125905633	7.76082358023	10.3833614772	3476.45788925
-7723.07268368	0.693710535371	54.1667403923	2.83503756111	0.26578128641	-1.12762272466	2714.61606878
-7354.3574796	0.884306605189	1342.57465484	3.36760661181	4.51879733316	5.40421506959	3018.56772341
-6946.32943206	0.723109391665	62.237367372	2.80549576185	0.259965900888	-1.22398130171	3114.57973931
-6669.80922942	0.87014892966	971.089131819	3.21545370372	2.98881270646	3.28940189139	3378.61134217
-6232.02535782	0.697120897939	48.6171296065	2.54312789447	0.184797410715	-1.46066529707	3500.02111544
-6028.8905584	0.841029344154	667.154325469	2.89908340102	1.98117529659	1.75805220065	3719.89366998
-5570.72643318	0.699739947786	48.0524336782	2.34772826193	0.17478560613	-1.61302283691	3808.11793885
-5422.18494669	0.772960350428	442.96387987	2.55587450799	1.32334772967	0.632038505501	3995.44352346
-4963.39959392	0.699548156877	46.1562654252	2.04830020928	0.16762115746	-1.78972967252	4123.79146207
-4847.52268807	0.742197006894	294.762650077	2.24113538922	0.913382013006	-0.186240655787	4250.67595022