U (kJ/mol)	 dU (kJ/mol)	 P (bar)	 dP (bar)	 Z	 Z-1/rho (ml/gm)	 Neff
-1051.39352436	0.897811256226	58.0591316059	0.448656822323	0.745564792096	-2.73535449224	2473.34623285
-2007.0369781	1.51354907455	93.7701919069	1.28132717028	0.602073709573	-2.13899144047	1387.44688093
-2920.64353073	1.75097876473	140.148136219	2.71210208346	0.599902851631	-1.43377370218	859.004891295
-3879.55862904	1.94065272455	261.843341082	4.72942082062	0.840613573931	-0.42837858492	615.96259027
-4930.84289803	3.88073044702	649.310136183	14.6412880561	1.66761976415	1.43547485928	184.807481728
-5454.3445083	5.73093717401	1115.96933234	14.8406361846	2.60558008935	3.13838121324	235.532496249
-5948.03577188	3.70242439129	1858.33494859	17.0553376577	3.97729313583	5.33466014445	168.278606131
-6387.92090175	5.49740784778	3019.94658542	19.1282496763	5.96624053901	8.21392631346	193.635259446
-6730.21762131	8.28887226657	4784.64661664	38.943861318	8.77741601333	11.9446574617	105.111937743
-8057.61802658	7.38983829836	293.667669042	28.2489666759	1.44094642376	0.677211297645	6.40502831255
-7635.36838235	5.73112103663	1762.49711669	17.0738232296	5.93215970663	7.57487552948	87.9093764926
-7248.7619714	5.17092639935	228.090436606	14.1010568794	0.95273528332	-0.0781735997249	76.4937175559
-6955.76018958	4.95684358526	1179.58621145	16.8273469173	3.63052385371	4.35076169397	79.4795699246
-6518.62811726	7.12688226442	108.577768444	16.0479892883	0.412712363565	-1.05229139506	44.7744708678
-6299.38207682	4.47630752565	766.543873025	14.0387043658	2.2763215751	2.28688997944	145.14959902
-5822.10243582	5.2136822539	90.568861428	10.0651932521	0.329434580717	-1.31073493505	95.2679554003
-5665.76540533	3.45583638226	513.818956595	12.8234347588	1.53502617385	1.04580027102	223.444802114
-5183.65039799	2.81105113158	49.4443227282	8.10633927101	0.179562070916	-1.76405505654	271.761196503
-5068.46635569	2.65946122107	310.817283287	7.94675302867	0.963130558812	-0.0792743995048	274.431399204