U (kJ/mol)	 dU (kJ/mol)	 P (bar)	 dP (bar)	 Z	 Z-1/rho (ml/gm)	 Neff
-1076.8970837	1.25949333396	57.1841846696	0.619775358176	0.734329184318	-2.85614504817	1322.50786136
-2052.52565117	2.47561507378	93.830401708	2.00924601623	0.602460300851	-2.13691337864	527.03109922
-2981.33480645	3.2128215576	136.521242005	5.17937659922	0.584377963179	-1.48940813218	170.785713453
-3954.13554669	3.61570599863	262.307295167	8.11449664946	0.842103037439	-0.424375394148	145.767647114
-5032.21248271	5.68761268879	593.116379275	42.5989831944	1.5232976376	1.12516231998	8.61618031386
-5574.61915981	17.3396569782	1110.62408828	45.2915435675	2.59309994221	3.11398662863	18.4568875478
-6039.7783207	7.05107644077	1931.25548584	47.6784123994	4.13336099243	5.61429971516	18.3522830099
-6484.38576328	10.5427575774	3132.36211462	35.2918847393	6.18832992653	8.58125162721	33.4052114607
-6836.30470215	18.4492118738	4879.89105172	105.544736979	8.9521415671	12.2130032575	9.9943206513
-8184.38755462	3.14196780537	400.976271753	17.1381189269	1.96748020195	1.48586877615	1.45790543046
-7756.96288486	11.1019574312	1903.30675771	28.0949967148	6.406092555	8.30274781045	9.82666031402
-7377.95398561	11.9703446548	295.680053389	19.0699265221	1.23505756589	0.38877406571	6.35789739335
-7069.46345071	9.94649382821	1253.3630388	33.8793130558	3.85759376088	4.726324551	11.2511009029
-6640.50268964	14.8465273546	123.056258769	18.976899971	0.467746207497	-0.953682746057	6.68160288879
-6413.45507901	9.18468533375	801.351492114	25.7977993918	2.37968595788	2.4720964163	21.3392920738
-5944.94453676	13.8743224236	96.6184110037	17.0264035527	0.351439172545	-1.2677231924	3.00872612686
-5770.32162861	6.21741706378	520.412483297	32.0589834596	1.55472423274	1.08430350009	30.9852553062
-5284.20791008	4.60116344271	48.1911688688	16.3682374092	0.175011115625	-1.77384024005	42.4578368798
-5160.50716662	5.38094654904	319.666835231	13.2709106177	0.99055269512	-0.0203130125433	49.0352322699