U (kJ/mol)	 dU (kJ/mol)	 P (bar)	 dP (bar)	 Z	 Z-1/rho (ml/gm)	 Neff
-1001.06729083	0.538083240313	59.4938046513	0.259808289845	0.763988107796	-2.53729110401	6624.49232391
-1916.33143878	0.700438202417	98.578584439	0.648946053496	0.63294713182	-1.97303611781	5884.54288134
-2797.48652505	0.709300930031	149.848723087	1.10623688946	0.641426127514	-1.28497238922	5429.00163098
-3724.05153028	0.707421344716	282.799063065	1.67783329652	0.90788916046	-0.247563811242	5002.46422624
-4723.26913514	0.816164501572	682.627812536	2.41432915275	1.75318937486	1.619461361	4532.38322117
-5232.25044271	0.942528211105	1104.30973381	2.99241017961	2.57835710311	3.08516922516	4299.07648052
-5716.10154089	1.0784429309	1796.41625758	3.52899848581	3.84477193187	5.09721104125	3984.69647341
-6149.10273881	1.250215752	2882.6473055	4.21185268624	5.69499053287	7.76529166811	3686.60534924
-6483.96114495	1.45733584294	4549.03069205	4.97565748813	8.34517949617	11.2808229528	3406.3607576
-7744.56949737	0.745840640225	245.262889849	2.88670486674	1.20343749505	0.312441971606	2533.24155983
-7358.67569665	0.947013429299	1580.80827236	3.5234680257	5.3206368671	6.63569073654	2884.59776276
-6971.23357045	0.758810570048	183.850898084	2.88119497434	0.767946434233	-0.38380559198	2987.43634131
-6685.8725059	0.913526344971	1119.20705589	3.30406085556	3.44468922593	4.04340003336	3276.78377299
-6255.05176182	0.713331781746	134.121627458	2.62311608876	0.509806516258	-0.878319843388	3372.36303184
-6048.63294531	0.866916694356	761.805628006	2.95030205725	2.26225092664	2.2616784453	3647.62418332
-5590.97787694	0.697608391858	98.1910846248	2.38104167822	0.357159605228	-1.25654162719	3753.51077469
-5443.51133181	0.785836413127	496.265945515	2.57674119066	1.48258682514	0.943298584622	3972.0066707
-4977.66560138	0.694240314265	76.1516537145	2.08702057869	0.276552451125	-1.55551232031	4048.80571859
-4865.49849792	0.735837160476	325.739892634	2.21936815312	1.00937129847	0.0201495882542	4272.50250009