U (kJ/mol)	 dU (kJ/mol)	 P (bar)	 dP (bar)	 Z	 Z-1/rho (ml/gm)	 Neff
-1040.32829876	0.579184695185	58.2852575309	0.261022450737	0.748468582139	-2.70413674056	6710.30746472
-1984.87988703	0.756961772874	93.9546401592	0.641451663414	0.60325800323	-2.13262545246	5956.3000858
-2885.40729228	0.752120195595	138.572962624	1.11256643938	0.593160335055	-1.45793594126	5486.24647503
-3831.23442014	0.730956222791	260.015771857	1.69367426623	0.834746403541	-0.444147620031	5022.28881296
-4856.69829958	0.826661456991	638.766640341	2.43463934499	1.64054095994	1.37725168382	4531.27118206
-5382.05504155	0.943464988821	1047.70923449	2.99863646982	2.446205502	2.82685629204	4284.10110234
-5884.47733419	1.08230901505	1723.91167335	3.54585660718	3.68959431689	4.8191665894	3946.41890183
-6337.61500073	1.25095813426	2794.35964796	4.25633244065	5.52056844075	7.47680580021	3656.56112101
-6694.68281546	1.46607166213	4442.88341961	5.02096652276	8.15045272875	10.9817590308	3382.45757518
-7954.33755553	0.756615800356	130.814135795	2.94916000747	0.641868959447	-0.550022346557	2531.39420163
-7568.67471607	0.937904089022	1469.0734148	3.50434071917	4.94456304911	6.0581116372	2857.40996562
-7159.37678825	0.762895937655	93.33033587	2.91598947409	0.389841438819	-1.00917332169	2961.38105525
-6873.86563424	0.900333869064	1028.96221915	3.28321609217	3.16693417143	3.58400634653	3253.5017247
-6424.03715635	0.711839847806	63.3820953705	2.65339768125	0.240920169598	-1.36010554989	3364.75589826
-6217.40568388	0.875838180612	688.417822008	2.98820135743	2.04431917868	1.87119226975	3625.81421519
-5743.68536955	0.716217245542	43.8303960717	2.378791202	0.159428394317	-1.64304113707	3731.60371349
-5594.16472816	0.777909126312	440.198954368	2.58321001909	1.31508755756	0.615892584695	3962.12554276
-5116.39845961	0.715585957432	35.26991045	2.09160144167	0.128086255651	-1.87473518113	4051.60923537
-5001.04199437	0.755735573425	282.348692871	2.22723201785	0.87491484215	-0.268950395127	4290.7249025