U (kJ/mol)	 dU (kJ/mol)	 P (bar)	 dP (bar)	 Z	 Z-1/rho (ml/gm)	 Neff
-1014.6917786	0.864530697378	58.628196131	0.403886002752	0.752872419038	-2.65679244751	2940.26316111
-1935.95162396	1.1997058417	96.2030436186	1.14340197276	0.617694409768	-2.05502477425	2020.07194918
-2816.05273943	1.41591081356	143.62226136	2.14660668475	0.614773813421	-1.38048266018	1552.30084232
-3734.13856451	1.55750062607	258.740593772	4.61374335128	0.83065261218	-0.455150392308	1315.61216379
-4730.80514759	1.76638015426	599.311644777	5.23757017321	1.53920890499	1.15937374622	1188.72472264
-5243.45044773	1.85204152413	962.70375359	5.67288120486	2.24773357082	2.43890891757	1080.00417055
-5741.08815847	2.15475898497	1572.76198748	7.12961361336	3.36609687175	4.23952970156	998.369066792
-6198.1720596	3.27430672206	2533.46821241	9.59314427883	5.00514837783	6.62432546139	883.767294387
-6577.94430293	3.14066433821	4008.20931353	11.5158999078	7.35304473502	9.75708938142	828.96574095
-7759.49559343	2.08958320666	-88.0047253688	7.03080356474	-0.431814965221	-2.19900019219	413.875044042
-7398.60281823	2.11776676393	1172.43832876	7.5661445731	3.94615761157	4.52474747885	567.599122995
-6975.62035893	2.13148272499	-34.6849857392	7.62642156221	-0.144879418036	-1.89357625827	383.495422832
-6704.61499982	2.29422357182	853.252094337	8.67246655139	2.62613453061	2.68954938957	647.169351247
-6258.02072	1.48176459223	-6.00320374551	6.80165763884	-0.0228186344432	-1.83266798237	654.139744513
-6057.63420558	1.85248272145	587.020982768	6.1321489371	1.7432120654	1.33167397473	742.490908583
-5593.62191621	1.7347858939	3.41399571209	5.1971705474	0.0124180455429	-1.9303980368	773.577828773
-5447.8519164	1.54001617495	388.388514768	5.89462779295	1.16030467179	0.313342930494	880.602847048
-4988.33567231	1.59895650131	15.7337709756	4.40481828669	0.0571387844713	-2.02728205988	874.955965298
-4870.99097166	1.61445704287	259.829798055	4.35324385425	0.805135467212	-0.418985705341	1007.92322127