U (kJ/mol)	 dU (kJ/mol)	 P (bar)	 dP (bar)	 Z	 Z-1/rho (ml/gm)	 Neff
-1076.86076279	1.27453200972	56.9214031965	0.496641537573	0.73095468303	-2.89242327134	1998.986683
-2040.55839419	1.61124432491	89.8050132529	1.45593094051	0.576614341593	-2.27584434891	1198.48457801
-2952.42687577	1.96141639458	126.061776022	2.46215545393	0.539606311989	-1.64985020566	1007.84132764
-3900.44957438	1.96121383202	227.848497502	6.21166773083	0.731477604159	-0.721700378047	999.657285148
-4934.50674361	1.45105347426	539.14120719	4.586069128	1.38467349064	0.827101225124	1381.66391153
-5470.17726503	1.53530036622	891.623279979	4.89804138141	2.08177393249	2.11451238666	1413.45297119
-5994.08730143	1.59384115702	1483.13592751	5.44405160205	3.17427509419	3.8958269001	1517.73285055
-6480.63729767	1.77014062103	2428.81226107	6.06554433701	4.79838889984	6.28235509096	1494.3897558
-6889.7926761	2.06877707465	3886.06902825	7.38051577383	7.12897884639	9.41296605254	1609.21243156
-8078.3625424	1.36719450258	-235.670269438	5.30252326712	-1.15636914693	-3.31178000211	646.510176203
-7713.83590024	1.47173336415	1037.33965289	5.67010805416	3.49144655767	3.8263962818	1008.69734389
-7263.3528832	1.39978745396	-159.130605444	5.46392648419	-0.664689606099	-2.75331765586	628.49399161
-6989.0833762	1.57074612965	737.636160141	5.93103494527	2.27029245404	2.10100347176	1038.67758657
-6514.94167162	1.76599238022	-96.9613787459	8.46065150848	-0.368557582002	-2.4521567931	612.501435609
-6313.03341644	1.47043494779	494.093021818	5.52894571241	1.46725405453	0.837217387848	905.869075372
-5829.28685879	1.75422607627	-70.3772455489	5.12216523558	-0.255989729957	-2.45504699433	649.076370953
-5675.99670802	1.44113965715	322.523244097	6.61817999662	0.963533195902	-0.0712806129372	882.168757948
-5201.51277312	2.81167141325	-42.7727325012	5.02068956247	-0.155333514606	-2.4841268988	596.712401012
-5078.60342418	1.61725168979	202.865120625	4.25920215483	0.628618830089	-0.798520896539	982.246842651