U (kJ/mol)	 dU (kJ/mol)	 P (bar)	 dP (bar)	 Z	 Z-1/rho (ml/gm)	 Neff
-998.976019897	0.523751592894	59.3234127219	0.254028260974	0.761800024373	-2.56081451443	7144.79974626
-1910.11178475	0.673615038216	99.1207043262	0.617173223906	0.636427940859	-1.95432556533	6452.02172436
-2786.49227357	0.677968450409	147.886877917	1.06974642406	0.633028466699	-1.31506594347	5902.30734981
-3704.8053811	0.688675263886	275.022564587	1.62997790203	0.882923735902	-0.314662707352	5380.9721693
-4697.31661503	0.793766152454	646.523991723	2.34720047655	1.66046412417	1.42008924333	4825.59140957
-5204.69512776	0.893129162111	1044.80882033	2.88931795447	2.4394335763	2.81361940368	4494.35784002
-5690.61700008	1.0434019232	1699.27420382	3.35719328083	3.63686408195	4.72468550543	4217.45522532
-6131.40583146	1.19329443052	2727.65874692	3.99288174808	5.38879338827	7.2588561132	3887.99424816
-6485.96847657	1.3760889509	4298.13153586	4.72400516498	7.88490594876	10.5739288053	3609.62262854
-7705.95974615	0.707449356921	97.2462970488	2.83059528211	0.477160813831	-0.802983275631	2703.39208687
-7333.63023623	0.8688290792	1395.58361543	3.28795619071	4.69721329603	5.67822864408	3066.9572808
-6932.41898669	0.717167937729	88.7909106536	2.76826946424	0.370880229248	-1.04053426303	3174.38190684
-6653.36530943	0.859316675225	1005.22252493	3.17317421725	3.09386827314	3.46315881613	3484.60312976
-6218.2419083	0.687688768477	71.5717471426	2.50467300141	0.272049659439	-1.30432829142	3636.13060023
-6015.49252252	0.827702831014	690.400966374	2.85741052981	2.05020830579	1.88174430151	3893.24542112
-5558.70944626	0.684156596187	61.6755631101	2.29843218228	0.224338287501	-1.51616363611	4014.45231946
-5409.96585368	0.754711573672	459.378575298	2.50723300677	1.372386378	0.727892940703	4226.84651894
-4952.0252248	0.673732579146	55.0910293044	1.98569587223	0.200068658341	-1.71996305646	4411.638726
-4836.54586649	0.722150962516	304.178268746	2.17625855723	0.942558222174	-0.123507769497	4576.6355514