U (kJ/mol)	 dU (kJ/mol)	 P (bar)	 dP (bar)	 Z	 Z-1/rho (ml/gm)	 Neff
-1096.37914638	1.073576864	56.7322926335	0.425045417556	0.728526224773	-2.91853087751	2709.3844004
-2085.13304343	1.77109528827	87.6355238851	1.18644893458	0.562684621658	-2.35072141139	1672.08055682
-3019.36369531	1.80732505575	126.094504442	2.09140271144	0.539746405701	-1.64934817089	1268.22699169
-3996.37291535	1.68781222157	234.270779826	3.61021445095	0.752095496046	-0.666286227868	1111.07336902
-5071.02245954	2.68653730082	607.857953344	7.28778606465	1.56115834376	1.20656807632	730.550658998
-5615.46887929	3.05243676838	1037.76790699	8.03714607633	2.42299435789	2.78148613636	628.996685184
-6136.42306123	2.59521817305	1746.56862747	9.45438223187	3.73808576251	4.90605268711	534.076579881
-6603.32715446	3.7083521547	2866.01289269	12.9506705097	5.66212739927	7.71093760376	491.625473554
-6975.62415588	5.01666193024	4590.31796969	20.9422706531	8.4209208499	11.3971475167	298.314217777
-8280.669973	5.04236971511	139.400726065	19.994334457	0.684000994554	-0.485315414762	61.0831016985
-7875.0306499	3.39954230655	1550.44043822	11.5899866713	5.21842572568	6.47871352573	261.174596621
-7456.42789296	2.85374220324	82.873114257	8.40089975966	0.346161554013	-1.08141777952	271.414586484
-7162.71564566	2.93889301002	1040.38523994	10.1502752585	3.202091881	3.64215553072	318.074160779
-6695.60834973	3.13094551468	25.7899357698	8.77170298521	0.098029509174	-1.61613445816	346.924773469
-6481.38631337	2.63828822361	667.849682844	8.94811215555	1.9832402234	1.76175209927	471.28539926
-5986.55503446	2.56782056478	12.2850424367	5.78228604373	0.0446855325375	-1.8673257082	517.01592542
-5830.41691637	2.4124419237	429.320393437	7.00445787224	1.28258802528	0.552366683868	609.621087618
-5332.54240304	1.85020809747	2.67841506984	4.79115522515	0.00972693587813	-2.12922409386	720.759687189
-5214.67032788	1.87438653894	254.765248267	5.46922442858	0.789441929788	-0.452728982031	735.081885392