U (kJ/mol)	 dU (kJ/mol)	 P (bar)	 dP (bar)	 Z	 Z-1/rho (ml/gm)	 Neff
-1076.55468293	0.765012305508	57.2633108895	0.314004805423	0.735345281563	-2.84522129988	4737.63361054
-2049.19868319	1.1093395359	89.4572541256	0.798563169411	0.574381471813	-2.28784679625	3670.39882198
-2969.61800987	1.06065607297	129.340901021	1.38527172441	0.553642577406	-1.59955035145	3398.29391566
-3934.57507924	0.938966613405	242.074703686	2.05181697583	0.777148966184	-0.598950694035	3309.75152537
-4986.9637647	1.00881689341	616.59494056	2.97362392728	1.58359750149	1.25481536993	3057.2210525
-5526.79038468	1.11622837933	1025.28043827	3.48447642854	2.39383844927	2.7244959205	2947.40140497
-6044.8182503	1.28337793179	1704.77959054	4.18012776595	3.64864696147	4.74579785646	2776.37568985
-6511.09782969	1.45665264709	2791.16711414	4.94257604436	5.51426123491	7.46637398089	2658.10898878
-6879.48457789	1.66519439714	4472.66680151	5.72874880528	8.20509022952	11.0656720207	2485.81591382
-8157.42586269	0.80731934089	101.904518685	3.21515739059	0.500017425283	-0.767879792153	1986.10993315
-7763.84272362	1.04654669756	1462.60599172	3.87626311348	4.92279519133	6.02468027588	2249.51406402
-7343.57384092	0.832916493115	59.7063244322	3.24394015665	0.249393717555	-1.24146719153	2236.7883447
-7053.19935126	1.02160729212	1010.97917225	3.778002447	3.11158605011	3.49246317892	2432.30382412
-6590.183311	0.881598657525	28.3965080878	3.13024537842	0.107937288985	-1.59838187699	2372.20546919
-6382.59080071	1.00024199965	655.635974632	3.33604473209	1.94697050878	1.69676467875	2591.5322469
-5893.63165808	0.893133420103	12.0328850469	2.80836015356	0.0437683369067	-1.86911852412	2539.16896891
-5740.77460144	0.924550489084	414.348661243	2.97953070967	1.23786020726	0.464938504661	2798.05672542
-5251.45217952	0.937379277289	7.52695375349	2.50701006537	0.0273348956785	-2.0913645442	2608.49204022
-5133.64103722	0.957116614454	258.040568043	2.62927679767	0.799591174168	-0.430906702449	2887.01759172