U (kJ/mol)	 dU (kJ/mol)	 P (bar)	 dP (bar)	 Z	 Z-1/rho (ml/gm)	 Neff
-1135.42885462	1.31339653674	55.7173907295	0.434128992434	0.715493389006	-3.05864287756	2431.82952628
-2151.38632286	2.31470966697	82.5207756071	1.27455495421	0.52984416984	-2.52725019832	1405.55024125
-3099.05951669	1.85420576769	113.800621872	2.10097330956	0.487122550609	-1.83792911891	1480.84155418
-4089.20048433	1.45336747189	211.539493194	2.68932332178	0.679119692968	-0.862421319335	1843.50180982
-5179.39923515	1.30886669593	561.258768134	3.93418136561	1.4414779046	0.949238574129	1864.27819771
-5742.08342729	1.45876035365	955.186546277	4.34434471968	2.23018229487	2.40460194337	1873.16755152
-6285.11556736	1.57776030252	1620.60748447	5.13651978498	3.46849798459	4.42301016871	1792.10161839
-6777.94442883	1.7337741087	2691.63994196	6.06143153624	5.3176342309	7.14116224184	1742.61983236
-7175.81765598	2.12327828161	4361.01387875	7.30182376802	8.00026336754	10.7510962412	1579.2052132
-8458.4402329	1.1034036887	-36.1359065152	4.22012422196	-0.177308947329	-1.80812651378	948.883613854
-8063.06502901	1.35864477948	1332.70165948	5.15026392535	4.48556710275	5.35317964614	1328.86074857
-7613.41133406	1.060281876	-50.6230210258	4.36724627516	-0.211452698312	-2.00368530642	1258.45122385
-7321.92859064	1.34731458159	901.702056727	4.94867666114	2.77525355426	2.93618518231	1442.77589635
-6834.97391184	1.37455131384	-63.5834976443	4.69147987703	-0.241685714973	-2.22483006993	1099.94011897
-6624.11828728	1.26853740642	565.018959143	4.24253903447	1.67787506012	1.21460430705	1562.61153585
-6115.2480197	1.61047560097	-57.5566196984	4.29234456799	-0.209356069833	-2.36389352039	1060.2791497
-5957.12483109	1.28432313834	344.137685621	4.01629747464	1.02810600515	0.0549379997474	1650.93195779
-5452.93062086	1.62450818544	-44.0364343582	3.59415211911	-0.15992277602	-2.49399444578	1078.77517902
-5329.94158562	1.47019603029	202.299401851	3.33892210457	0.626865835424	-0.802290077599	1559.23387886