U (kJ/mol)	 dU (kJ/mol)	 P (bar)	 dP (bar)	 Z	 Z-1/rho (ml/gm)	 Neff
-1132.67211245	2.48339013521	55.9107004566	1.01280641621	0.717975770717	-3.03195555696	523.27071125
-2149.93359513	4.27372819799	94.698098834	3.79651174277	0.608031555605	-2.10696595743	135.349229097
-3108.85267903	5.63263773263	128.806426541	7.73939963491	0.551354764144	-1.6077488765	16.3200922612
-4109.65918336	6.2181955328	274.304659002	14.7618541746	0.880618994537	-0.32085709836	25.9831976914
-5204.44665392	7.58648742035	557.779313047	33.3669092312	1.43254163864	0.930024365956	1.82895153576
-5804.63491713	17.1168819982	1095.38879606	59.0284640234	2.55752837862	3.04445591657	2.82013940346
-6229.85902481	10.9961066898	2068.49759163	83.044753614	4.42709280097	6.14060307217	5.44069609588
-6687.74796514	15.8299896578	3347.76430801	55.0992196816	6.61388092951	9.28509280317	11.7877518912
-7062.01617855	15.2636205422	5040.62083432	107.073145743	9.24699974172	12.6658503072	2.32631178231
-8448.64844022	0.917216894856	537.648597852	5.13569276219	2.63809368883	2.51580575986	1.08339718264
-8015.14094233	8.26942539045	2077.76817105	19.6345622146	6.99328952502	9.20457261414	3.39533959265
-7636.51473588	8.26864918103	396.035217096	13.4815585676	1.65424175769	1.08208483795	1.7755845496
-7304.25846455	12.7813553616	1364.43318598	50.0691683944	4.19944483956	5.29173002188	4.15344438105
-6862.54896857	18.8712475744	187.768037422	21.0899572626	0.713720604477	-0.512950257767	4.22888802954
-6637.82662871	14.1993230885	872.882079192	38.6536715398	2.59210252577	2.85270059165	6.44351552729
-6165.08864264	3.05130233151	123.857673356	3.64389012167	0.450519086221	-1.07405453535	1.1222500805
-5971.63996962	9.32847568808	547.341689806	46.5798254166	1.63517482005	1.24155794881	10.646682336
-5478.16160223	4.30992335556	61.3777025617	25.8586137968	0.222899349651	-1.67087391148	12.1093355614
-5346.63409556	9.3975364252	339.898707215	15.44860426	1.05324526473	0.114484685751	13.9235493044