U (kJ/mol)	 dU (kJ/mol)	 P (bar)	 dP (bar)	 Z	 Z-1/rho (ml/gm)	 Neff
-1114.18617809	1.09346834869	56.2391674014	0.389113710658	0.722193770239	-2.98660914426	3070.6886836
-2114.993523	1.81072268607	85.0037530797	1.08125590843	0.545786714345	-2.44155350762	1987.05374528
-3053.95284265	1.5771742646	119.570492497	1.81250037753	0.511820430546	-1.74942268766	1897.64120239
-4035.87924906	1.30039969054	222.7451312	2.53747513483	0.715093918523	-0.765734366646	2092.95891723
-5114.08930072	1.31562567357	584.282067477	3.87564374841	1.50060852167	1.07637758165	1959.70107076
-5668.25027301	1.45251241604	987.430409583	4.34367105189	2.3054656972	2.55175624424	1905.76066555
-6202.15645886	1.58876125873	1663.25028699	5.16038578467	3.55976405365	4.58653906525	1772.65060686
-6684.2696662	1.79316902129	2746.72436148	6.25160130676	5.42645963145	7.321154293	1675.61455009
-7069.93347176	2.19323494571	4431.36435494	7.54565960696	8.12932104844	10.9493047192	1498.40052961
-8355.18820971	1.03008320445	31.4870026706	4.16681142043	0.154498055714	-1.2985329691	1150.86916361
-7959.38476568	1.3736434284	1400.66279467	5.20087153238	4.71430864451	5.70448390437	1345.66823022
-7521.79429847	1.05498406106	-0.918305543819	4.175664663	-0.00383576841485	-1.6602967512	1361.08153594
-7229.98596594	1.35447914069	953.952961846	4.94630351223	2.93607109822	3.20216977278	1481.72821073
-6751.98351909	1.23641418051	-24.8868177754	4.14970765347	-0.0945966889257	-1.96127860585	1350.98544243
-6541.50825983	1.23540345424	606.376048248	4.2352948445	1.80068868831	1.43465955107	1632.66481171
-6039.68945727	1.41560059784	-29.1520592075	3.80707243631	-0.106037508374	-2.16193970045	1371.30093817
-5883.40301674	1.25758945281	375.649101327	3.87972945334	1.12224587147	0.238950488331	1752.2923339
-5383.53535928	1.36020922791	-23.3659898671	3.25115411761	-0.0848559611708	-2.33259040823	1407.09037975
-5262.67619928	1.27781922721	225.8161959	3.2532192442	0.699737404064	-0.645606123115	1784.68582432