U (kJ/mol)	 dU (kJ/mol)	 P (bar)	 dP (bar)	 Z	 Z-1/rho (ml/gm)	 Neff
-1030.34056459	1.16121220202	58.5309781896	0.696770735645	0.751623997433	-2.67021384337	1055.40500433
-1970.54494594	2.3339084434	99.3988626235	2.0862523032	0.638213922038	-1.94472529878	457.090843034
-2875.63390013	3.49226439511	149.22932905	7.62690407895	0.638774816844	-1.29447353046	117.536566204
-3824.59227994	3.56030426693	292.605340431	8.4811530027	0.939370922913	-0.162951130081	137.901568887
-4870.42613299	4.4144515369	635.074958372	46.0926407498	1.6310596328	1.35686551872	4.46817314386
-5395.21513934	20.2459136304	1177.09792097	48.6861056749	2.74830393383	3.41735940633	13.7251497626
-5835.81841121	8.11473718774	2027.30147993	61.0902517514	4.33892300551	5.98262202283	12.4385811971
-6253.52184379	9.24187724388	3255.11665977	35.8556196814	6.43084519059	8.98236037199	29.9663646326
-6576.54024039	18.4608029031	5030.55192366	103.64882475	9.22852836342	12.6374817223	10.4856641456
-7925.21753945	4.2846962115	577.773493724	27.7950564309	2.83497550901	2.81817944008	1.95706016379
-7497.46852149	11.5165120462	2061.63277431	28.6344590016	6.9389814927	9.12116562622	10.4779578174
-7142.8678192	11.102246529	421.057162088	22.2593018596	1.75875858973	1.25495072113	8.39803919519
-6838.08966937	9.43201613159	1382.06683671	32.2057171329	4.2537175913	5.38149457921	10.2887861301
-6431.68854586	12.2931955698	234.632569034	21.0042852473	0.891856256796	-0.193770008669	6.19582451868
-6207.16915065	8.79343221865	906.519533771	24.80484849	2.69199199888	3.03168074803	20.4932580872
-5765.91951061	14.6562320251	178.686623771	13.1070073908	0.649953549747	-0.68422572659	2.34748676492
-5588.7916716	7.04878248137	581.796673324	41.2123316754	1.73810854961	1.4427595489	20.3386781715
-5121.1243831	5.05515626173	102.818481751	17.8101725039	0.373395740765	-1.34728584914	33.2878050058
-4997.06814147	5.10846903562	384.678534659	14.4008581831	1.19200466631	0.412836596754	42.9073123381