U (kJ/mol)	 dU (kJ/mol)	 P (bar)	 dP (bar)	 Z	 Z-1/rho (ml/gm)	 Neff
-1050.73191866	0.606214356886	57.9634449619	0.260422104157	0.744336034606	-2.74856448526	6785.04278844
-2001.69857356	0.790555861005	93.0393240346	0.641307805911	0.597380999426	-2.16421638056	5968.43518947
-2905.49231922	0.776101277859	134.887798633	1.11052021028	0.577386023342	-1.51446419545	5524.195668
-3854.07312736	0.744963470516	251.490773561	1.67571328173	0.807378018856	-0.517704887058	5105.05210069
-4883.76378812	0.814010057765	614.031494679	2.39882803518	1.57701381709	1.24065953761	4670.43039167
-5412.65807281	0.914267312433	1011.77869481	2.93061908522	2.36231439847	2.66287676526	4391.15574923
-5920.64164116	1.07200439474	1670.85612697	3.47465988231	3.57604241895	4.61570634661	4055.72236012
-6382.35002269	1.24293908503	2715.50300969	4.21204535155	5.36477837669	7.21913642303	3729.61716279
-6751.98118516	1.44390996667	4322.21698868	4.99767571439	7.92909062033	10.641788203	3413.51271453
-7997.39995007	0.750391585146	45.3205813443	2.95352665954	0.222375618752	-1.19428571803	2413.87871401
-7616.03807966	0.958273208878	1373.4687316	3.57001131943	4.62277968616	5.56391253035	2819.93559307
-7196.01968659	0.735472792341	35.0509096562	2.89628303118	0.146407884692	-1.41180087469	2861.78868959
-6912.94498923	0.89841995021	962.727631697	3.31130855023	2.96307772808	3.24683745771	3230.61167728
-6456.84089641	0.73169067658	22.6349818055	2.63949540056	0.0860372889784	-1.63762190203	3204.80885253
-6250.67481362	0.848396194983	645.097976132	2.97722571026	1.91567696618	1.64069347351	3636.51363358
-5774.28900426	0.724629846464	15.6028857964	2.40286841501	0.0567538341465	-1.84373614621	3554.45738382
-5623.24656677	0.806365283907	412.18740821	2.65046488143	1.23140349731	0.452317759442	3933.23169406
-5145.20929914	0.732145685837	17.9446852	2.12170126922	0.0651679436317	-2.01001825683	3910.97799206
-5027.70596725	0.767151805539	262.548321993	2.26072790942	0.813559366462	-0.400873156492	4312.82529072