-654.141344686	-0.0	52.9397896486	0.0	0.620474235198	0.037931492301	1001.0
-1255.83708908	-0.0	55.0709064233	0.0	0.322722778659	0.031454190441	1001.0
-1818.1973087	-0.0	26.9765222803	0.0	0.105386626258	-0.0887850124023	1001.0
-2396.73713492	-0.0	-1.75512250889	-0.0	-0.00514257405307	-0.150775432421	1001.0
-3006.58518	-0.0	60.1965113011	0.0	0.141099606512	0.0245956335987	1001.0
-3312.02819995	-0.0	182.130475601	0.0	0.388110951497	0.282195448949	1001.0
-3605.46384959	-0.0	412.131431141	0.0	0.805015526875	0.707929936683	1001.0
-3873.36421307	-0.0	798.524230348	0.0	1.43984996448	1.3502278066	1001.0
-4100.0034989	-0.0	1407.64906487	0.0	2.35678697765	2.27356995204	1001.0
-4765.45409534	-0.0	-834.300457873	-0.0	-3.67054327946	-3.75376030508	1001.0
-4557.22811534	-0.0	-127.301009203	-0.0	-0.386544741854	-0.469761767468	1001.0
-4315.85303367	-0.0	-663.845073579	-0.0	-2.47656157478	-2.56618373265	1001.0
-4161.00335054	-0.0	-149.186865173	-0.0	-0.41279480441	-0.502416962288	1001.0
-3898.17382733	-0.0	-524.129190971	-0.0	-1.78048788593	-1.87757347612	1001.0
-3786.81550025	-0.0	-167.907621386	-0.0	-0.449108054349	-0.54619364454	1001.0
-3508.14128451	-0.0	-408.26110927	-0.0	-1.32709430339	-1.43300980594	1001.0
-3426.30700857	-0.0	-167.82759683	-0.0	-0.451587524036	-0.557503026584	1001.0
-3142.99104652	-0.0	-309.223005917	-0.0	-1.00358793263	-1.12009190554	1001.0
-3081.67296091	-0.0	-150.321090744	-0.0	-0.420159111848	-0.536663084761	1001.0
