-737.152700235	-0.0	43.5638486433	0.0	0.510584682119	-0.0719580607773	1001.0
-1416.8141509	-0.0	18.9648960763	0.0	0.111136793567	-0.180131794651	1001.0
-2053.95397429	-0.0	-51.7022122763	-0.0	-0.201980139074	-0.396151777734	1001.0
-2712.96945815	-0.0	-140.750758036	-0.0	-0.412404941855	-0.558037800223	1001.0
-3415.88582289	-0.0	-159.823219245	-0.0	-0.374622928463	-0.491126901376	1001.0
-3773.38999419	-0.0	-86.3571872025	-0.0	-0.184022854952	-0.2899383575	1001.0
-4122.47101208	-0.0	90.3748338636	0.0	0.176528988089	0.0794433978974	1001.0
-4449.1441945	-0.0	419.745121938	0.0	0.756858684989	0.667236527111	1001.0
-4737.41397945	-0.0	969.447782873	0.0	1.62311897703	1.53990195141	1001.0
-5401.15448832	-0.0	-1319.53935162	-0.0	-5.80537413515	-5.88859116076	1001.0
-5194.47180068	-0.0	-598.05226849	-0.0	-1.81596329193	-1.89918031754	1001.0
-4889.36343702	-0.0	-1071.42549902	-0.0	-3.99709409125	-4.08671624913	1001.0
-4735.86302619	-0.0	-546.806249876	-0.0	-1.5129936453	-1.60261580317	1001.0
-4413.63969431	-0.0	-863.465611089	-0.0	-2.93322731674	-3.03031290694	1001.0
-4303.07058515	-0.0	-500.595808862	-0.0	-1.33896012508	-1.43604571527	1001.0
-3969.31315867	-0.0	-687.69680678	-0.0	-2.23542848932	-2.34134399186	1001.0
-3887.39240507	-0.0	-442.665066213	-0.0	-1.19111531717	-1.29703081972	1001.0
-3553.64412512	-0.0	-536.408376473	-0.0	-1.74092148155	-1.85742545446	1001.0
-3491.45761523	-0.0	-374.242706096	-0.0	-1.04603740055	-1.16254137346	1001.0
