-818.121671306	-0.0	66.6687699857	0.0	0.781383045589	0.198840302692	1001.0
-1563.97326997	-0.0	115.031463425	0.0	0.674099554935	0.382830966717	1001.0
-2253.1388622	-0.0	175.390523662	0.0	0.685181558036	0.491009919375	1001.0
-2947.42924033	-0.0	308.233638586	0.0	0.903135994235	0.757503135868	1001.0
-3645.12152295	-0.0	688.110164967	0.0	1.61291861297	1.49641464006	1001.0
-3971.96366356	-0.0	1072.7015914	0.0	2.28587354168	2.17995803913	1001.0
-4262.6002637	-0.0	1669.22735182	0.0	3.26049855596	3.16341296577	1001.0
-4494.88590451	-0.0	2559.27927018	0.0	4.61473556622	4.52511340834	1001.0
-4641.9937093	-0.0	3855.05591664	0.0	6.45441098152	6.37119395591	1001.0
-5831.64247229	-0.0	353.560487135	0.0	1.55550564271	1.4722886171	1001.0
-5455.20774423	-0.0	1470.56718161	0.0	4.4653221145	4.38210508888	1001.0
-5290.63580556	-0.0	302.670713425	0.0	1.12915300348	1.0395308456	1001.0
-5009.85953498	-0.0	1103.3932854	0.0	3.05305038017	2.96342822229	1001.0
-4789.1610578	-0.0	247.421157095	0.0	0.840499595365	0.743414005174	1001.0
-4587.99530215	-0.0	791.102445385	0.0	2.11598780987	2.01890221968	1001.0
-4321.25900461	-0.0	194.550395358	0.0	0.63240586855	0.526490366001	1001.0
-4176.19212285	-0.0	553.009194206	0.0	1.48802734173	1.38211183919	1001.0
-3881.91490984	-0.0	153.436258067	0.0	0.497979691283	0.38147571837	1001.0
-3776.55038686	-0.0	383.693426274	0.0	1.07245289671	0.9559489238	1001.0
