-746.478719877	-0.0	82.8341003002	0.0	0.97084679356	0.388304050664	1001.0
-1422.57436066	-0.0	179.058103233	0.0	1.049304113	0.758035524784	1001.0
-2041.96586428	-0.0	319.355624513	0.0	1.2475963912	1.05342475254	1001.0
-2655.98195327	-0.0	574.531078139	0.0	1.68339736979	1.53776451142	1001.0
-3249.31859089	-0.0	1143.99159193	0.0	2.68149698354	2.56499301063	1001.0
-3510.84130859	-0.0	1660.13438133	0.0	3.53766349221	3.43174798966	1001.0
-3725.23497106	-0.0	2420.73105425	0.0	4.72840928357	4.63132369337	1001.0
-3868.81696665	-0.0	3514.2794511	0.0	6.33673337707	6.24711121919	1001.0
-3912.34763367	-0.0	5062.6201795	0.0	8.47620163973	8.39298461412	1001.0
-5235.54432886	-0.0	1309.67001197	0.0	5.76195352092	5.6787364953	1001.0
-4814.90554927	-0.0	2509.64891864	0.0	7.62045485319	7.53723782757	1001.0
-4756.08240892	-0.0	1097.94282366	0.0	4.09602046712	4.00639830924	1001.0
-4441.95028549	-0.0	1956.75522335	0.0	5.41427282334	5.32465066546	1001.0
-4312.42976682	-0.0	901.240431476	0.0	3.06154989684	2.96446430665	1001.0
-4087.71044311	-0.0	1482.82447658	0.0	3.96615954724	3.86907395705	1001.0
-3898.74171771	-0.0	724.808882729	0.0	2.35606507081	2.25014956826	1001.0
-3737.96275248	-0.0	1106.57142244	0.0	2.97754277763	2.87162727508	1001.0
-3509.4067029	-0.0	577.676165673	0.0	1.87485671423	1.75835274131	1001.0
-3394.19465463	-0.0	821.365456951	0.0	2.29578018086	2.17927620795	1001.0
