-769.873386166	-0.0	49.1746858565	0.0	0.57634580342	-0.00619693947661	1001.0
-1477.42210827	-0.0	42.6181631393	0.0	0.249748059782	-0.0415205284364	1001.0
-2138.00266683	-0.0	4.96397311186	0.0	0.0193922839149	-0.174779354746	1001.0
-2816.26694835	-0.0	-26.8499552533	-0.0	-0.0786713648263	-0.224304223194	1001.0
-3528.16431704	-0.0	60.0726982756	0.0	0.14080939087	0.0243054179564	1001.0
-3882.68736919	-0.0	217.859228111	0.0	0.464247139506	0.358331636958	1001.0
-4221.17392473	-0.0	509.729545806	0.0	0.995653735374	0.898568145183	1001.0
-4527.23284891	-0.0	994.471694316	0.0	1.79317042529	1.70354826741	1001.0
-4781.7125416	-0.0	1752.77519282	0.0	2.93462188288	2.85140485727	1001.0
-5597.02377363	-0.0	-891.411309489	-0.0	-3.92180510079	-4.00502212641	1001.0
-5341.52898646	-0.0	-54.1548368116	-0.0	-0.16443913168	-0.247656157294	1001.0
-5069.79321838	-0.0	-720.830236244	-0.0	-2.68915223757	-2.77877439545	1001.0
-4879.71636359	-0.0	-115.412167243	-0.0	-0.31934140414	-0.408963562019	1001.0
-4580.0969491	-0.0	-581.134841133	-0.0	-1.97413836617	-2.07122395637	1001.0
-4443.47294648	-0.0	-165.338309119	-0.0	-0.442235830065	-0.539321420257	1001.0
-4122.84835173	-0.0	-464.594826351	-0.0	-1.51021278647	-1.61612828902	1001.0
-4022.69552195	-0.0	-186.312779187	-0.0	-0.501327125207	-0.607242627755	1001.0
-3694.65398487	-0.0	-362.940308308	-0.0	-1.17792824826	-1.29443222118	1001.0
-3619.90955432	-0.0	-180.75738642	-0.0	-0.505230919777	-0.62173489269	1001.0
