-728.93027292	-0.0	63.7878878738	0.0	0.74761802429	0.165075281393	1001.0
-1394.9714293	-0.0	101.088835575	0.0	0.592393915901	0.301125327683	1001.0
-2012.19132615	-0.0	137.876445649	0.0	0.53862886018	0.344457221519	1001.0
-2637.37649334	-0.0	222.760351621	0.0	0.652696093003	0.507063234636	1001.0
-3273.63577066	-0.0	497.689444068	0.0	1.16657565705	1.05007168413	1001.0
-3577.25613671	-0.0	790.388118392	0.0	1.68427762388	1.57836212133	1001.0
-3853.38439706	-0.0	1254.64655224	0.0	2.45069868244	2.35361309225	1001.0
-4083.4650912	-0.0	1958.39902309	0.0	3.53126512217	3.44164296429	1001.0
-4245.20641822	-0.0	2995.04250368	0.0	5.01451487187	4.93129784626	1001.0
-5224.76605407	-0.0	12.7191103327	0.0	0.0559583115554	-0.0272587140587	1001.0
-4915.4669419	-0.0	960.956482852	0.0	2.91790833333	2.83469130772	1001.0
-4737.94819458	-0.0	28.9263696743	0.0	0.107913636004	0.0182914781256	1001.0
-4507.37737177	-0.0	711.938950821	0.0	1.96991001598	1.8802878581	1001.0
-4286.44070232	-0.0	32.8220052933	0.0	0.111497668558	0.0144120783669	1001.0
-4121.12872583	-0.0	499.333310719	0.0	1.33558327965	1.23849768946	1001.0
-3865.07176988	-0.0	30.9051722097	0.0	0.100460408924	-0.00545509362459	1001.0
-3745.42961749	-0.0	340.661603948	0.0	0.916646208174	0.810730705625	1001.0
-3469.72370798	-0.0	31.4110331878	0.0	0.10194498228	-0.0145589906332	1001.0
-3382.29653766	-0.0	232.088010422	0.0	0.648703996539	0.532200023626	1001.0
