-729.854158649	-0.0	43.9772906911	0.0	0.515430378336	-0.0671123645607	1001.0
-1402.78628802	-0.0	20.4666755362	0.0	0.119937419373	-0.171331168845	1001.0
-2033.61779633	-0.0	-48.6558862744	-0.0	-0.190079345617	-0.384250984278	1001.0
-2686.1083744	-0.0	-135.978051445	-0.0	-0.39842073451	-0.544053592878	1001.0
-3382.06517118	-0.0	-154.016808834	-0.0	-0.361012800459	-0.477516773372	1001.0
-3736.02969722	-0.0	-80.8558858461	-0.0	-0.172299856388	-0.278215358936	1001.0
-4081.65446741	-0.0	94.5488913118	0.0	0.184682166425	0.0875965762332	1001.0
-4405.09326188	-0.0	421.080204877	0.0	0.759266024742	0.669643866863	1001.0
-4690.50889054	-0.0	965.76290015	0.0	1.6169494822	1.53373245659	1001.0
-5347.67771121	-0.0	-1304.22414836	-0.0	-5.73799419322	-5.82121121883	1001.0
-5143.04138681	-0.0	-588.870259957	-0.0	-1.78808246725	-1.87129949287	1001.0
-4840.95389804	-0.0	-1058.1633544	-0.0	-3.94761791213	-4.03724007001	1001.0
-4688.97329325	-0.0	-537.814041082	-0.0	-1.4881125201	-1.57773467797	1001.0
-4369.94029139	-0.0	-852.001853398	-0.0	-2.89428447202	-2.99137006221	1001.0
-4260.46592589	-0.0	-491.937740517	-0.0	-1.31580210404	-1.41288769423	1001.0
-3930.01302838	-0.0	-677.842033035	-0.0	-2.20339454388	-2.30931004642	1001.0
-3848.90337135	-0.0	-434.602648378	-0.0	-1.16942110611	-1.27533660866	1001.0
-3518.45952982	-0.0	-528.046734121	-0.0	-1.7137836451	-1.83028761801	1001.0
-3456.88872795	-0.0	-366.995037506	-0.0	-1.0257796045	-1.14228357741	1001.0
