-665.230401638	-0.0	54.087844445	0.0	0.633929868975	0.0513871260779	1001.0
-1276.60745278	-0.0	60.0198176778	0.0	0.351724051656	0.0604554634379	1001.0
-1847.4003626	-0.0	39.082209726	0.0	0.152678769596	-0.0414928690644	1001.0
-2433.47338256	-0.0	23.188839712	0.0	0.0679441604899	-0.0776886978779	1001.0
-3048.6080021	-0.0	109.895236876	0.0	0.25759258046	0.141088607547	1001.0
-3354.94345494	-0.0	252.032143679	0.0	0.537067916661	0.431152414112	1001.0
-3647.42212914	-0.0	510.031985268	0.0	0.996244489789	0.899158899598	1001.0
-3911.88081119	-0.0	934.681745416	0.0	1.68536085292	1.59573869504	1001.0
-4131.77103109	-0.0	1595.7168636	0.0	2.6716635687	2.58844654309	1001.0
-4836.26326071	-0.0	-739.353981119	-0.0	-3.25282188321	-3.33603890882	1001.0
-4615.49592034	-0.0	-2.03060358131	-0.0	-0.00616585164608	-0.0893828772602	1001.0
-4380.69511102	-0.0	-586.419179776	-0.0	-2.18771406936	-2.27733622724	1001.0
-4216.45394524	-0.0	-50.6018169603	-0.0	-0.140013446296	-0.229635604174	1001.0
-3957.5594997	-0.0	-462.133650874	-0.0	-1.56988654941	-1.6669721396	1001.0
-3839.50574987	-0.0	-92.0479824823	-0.0	-0.246203775493	-0.343289365685	1001.0
-3562.46119713	-0.0	-359.631502561	-0.0	-1.16901881549	-1.27493431804	1001.0
-3475.92137333	-0.0	-110.474654922	-0.0	-0.297263244111	-0.403178746659	1001.0
-3192.46800634	-0.0	-271.728567226	-0.0	-0.881899165975	-0.998403138888	1001.0
-3127.88301296	-0.0	-107.559241661	-0.0	-0.300636425826	-0.417140398739	1001.0
