-727.207054766	-0.0	71.3432034701	0.0	0.836169163185	0.253626420289	1001.0
-1389.37993134	-0.0	131.802265422	0.0	0.772378667669	0.481110079451	1001.0
-2000.27414847	-0.0	208.856248166	0.0	0.81591893642	0.62174729776	1001.0
-2613.92416049	-0.0	359.06397083	0.0	1.05207075314	0.906437894772	1001.0
-3226.34011479	-0.0	744.767623946	0.0	1.74572274057	1.62921876766	1001.0
-3510.29161497	-0.0	1120.27274315	0.0	2.38724529131	2.28132978876	1001.0
-3759.5377149	-0.0	1693.30822087	0.0	3.30753567086	3.21045008067	1001.0
-3953.77154045	-0.0	2538.90710216	0.0	4.57800172109	4.48837956321	1001.0
-4068.29484149	-0.0	3760.29440612	0.0	6.29575446724	6.21253744163	1001.0
-5168.30236546	-0.0	512.679866893	0.0	2.25555868055	2.17234165493	1001.0
-4819.88396142	-0.0	1547.66341744	0.0	4.6994219442	4.61620491859	1001.0
-4689.95224118	-0.0	441.742915407	0.0	1.64798018961	1.55835803173	1001.0
-4430.00398033	-0.0	1185.34815093	0.0	3.27981660822	3.19019445034	1001.0
-4246.69431457	-0.0	368.955189219	0.0	1.25335557754	1.15626998735	1001.0
-4060.51275734	-0.0	875.116304735	0.0	2.34070245117	2.24361686098	1001.0
-3833.15866599	-0.0	300.275707835	0.0	0.976076761338	0.870161258789	1001.0
-3699.125282	-0.0	634.801265285	0.0	1.70811199743	1.60219649488	1001.0
-3444.70235982	-0.0	244.151497374	0.0	0.792397369568	0.675893396654	1001.0
-3347.63172961	-0.0	459.575135492	0.0	1.28454816154	1.16804418863	1001.0
