-750.775861515	-0.0	48.1561285611	0.0	0.564407929034	-0.0181348138629	1001.0
-1441.35847724	-0.0	37.9975166917	0.0	0.22267046187	-0.068598126348	1001.0
-2086.7946384	-0.0	-6.85305148404	-0.0	-0.0267721675898	-0.220943806251	1001.0
-2750.8005753	-0.0	-52.4326281088	-0.0	-0.15362954522	-0.299262403588	1001.0
-3450.73980886	-0.0	6.06514343134	0.0	0.0142165938375	-0.102287379076	1001.0
-3801.30509312	-0.0	139.711508959	0.0	0.29771825115	0.191802748602	1001.0
-4138.08919101	-0.0	397.384821313	0.0	0.776211002436	0.679125412244	1001.0
-4445.56574454	-0.0	834.560190685	0.0	1.50482780014	1.41520564227	1001.0
-4705.68583397	-0.0	1527.36347035	0.0	2.55722141753	2.47400439192	1001.0
-5469.44163215	-0.0	-991.127233597	-0.0	-4.36050990029	-4.44372692591	1001.0
-5230.45499601	-0.0	-194.757950495	-0.0	-0.591375215082	-0.674592240696	1001.0
-4953.42223182	-0.0	-801.511554915	-0.0	-2.99014453469	-3.07976669256	1001.0
-4775.69702732	-0.0	-224.615480474	-0.0	-0.621503127789	-0.711125285667	1001.0
-4474.04041546	-0.0	-645.044422649	-0.0	-2.19124177817	-2.28832736836	1001.0
-4346.23142643	-0.0	-247.942817977	-0.0	-0.663180835105	-0.760266425296	1001.0
-4026.38942882	-0.0	-514.018539502	-0.0	-1.67086959821	-1.77678510076	1001.0
-3932.46599847	-0.0	-247.521545857	-0.0	-0.666026590087	-0.771942092635	1001.0
-3607.29654203	-0.0	-400.42103536	-0.0	-1.29957251359	-1.4160764865	1001.0
-3536.92010287	-0.0	-225.380270954	-0.0	-0.62995534428	-0.746459317193	1001.0
