-795.376407744	-0.0	45.9482849823	0.0	0.538531172343	-0.044011570554	1001.0
-1526.98373331	-0.0	30.1174906617	0.0	0.176492469506	-0.114776118712	1001.0
-2210.76263672	-0.0	-22.4667009137	-0.0	-0.0877685339813	-0.281940172642	1001.0
-2914.21447086	-0.0	-75.822246078	-0.0	-0.222161993451	-0.367794851819	1001.0
-3655.73425295	-0.0	-18.9185648163	-0.0	-0.0443447966276	-0.160848769541	1001.0
-4027.12519766	-0.0	120.133524354	0.0	0.255998543298	0.150083040749	1001.0
-4383.91627166	-0.0	390.5786937	0.0	0.762916606541	0.665831016349	1001.0
-4709.65875907	-0.0	851.19217238	0.0	1.53481757045	1.44519541257	1001.0
-4985.23152708	-0.0	1582.61627288	0.0	2.64972962055	2.56651259494	1001.0
-5794.35895683	-0.0	-1063.50882239	-0.0	-4.67895603298	-4.7621730586	1001.0
-5541.17509479	-0.0	-225.891923398	-0.0	-0.685912356572	-0.769129382186	1001.0
-5247.68493867	-0.0	-865.049930916	-0.0	-3.22718282388	-3.31680498175	1001.0
-5059.40180122	-0.0	-259.428687536	-0.0	-0.717830046271	-0.807452204149	1001.0
-4739.82499459	-0.0	-700.851452655	-0.0	-2.38082049766	-2.47790608785	1001.0
-4604.42339235	-0.0	-284.88213948	-0.0	-0.761983656992	-0.859069247184	1001.0
-4265.58088003	-0.0	-562.829661147	-0.0	-1.8295351189	-1.93545062145	1001.0
-4166.07783996	-0.0	-284.303368485	-0.0	-0.764998466726	-0.870913969274	1001.0
-3821.59138611	-0.0	-442.512433564	-0.0	-1.43618078172	-1.55268475463	1001.0
-3747.03416838	-0.0	-260.022969512	-0.0	-0.726784374633	-0.843288347546	1001.0
