-788.242491341	-0.0	40.6697543086	0.0	0.476664808603	-0.105877934294	1001.0
-1515.00919107	-0.0	8.45243985671	0.0	0.0495324129231	-0.241736175295	1001.0
-2196.30722004	-0.0	-73.0264942896	-0.0	-0.285285693267	-0.479457331927	1001.0
-2900.99704436	-0.0	-174.159704177	-0.0	-0.510294393271	-0.655927251638	1001.0
-3652.63038487	-0.0	-200.468092122	-0.0	-0.469893824495	-0.586397797408	1001.0
-4034.91207299	-0.0	-124.866296697	-0.0	-0.266083844899	-0.371999347447	1001.0
-4408.1868248	-0.0	61.1564317263	0.0	0.119456739739	0.0223711495472	1001.0
-4757.50072284	-0.0	410.399541361	0.0	0.740007306721	0.650385148843	1001.0
-5065.74960179	-0.0	995.241961938	0.0	1.66630544078	1.58308841517	1001.0
-5775.4919281	-0.0	-1426.74577445	-0.0	-6.27703372868	-6.36025075429	1001.0
-5554.48469776	-0.0	-662.326328224	-0.0	-2.01112906463	-2.09434609025	1001.0
-5228.23020988	-0.0	-1164.26051137	-0.0	-4.3434273451	-4.43304950298	1001.0
-5064.09115671	-0.0	-609.751711441	-0.0	-1.6871615217	-1.77678367958	1001.0
-4719.5355147	-0.0	-943.711914931	-0.0	-3.20582722979	-3.30291281998	1001.0
-4601.30319996	-0.0	-561.202287278	-0.0	-1.50106627236	-1.59815186256	1001.0
-4244.41407065	-0.0	-756.680223	-0.0	-2.45966610739	-2.56558160993	1001.0
-4156.81564106	-0.0	-499.101991052	-0.0	-1.3429747946	-1.44889029715	1001.0
-3799.9362922	-0.0	-594.939872937	-0.0	-1.93088633671	-2.04739030962	1001.0
-3733.43982618	-0.0	-424.976386222	-0.0	-1.18784197286	-1.30434594577	1001.0
