-773.645408168	-0.0	41.4966384042	0.0	0.486356201036	-0.0961865418605	1001.0
-1486.95346531	-0.0	11.4559987766	0.0	0.0671336645356	-0.224134923683	1001.0
-2155.63486411	-0.0	-66.9338422858	-0.0	-0.261484106354	-0.455655745015	1001.0
-2847.27487687	-0.0	-164.614290994	-0.0	-0.48232597858	-0.627958836948	1001.0
-3584.98908145	-0.0	-188.8552713	-0.0	-0.442673568486	-0.559177541399	1001.0
-3960.19147905	-0.0	-113.863693985	-0.0	-0.242637847771	-0.34855335032	1001.0
-4326.55373545	-0.0	69.5045466226	0.0	0.13576309641	0.0386775062187	1001.0
-4669.3988576	-0.0	413.06970724	0.0	0.744821986226	0.655199828348	1001.0
-4971.93942398	-0.0	987.872196491	0.0	1.65396645114	1.57074942552	1001.0
-5668.53837388	-0.0	-1396.11536793	-0.0	-6.14227384481	-6.22549087043	1001.0
-5451.62387002	-0.0	-643.962311157	-0.0	-1.95536741529	-2.0385844409	1001.0
-5131.41113192	-0.0	-1137.73622213	-0.0	-4.24447498686	-4.33409714474	1001.0
-4970.31169085	-0.0	-591.767293851	-0.0	-1.6373992713	-1.72702142918	1001.0
-4632.13670888	-0.0	-920.784399548	-0.0	-3.12794154034	-3.22502713054	1001.0
-4516.09388144	-0.0	-543.886150588	-0.0	-1.45475023028	-1.55183582047	1001.0
-4165.81381009	-0.0	-736.970675509	-0.0	-2.39559821651	-2.50151371906	1001.0
-4079.83757363	-0.0	-482.977155384	-0.0	-1.29958637248	-1.40550187502	1001.0
-3729.56710161	-0.0	-578.216588233	-0.0	-1.8766106638	-1.99311463672	1001.0
-3664.30205162	-0.0	-410.481049043	-0.0	-1.14732638077	-1.26383035368	1001.0
