-724.253528328	-0.0	47.6848130477	0.0	0.558883934045	-0.0236588088521	1001.0
-1390.98558725	-0.0	35.420186609	0.0	0.207566967488	-0.0837016207303	1001.0
-2014.77777059	-0.0	-14.3778792733	-0.0	-0.0561687000874	-0.250340338748	1001.0
-2657.7178455	-0.0	-70.8644460962	-0.0	-0.207635455607	-0.353268313975	1001.0
-3338.24196943	-0.0	-37.862934481	-0.0	-0.0887500793846	-0.205254052298	1001.0
-3680.92877822	-0.0	72.7403260435	0.0	0.15500600358	0.0490905010314	1001.0
-4012.0517203	-0.0	296.719006665	0.0	0.579580661497	0.482495071306	1001.0
-4317.05977433	-0.0	685.859733617	0.0	1.23670024723	1.14707808935	1001.0
-4579.12631125	-0.0	1311.21343914	0.0	2.19532753965	2.11211051404	1001.0
-5286.71309714	-0.0	-1066.83404335	-0.0	-4.69358549568	-4.77680252129	1001.0
-5065.64384709	-0.0	-316.093531117	-0.0	-0.959806156697	-1.04302318231	1001.0
-4787.18323686	-0.0	-861.743992242	-0.0	-3.21484958377	-3.30447174165	1001.0
-4622.85079883	-0.0	-316.667611174	-0.0	-0.87620813311	-0.965830290988	1001.0
-4323.02870532	-0.0	-691.629652647	-0.0	-2.34949367312	-2.44657926332	1001.0
-4204.78961516	-0.0	-315.392619204	-0.0	-0.84359104368	-0.940676633871	1001.0
-3889.56609696	-0.0	-548.882036577	-0.0	-1.78419694514	-1.89011244768	1001.0
-3802.44955004	-0.0	-295.565643514	-0.0	-0.795302796833	-0.901218299382	1001.0
-3483.86195999	-0.0	-425.816217494	-0.0	-1.38199296048	-1.49849693339	1001.0
-3418.3136377	-0.0	-258.795961304	-0.0	-0.72335479149	-0.839858764403	1001.0
