-827.778243191	-0.0	69.4100354274	0.0	0.81351170703	0.230968964134	1001.0
-1581.52821971	-0.0	126.430450216	0.0	0.740899121708	0.44963053349	1001.0
-2276.90780731	-0.0	202.33958801	0.0	0.790460916989	0.596289278328	1001.0
-2975.42431035	-0.0	361.521712539	0.0	1.05927202751	0.913639169143	1001.0
-3672.53608812	-0.0	788.766178114	0.0	1.84885460895	1.73235063604	1001.0
-3995.75747661	-0.0	1210.30444968	0.0	2.57909836351	2.47318286096	1001.0
-4279.47378185	-0.0	1856.68690812	0.0	3.62666294449	3.5295773543	1001.0
-4500.56973221	-0.0	2813.33414304	0.0	5.07283174634	4.98320958847	1001.0
-4630.93136212	-0.0	4197.73331164	0.0	7.0281460425	6.94492901689	1001.0
-5883.06758621	-0.0	552.147823895	0.0	2.42919977466	2.34598274905	1001.0
-5486.46365821	-0.0	1716.15625481	0.0	5.21104412797	5.12782710236	1001.0
-5338.56265751	-0.0	465.764122846	0.0	1.73759447115	1.64797231327	1001.0
-5042.66410527	-0.0	1299.29748139	0.0	3.59511039446	3.50548823658	1001.0
-4834.00310275	-0.0	379.269620653	0.0	1.28839411486	1.19130852467	1001.0
-4622.07303229	-0.0	944.437727496	0.0	2.52611874761	2.42903315741	1001.0
-4363.27635384	-0.0	299.257886154	0.0	0.972768228331	0.866852725783	1001.0
-4210.70643802	-0.0	671.196027978	0.0	1.80604238005	1.7001268775	1001.0
-3921.09736703	-0.0	235.30513516	0.0	0.763686367486	0.647182394573	1001.0
-3810.6020752	-0.0	473.654317222	0.0	1.32390056686	1.20739659395	1001.0
