-657.755902743	-0.0	54.4387843441	0.0	0.638043016514	0.0555002736176	1001.0
-1262.26354881	-0.0	61.2627930019	0.0	0.359008051076	0.0677394628575	1001.0
-1826.64305515	-0.0	41.519226627	0.0	0.162199232859	-0.0319724058014	1001.0
-2406.130985	-0.0	26.7630393524	0.0	0.0784166980125	-0.0672161603553	1001.0
-3014.35397961	-0.0	113.453989633	0.0	0.265934236859	0.149430263946	1001.0
-3317.24746106	-0.0	254.47306622	0.0	0.542269400743	0.436353898195	1001.0
-3606.43985802	-0.0	510.053588086	0.0	0.996286686533	0.899201096342	1001.0
-3867.92709421	-0.0	930.41103478	0.0	1.67766016918	1.5880380113	1001.0
-4085.34663748	-0.0	1584.49841151	0.0	2.65288083198	2.56966380636	1001.0
-4781.92322407	-0.0	-728.492743379	-0.0	-3.20503736767	-3.28825439328	1001.0
-4563.63641561	-0.0	1.69255593513	0.0	0.00513938264208	-0.078077642972	1001.0
-4331.47381764	-0.0	-576.818390028	-0.0	-2.15189705734	-2.24151921522	1001.0
-4169.07805821	-0.0	-45.9725062258	-0.0	-0.12720430645	-0.216826464328	1001.0
-3913.09253903	-0.0	-453.633565855	-0.0	-1.54101141964	-1.63809700984	1001.0
-3796.36523583	-0.0	-86.8129591511	-0.0	-0.232201485881	-0.329287076072	1001.0
-3522.43354323	-0.0	-352.13412229	-0.0	-1.14464781757	-1.25056332011	1001.0
-3436.866077	-0.0	-105.057646046	-0.0	-0.282687252604	-0.388602755153	1001.0
-3156.5975793	-0.0	-265.213442863	-0.0	-0.860754231526	-0.977258204439	1001.0
-3092.73826	-0.0	-102.33080275	-0.0	-0.286022533401	-0.402526506314	1001.0
