-749.225663937	-0.0	44.603764867	0.0	0.522772891175	-0.0597698517216	1001.0
-1439.49160932	-0.0	23.4980319743	0.0	0.137701568111	-0.153567020107	1001.0
-2085.94852145	-0.0	-40.5008955965	-0.0	-0.158221015408	-0.352392654069	1001.0
-2753.44704197	-0.0	-117.400044188	-0.0	-0.343986484141	-0.489619342509	1001.0
-3462.74418498	-0.0	-112.633758574	-0.0	-0.2640116291	-0.380515602013	1001.0
-3821.75029882	-0.0	-19.5060146358	-0.0	-0.0415663434429	-0.147481845991	1001.0
-4170.52343221	-0.0	184.637271242	0.0	0.3606516246	0.263566034408	1001.0
-4494.4374759	-0.0	551.645817005	0.0	0.994693936432	0.905071778553	1001.0
-4776.67001154	-0.0	1152.62902943	0.0	1.92981415214	1.84659712652	1001.0
-5479.48082077	-0.0	-1230.14516132	-0.0	-5.41208027879	-5.4952973044	1001.0
-5260.25917962	-0.0	-478.1270557	-0.0	-1.45181487936	-1.53503190497	1001.0
-4960.98848029	-0.0	-998.666191704	-0.0	-3.72565590202	-3.81527805989	1001.0
-4798.10065151	-0.0	-452.745013915	-0.0	-1.25272951644	-1.34235167432	1001.0
-4479.12321246	-0.0	-805.358372176	-0.0	-2.73583469532	-2.83292028551	1001.0
-4361.85956003	-0.0	-428.529501791	-0.0	-1.14620199602	-1.24328758622	1001.0
-4029.09011336	-0.0	-642.272144737	-0.0	-2.08777100036	-2.19368650291	1001.0
-3942.45693751	-0.0	-388.452462551	-0.0	-1.04524100376	-1.15115650631	1001.0
-3607.98171872	-0.0	-501.522150199	-0.0	-1.62769770766	-1.74420168057	1001.0
-3542.51408142	-0.0	-334.044364533	-0.0	-0.933679916941	-1.05018388985	1001.0
