-705.373129932	-0.0	58.0033217871	0.0	0.679820735286	0.0972779923893	1001.0
-1351.87032439	-0.0	76.9559332448	0.0	0.450971923726	0.159703335508	1001.0
-1953.34580587	-0.0	80.6392161053	0.0	0.315025593038	0.120853954378	1001.0
-2567.01155285	-0.0	109.12720022	0.0	0.319746744455	0.174113886087	1001.0
-3201.99970622	-0.0	281.881912703	0.0	0.66072644586	0.544222472946	1001.0
-3512.17317657	-0.0	494.481201242	0.0	1.0537147552	0.947799252649	1001.0
-3802.0282223	-0.0	850.319626265	0.0	1.66092768041	1.56384209022	1001.0
-4055.15937153	-0.0	1408.86449434	0.0	2.54037813136	2.45075597348	1001.0
-4252.11884827	-0.0	2251.82008881	0.0	3.77015862388	3.68694159826	1001.0
-5094.00841906	-0.0	-411.65229831	-0.0	-1.81108324079	-1.8943002664	1001.0
-4829.11817595	-0.0	432.600306278	0.0	1.31357461156	1.23035758595	1001.0
-4616.60472055	-0.0	-319.347714522	-0.0	-1.19136875493	-1.28099091281	1001.0
-4419.32511492	-0.0	291.079767736	0.0	0.805407471036	0.715785313158	1001.0
-4173.48656571	-0.0	-248.461139867	-0.0	-0.844032458559	-0.94111804875	1001.0
-4031.8765746	-0.0	170.512893679	0.0	0.4560764621	0.358990871909	1001.0
-3759.83092567	-0.0	-192.20318882	-0.0	-0.624776034713	-0.730691537262	1001.0
-3656.72717768	-0.0	87.719930455	0.0	0.236035234676	0.130119732127	1001.0
-3372.11516998	-0.0	-142.794912345	-0.0	-0.463443043139	-0.579947016053	1001.0
-3296.01956682	-0.0	39.9585280305	0.0	0.111687186176	-0.00481678673733	1001.0
