-730.099809088	-0.0	93.0170569152	0.0	1.09019487295	0.507652130051	1001.0
-1388.26509977	-0.0	220.104169157	0.0	1.28983947566	0.998570887438	1001.0
-1987.49801255	-0.0	413.386570312	0.0	1.6149381871	1.42076654844	1001.0
-2574.46786452	-0.0	752.998413413	0.0	2.20631328195	2.06068042358	1001.0
-3124.63553214	-0.0	1461.94899023	0.0	3.42678375877	3.31027978586	1001.0
-3354.84255114	-0.0	2080.26072794	0.0	4.432931764	4.32701626145	1001.0
-3529.13140863	-0.0	2973.26200634	0.0	5.807666923	5.71058133281	1001.0
-3621.91611486	-0.0	4237.30509876	0.0	7.64044892325	7.55082676537	1001.0
-3601.27956574	-0.0	6005.12158021	0.0	10.054205052	9.97098802636	1001.0
-5061.13202309	-0.0	1960.01197791	0.0	8.62316294484	8.53994591922	1001.0
-4595.93822483	-0.0	3255.67778749	0.0	9.88574354437	9.80252651876	1001.0
-4602.06552632	-0.0	1636.13151761	0.0	6.10380434992	6.01418219204	1001.0
-4254.44081723	-0.0	2561.80928844	0.0	7.08843612294	6.99881396506	1001.0
-4177.84080436	-0.0	1340.75484734	0.0	4.55459799761	4.45751240742	1001.0
-3929.35794566	-0.0	1966.07075343	0.0	5.25871430668	5.16162871649	1001.0
-3782.45752897	-0.0	1078.33034931	0.0	3.50522259226	3.39930708971	1001.0
-3605.40134303	-0.0	1487.3346992	0.0	4.0020938565	3.89617835395	1001.0
-3409.70522729	-0.0	858.005431847	0.0	2.78466957845	2.66816560553	1001.0
-3283.72679901	-0.0	1117.82208656	0.0	3.12439946232	3.00789548941	1001.0
