-785.165249735	-0.0	89.8012935716	0.0	1.05250491773	0.469962174831	1001.0
-1494.13085728	-0.0	208.380998003	0.0	1.22114014573	0.929871557515	1001.0
-2141.02078386	-0.0	389.494133148	0.0	1.52159986426	1.3274282256	1001.0
-2777.34848452	-0.0	715.241280344	0.0	2.09568348155	1.95005062318	1001.0
-3380.31127379	-0.0	1414.96322713	0.0	3.31664992308	3.20014595017	1001.0
-3637.46751133	-0.0	2034.50495815	0.0	4.33542850271	4.22951300016	1001.0
-3838.1699293	-0.0	2936.10891855	0.0	5.73509586854	5.63801027835	1001.0
-3955.81095566	-0.0	4219.72793155	0.0	7.60875485233	7.51913269446	1001.0
-3957.31022411	-0.0	6023.01379258	0.0	10.0841614766	10.000944451	1001.0
-5465.16624972	-0.0	1838.04325006	0.0	8.08655591066	8.00333888504	1001.0
-4985.04544393	-0.0	3178.84156254	0.0	9.65243322795	9.56921620233	1001.0
-4967.77481934	-0.0	1530.77341172	0.0	5.71075204446	5.62112988658	1001.0
-4609.06821716	-0.0	2487.86988734	0.0	6.88384840282	6.79422624495	1001.0
-4507.9211296	-0.0	1249.95141188	0.0	4.24613508499	4.1490494948	1001.0
-4251.45201328	-0.0	1895.91404639	0.0	5.07106384783	4.97397825764	1001.0
-4079.25869846	-0.0	1000.52485382	0.0	3.25230790728	3.14639240474	1001.0
-3896.27163365	-0.0	1422.72618137	0.0	3.82824640142	3.72233089888	1001.0
-3675.3792731	-0.0	792.193098256	0.0	2.57107465651	2.4545706836	1001.0
-3544.88211213	-0.0	1060.22023281	0.0	2.96339781184	2.84689383892	1001.0
