-744.276173403	-0.0	63.3345487665	0.0	0.742304719538	0.159761976641	1001.0
-1424.33924887	-0.0	99.6245032396	0.0	0.583812735183	0.292544146965	1001.0
-2054.55324881	-0.0	135.390124212	0.0	0.528915783552	0.334744144891	1001.0
-2692.90020899	-0.0	220.264935703	0.0	0.645384431804	0.499751573436	1001.0
-3342.55441846	-0.0	499.18555379	0.0	1.17008251298	1.05357854007	1001.0
-3652.56679222	-0.0	797.148410363	0.0	1.69868346859	1.59276796605	1001.0
-3934.5082791	-0.0	1270.28217152	0.0	2.48123970733	2.38415411714	1001.0
-4169.43277733	-0.0	1987.95292886	0.0	3.58455491422	3.49493275634	1001.0
-4334.57918492	-0.0	3045.52182738	0.0	5.09903097444	5.01581394882	1001.0
-5334.7611289	-0.0	8.20169838601	0.0	0.0360837496934	-0.0471332759207	1001.0
-5018.95045647	-0.0	974.253869998	0.0	2.95828535088	2.87506832526	1001.0
-4837.69447236	-0.0	23.8921646618	0.0	0.089132870446	-0.00048928743226	1001.0
-4602.26952697	-0.0	719.31857424	0.0	1.99032917421	1.90070701633	1001.0
-4376.68155921	-0.0	27.3156492832	0.0	0.0927923563173	-0.00429323387401	1001.0
-4207.88933059	-0.0	501.97466265	0.0	1.3426481908	1.24556260061	1001.0
-3946.44170187	-0.0	25.0792739082	0.0	0.0815227333223	-0.0243927692262	1001.0
-3824.28076733	-0.0	340.009445399	0.0	0.914891391504	0.808975888955	1001.0
-3542.77052288	-0.0	25.5856338638	0.0	0.0830385608542	-0.0334654120589	1001.0
-3453.50278056	-0.0	229.442035453	0.0	0.641308291203	0.52480431829	1001.0
