-768.934905316	-0.0	93.4263952899	0.0	1.09499247257	0.512449729675	1001.0
-1462.10898806	-0.0	222.734996159	0.0	1.30525646904	1.01398788082	1001.0
-2093.21599194	-0.0	421.759435014	0.0	1.64764766514	1.45347602648	1001.0
-2711.40764454	-0.0	774.897658398	0.0	2.27047888206	2.12484602369	1001.0
-3290.8395498	-0.0	1517.01945608	0.0	3.55586800126	3.43936402835	1001.0
-3533.29162301	-0.0	2165.95149805	0.0	4.6155345174	4.50961901485	1001.0
-3716.85116441	-0.0	3104.18261113	0.0	6.06339388699	5.9663082968	1001.0
-3814.57122735	-0.0	4433.19427961	0.0	7.99366429151	7.90404213363	1001.0
-3792.83698945	-0.0	6292.77301385	0.0	10.5358117037	10.4525946781	1001.0
-5330.34117325	-0.0	2052.17771196	0.0	9.02865033552	8.9454333099	1001.0
-4840.40302403	-0.0	3411.33455314	0.0	10.3583894776	10.275172452	1001.0
-4846.8562458	-0.0	1708.90175217	0.0	6.3752833047	6.28566114682	1001.0
-4480.7408607	-0.0	2678.85197195	0.0	7.4122891082	7.32266695032	1001.0
-4400.06637906	-0.0	1396.41340753	0.0	4.74367235919	4.64658676899	1001.0
-4138.36634702	-0.0	2050.76233106	0.0	5.48524166342	5.38815607322	1001.0
-3983.65207838	-0.0	1119.32476462	0.0	3.63847911312	3.53256361057	1001.0
-3797.17801021	-0.0	1546.68020793	0.0	4.16177969993	4.05586419738	1001.0
-3591.07252662	-0.0	887.254789866	0.0	2.87959881134	2.76309483843	1001.0
-3458.39311811	-0.0	1158.25029216	0.0	3.23739943372	3.12089546081	1001.0
