-791.814069391	-0.0	76.1269576089	0.0	0.892236559945	0.309693817049	1001.0
-1510.97441013	-0.0	152.880550932	0.0	0.895900202195	0.604631613976	1001.0
-2172.23453121	-0.0	261.438593036	0.0	1.02133740619	0.82716576753	1001.0
-2832.3274802	-0.0	469.862046679	0.0	1.37671322516	1.2310803668	1001.0
-3481.21498175	-0.0	971.557248777	0.0	2.27731379349	2.16080982058	1001.0
-3775.17681563	-0.0	1443.59770788	0.0	3.07623465066	2.97031914811	1001.0
-4025.50586978	-0.0	2151.89349184	0.0	4.20328939317	4.10620380298	1001.0
-4208.64964378	-0.0	3183.9796262	0.0	5.74115697116	5.65153481328	1001.0
-4295.74107026	-0.0	4660.3116111	0.0	7.80262779334	7.71941076773	1001.0
-5592.04853544	-0.0	939.067458432	0.0	4.13147052238	4.04825349677	1001.0
-5180.6779891	-0.0	2128.19530414	0.0	6.46218525369	6.37896822807	1001.0
-5077.07555716	-0.0	788.188956707	0.0	2.94044282549	2.85082066761	1001.0
-4770.00668502	-0.0	1639.33590151	0.0	4.53598473325	4.44636257537	1001.0
-4600.20430878	-0.0	644.980945181	0.0	2.19102614266	2.09394055247	1001.0
-4380.41098041	-0.0	1221.61942085	0.0	3.2675057673	3.1704201771	1001.0
-4155.41890252	-0.0	515.386114337	0.0	1.67531503946	1.56939953691	1001.0
-3997.69517387	-0.0	894.300261044	0.0	2.4063672975	2.30045179495	1001.0
-3737.23435223	-0.0	408.762093559	0.0	1.32664354386	1.21013957095	1001.0
-3623.63059352	-0.0	651.040537426	0.0	1.8197088155	1.70320484259	1001.0
