-715.200029461	-0.0	89.4021036419	0.0	1.04782626169	0.465283518796	1001.0
-1360.99048385	-0.0	205.018350595	0.0	1.20143458819	0.910165999974	1001.0
-1950.23675361	-0.0	377.596541335	0.0	1.47512066844	1.28094902977	1001.0
-2529.8619859	-0.0	681.919121396	0.0	1.99804831983	1.85241546146	1001.0
-3079.09541771	-0.0	1326.89341571	0.0	3.11021577152	2.9937117986	1001.0
-3313.336743	-0.0	1895.02895443	0.0	4.03821210148	3.93229659893	1001.0
-3496.15478708	-0.0	2720.09517062	0.0	5.31315663273	5.21607104254	1001.0
-3603.31294971	-0.0	3893.13134844	0.0	7.0198559051	6.93023374722	1001.0
-3604.67861998	-0.0	5539.53208483	0.0	9.27468174107	9.19146471545	1001.0
-4978.17123737	-0.0	1694.51133273	0.0	7.45508063149	7.37186360588	1001.0
-4540.83347368	-0.0	2924.92474351	0.0	8.88142432645	8.79820730083	1001.0
-4525.10181564	-0.0	1418.25360245	0.0	5.2909820603	5.20135990242	1001.0
-4198.35916811	-0.0	2298.383081	0.0	6.3595450798	6.26992292192	1001.0
-4106.22518736	-0.0	1164.80094193	0.0	3.95687552296	3.85978993277	1001.0
-3872.60975467	-0.0	1760.28627835	0.0	4.70829578218	4.61121019199	1001.0
-3715.7603986	-0.0	938.782224016	0.0	3.05160720268	2.94569170013	1001.0
-3549.07911184	-0.0	1329.06495942	0.0	3.57622444486	3.47030894231	1001.0
-3347.87022896	-0.0	749.057649003	0.0	2.43107790494	2.31457393203	1001.0
-3229.00152788	-0.0	997.62581992	0.0	2.78844157118	2.67193759826	1001.0
