-702.349736687	-0.0	69.3083066111	0.0	0.812319407062	0.229776664166	1001.0
-1342.65629781	-0.0	122.901249949	0.0	0.720217542444	0.428948954226	1001.0
-1934.29845717	-0.0	186.79422983	0.0	0.729731337559	0.535559698898	1001.0
-2530.34019689	-0.0	312.911794593	0.0	0.916843164863	0.771210306495	1001.0
-3129.30243952	-0.0	651.107438641	0.0	1.52618484699	1.40968087407	1001.0
-3409.89333381	-0.0	987.310929849	0.0	2.10391030465	1.9979948021	1001.0
-3659.40211318	-0.0	1505.46234488	0.0	2.94061668483	2.84353109464	1001.0
-3858.81714444	-0.0	2275.59661386	0.0	4.10321638232	4.01359422444	1001.0
-3985.10780704	-0.0	3394.04913048	0.0	5.68256037093	5.59934334531	1001.0
-5006.41004696	-0.0	335.692896191	0.0	1.47689635365	1.39367932803	1001.0
-4683.2443842	-0.0	1309.07143799	0.0	3.97494634358	3.89172931796	1001.0
-4541.96092742	-0.0	297.771712625	0.0	1.11087663507	1.02125447719	1001.0
-4300.91714795	-0.0	998.395203274	0.0	2.76252438298	2.6729022251	1001.0
-4111.44958735	-0.0	254.065415399	0.0	0.863070407342	0.76598481715	1001.0
-3938.75068392	-0.0	732.05999	0.0	1.95806500659	1.8609794164	1001.0
-3709.76008886	-0.0	210.552982081	0.0	0.684423906019	0.578508403471	1001.0
-3585.22153942	-0.0	527.343619796	0.0	1.41896686885	1.3130513663	1001.0
-3332.58732826	-0.0	175.325113211	0.0	0.569020301007	0.452516328094	1001.0
-3242.13287928	-0.0	380.025274647	0.0	1.06220012831	0.945696155397	1001.0
