-675.772167473	-0.0	48.59569924	0.0	0.569559862628	-0.0129828802682	1001.0
-1298.36498095	-0.0	37.9241682053	0.0	0.222240630061	-0.0690279581574	1001.0
-1881.44376444	-0.0	-11.4344632914	-0.0	-0.0446699354659	-0.238841574127	1001.0
-2483.50125354	-0.0	-72.4301763554	-0.0	-0.212223103343	-0.357855961711	1001.0
-3123.25946096	-0.0	-59.7653280996	-0.0	-0.140088920365	-0.256592893278	1001.0
-3447.06889698	-0.0	28.4136191318	0.0	0.0605480039535	-0.045367498595	1001.0
-3761.64858592	-0.0	216.727208976	0.0	0.423332837874	0.326247247683	1001.0
-4053.80635081	-0.0	551.934315224	0.0	0.995214138742	0.905591980864	1001.0
-4308.36903002	-0.0	1098.18251947	0.0	1.83865590193	1.75543887631	1001.0
-4942.27681873	-0.0	-1087.25875552	-0.0	-4.78344495734	-4.86666198295	1001.0
-4744.54749534	-0.0	-398.964541084	-0.0	-1.21144087158	-1.29465789719	1001.0
-4474.61706066	-0.0	-874.478221168	-0.0	-3.26235630378	-3.35197846166	1001.0
-4327.69862686	-0.0	-372.926204864	-0.0	-1.03187368149	-1.12149583937	1001.0
-4039.99348575	-0.0	-697.541481201	-0.0	-2.36957639186	-2.46666198205	1001.0
-3934.22626983	-0.0	-349.862972792	-0.0	-0.93579003563	-1.03287562582	1001.0
-3634.08127872	-0.0	-549.143959809	-0.0	-1.78504835327	-1.89096385582	1001.0
-3555.94155148	-0.0	-313.933678473	-0.0	-0.84472717986	-0.950642682409	1001.0
-3254.25802081	-0.0	-422.145713799	-0.0	-1.37008028534	-1.48658425825	1001.0
-3195.20877932	-0.0	-266.21924826	-0.0	-0.744103454495	-0.860607427409	1001.0
