-799.576952424	-0.0	76.0368150808	0.0	0.891180055631	0.308637312734	1001.0
-1525.78788474	-0.0	152.706393377	0.0	0.894879615942	0.603611027723	1001.0
-2193.53094819	-0.0	261.49214087	0.0	1.02154659645	0.827374957786	1001.0
-2860.09539667	-0.0	471.122531375	0.0	1.38040649208	1.23477363371	1001.0
-3515.34454039	-0.0	976.899729331	0.0	2.28983647774	2.17333250483	1001.0
-3812.18835303	-0.0	1453.14989865	0.0	3.09658989233	2.99067438979	1001.0
-4064.9716136	-0.0	2167.97132376	0.0	4.23469419115	4.13760860096	1001.0
-4249.9109148	-0.0	3209.75797059	0.0	5.78763890225	5.69801674437	1001.0
-4337.85617879	-0.0	4700.14530702	0.0	7.86932022269	7.78610319707	1001.0
-5646.87254069	-0.0	946.045608242	0.0	4.16217121378	4.07895418816	1001.0
-5231.46894977	-0.0	2145.83123268	0.0	6.51573608951	6.43251906389	1001.0
-5126.85080772	-0.0	793.288347383	0.0	2.95946677476	2.86984461688	1001.0
-4816.77145644	-0.0	1651.86461781	0.0	4.57065125024	4.48102909237	1001.0
-4645.30435102	-0.0	648.418268999	0.0	2.20270286955	2.10561727936	1001.0
-4423.3561861	-0.0	1229.93069856	0.0	3.28973621599	3.1926506258	1001.0
-4196.15830352	-0.0	517.42288662	0.0	1.68193577514	1.57602027259	1001.0
-4036.88826381	-0.0	899.42438973	0.0	2.42015521218	2.31423970963	1001.0
-3773.8739047	-0.0	409.74880525	0.0	1.32984593154	1.21334195863	1001.0
-3659.15638366	-0.0	653.915720916	0.0	1.82774517644	1.71124120353	1001.0
