-782.640924609	-0.0	62.2012009982	0.0	0.729021457659	0.146478714762	1001.0
-1497.75879778	-0.0	95.9636723999	0.0	0.562359783389	0.27109119517	1001.0
-2160.45805545	-0.0	129.174320619	0.0	0.504633091982	0.310461453322	1001.0
-2831.70949811	-0.0	214.026395909	0.0	0.627105278804	0.481472420436	1001.0
-3514.85103797	-0.0	502.925828095	0.0	1.17884965283	1.06234567992	1001.0
-3840.843431	-0.0	814.049140289	0.0	1.73469808038	1.62878257783	1001.0
-4137.31798421	-0.0	1309.37121974	0.0	2.55759226957	2.46050667938	1001.0
-4384.35199266	-0.0	2061.8376933	0.0	3.71777939433	3.62815723645	1001.0
-4558.01110166	-0.0	3171.72013664	0.0	5.31032123085	5.22710420524	1001.0
-5609.74881595	-0.0	-3.09183148071	-0.0	-0.0136026549616	-0.0968196805757	1001.0
-5277.65924289	-0.0	1007.49733787	0.0	3.05922789474	2.97601086912	1001.0
-5087.06016681	-0.0	11.3066521304	0.0	0.0421809565515	-0.0474412013268	1001.0
-4839.49991496	-0.0	737.767632788	0.0	2.04137706979	1.95175491191	1001.0
-4602.28370144	-0.0	13.5497592578	0.0	0.0460290757151	-0.0510565144762	1001.0
-4424.79084247	-0.0	508.578042478	0.0	1.36031046867	1.26322487848	1001.0
-4149.86653187	-0.0	10.5145281544	0.0	0.0341785443183	-0.0717369582302	1001.0
-4021.40864194	-0.0	338.379049025	0.0	0.910504349829	0.80458884728	1001.0
-3725.38756014	-0.0	11.0221355536	0.0	0.03577250729	-0.0807314656231	1001.0
-3631.51838781	-0.0	222.827098031	0.0	0.622819027863	0.50631505495	1001.0
