-715.819938164	-0.0	66.5407292218	0.0	0.779882359704	0.197339616808	1001.0
-1369.15883373	-0.0	111.969517715	0.0	0.656156149028	0.364887560809	1001.0
-1973.74355101	-0.0	162.286847773	0.0	0.633990667708	0.439819029047	1001.0
-2584.51407954	-0.0	267.769609985	0.0	0.784574889522	0.638942031154	1001.0
-3202.28800745	-0.0	574.348358884	0.0	1.34626285955	1.22975888664	1001.0
-3494.47376836	-0.0	888.83835493	0.0	1.89407016328	1.78815466073	1001.0
-3757.36762335	-0.0	1380.11731979	0.0	2.6957804899	2.59869489971	1001.0
-3972.18193625	-0.0	2117.18465998	0.0	3.8175776534	3.72795549552	1001.0
-4116.25066631	-0.0	3194.92684056	0.0	5.34917555822	5.26595853261	1001.0
-5116.88982713	-0.0	174.016429659	0.0	0.765593294807	0.682376269193	1001.0
-4800.59199004	-0.0	1135.00899524	0.0	3.44641226187	3.36319523626	1001.0
-4641.13416743	-0.0	163.177258854	0.0	0.608754279033	0.519132121155	1001.0
-4405.278135	-0.0	855.123895015	0.0	2.36609771632	2.27647555844	1001.0
-4200.01133414	-0.0	143.287380263	0.0	0.486752978388	0.389667388196	1001.0
-4030.97090257	-0.0	615.624758662	0.0	1.64663185202	1.54954626183	1001.0
-3788.37623549	-0.0	120.587270524	0.0	0.391981200612	0.286065698064	1001.0
-3666.26036494	-0.0	433.914534716	0.0	1.16756954206	1.06165403951	1001.0
-3402.0166049	-0.0	103.241761377	0.0	0.335072694717	0.218568721804	1001.0
-3313.05690835	-0.0	305.963478989	0.0	0.855191663087	0.738687690174	1001.0
