-805.659775333	-0.0	61.5211923373	0.0	0.721051500531	0.138508757634	1001.0
-1541.81052713	-0.0	93.767173896	0.0	0.549488012312	0.258219424093	1001.0
-2224.00093943	-0.0	125.444838463	0.0	0.490063477041	0.29589183838	1001.0
-2914.99507158	-0.0	210.283272033	0.0	0.616137787004	0.470504928636	1001.0
-3618.22900967	-0.0	505.169992679	0.0	1.18410993674	1.06760596382	1001.0
-3953.80941426	-0.0	824.189578245	0.0	1.75630684745	1.6503913449	1001.0
-4259.00380727	-0.0	1332.82464867	0.0	2.60340380691	2.50631821672	1001.0
-4513.30352185	-0.0	2106.16855196	0.0	3.7977140824	3.70809192452	1001.0
-4692.07025171	-0.0	3247.43912219	0.0	5.4370953847	5.35387835909	1001.0
-5774.74142819	-0.0	-9.86794940074	-0.0	-0.0434144977546	-0.126631523369	1001.0
-5432.88451473	-0.0	1027.44341859	0.0	3.11979342105	3.03657639544	1001.0
-5236.67958348	-0.0	3.75534461161	0.0	0.0140098082148	-0.0756123496635	1001.0
-4981.83814775	-0.0	748.837067917	0.0	2.07200580713	1.98238364925	1001.0
-4737.64498677	-0.0	5.29022524257	0.0	0.0179711073538	-0.0791144828375	1001.0
-4554.9317496	-0.0	512.540070374	0.0	1.3709078354	1.27382224521	1001.0
-4271.92142986	-0.0	1.77568070213	0.0	0.00577203091585	-0.100143471633	1001.0
-4139.6853667	-0.0	337.400811201	0.0	0.907872124824	0.801956622275	1001.0
-3834.9577825	-0.0	2.28403656751	0.0	0.0074128751515	-0.109091097762	1001.0
-3738.32775215	-0.0	218.858135577	0.0	0.611725469859	0.495221496946	1001.0
