-785.092835405	-0.0	64.7232357137	0.0	0.758580652579	0.176037909682	1001.0
-1501.6580757	-0.0	106.291281862	0.0	0.622880937643	0.331612349425	1001.0
-2164.75099143	-0.0	153.220086533	0.0	0.598570409744	0.404398771083	1001.0
-2834.6283453	-0.0	260.654481174	0.0	0.763727298185	0.618094439817	1001.0
-3512.18684688	-0.0	588.644242105	0.0	1.37977216854	1.26326819563	1001.0
-3832.64864917	-0.0	929.441332847	0.0	1.98059308231	1.87467757976	1001.0
-4120.98384496	-0.0	1464.13306338	0.0	2.85988827924	2.76280268905	1001.0
-4356.58663976	-0.0	2268.40364332	0.0	4.09024645857	4.00062430069	1001.0
-4514.59750498	-0.0	3446.31253857	0.0	5.77006351547	5.68684648986	1001.0
-5612.07271362	-0.0	168.860325	0.0	0.74290877495	0.659691749336	1001.0
-5265.16540843	-0.0	1212.97787284	0.0	3.6831618356	3.59994480999	1001.0
-5090.27618363	-0.0	153.028176701	0.0	0.570891789907	0.481269632029	1001.0
-4831.59537387	-0.0	902.90296501	0.0	2.49830072112	2.40867856324	1001.0
-4606.46404389	-0.0	128.666102633	0.0	0.43708391178	0.339998321589	1001.0
-4421.06486088	-0.0	639.020468146	0.0	1.70920912803	1.61212353783	1001.0
-4154.99329054	-0.0	102.485844298	0.0	0.333140671639	0.227225169091	1001.0
-4021.0597551	-0.0	439.941186297	0.0	1.18378594936	1.07787044681	1001.0
-3731.24401827	-0.0	83.4150768891	0.0	0.27072489098	0.154220918067	1001.0
-3633.67531883	-0.0	300.949768429	0.0	0.841177953064	0.72467398015	1001.0
