-782.871981198	-0.0	73.1903274959	0.0	0.857818151117	0.275275408221	1001.0
-1494.84004722	-0.0	140.704016966	0.0	0.824544106368	0.53327551815	1001.0
-2150.60416502	-0.0	232.73204954	0.0	0.909192269797	0.715020631136	1001.0
-2807.31731915	-0.0	413.299227397	0.0	1.21098206661	1.06534920824	1001.0
-3457.92770693	-0.0	865.229656516	0.0	2.0280837118	1.91157973888	1001.0
-3756.24795409	-0.0	1298.63181132	0.0	2.76731956184	2.66140405929	1001.0
-4014.37702418	-0.0	1954.93509577	0.0	3.8185709393	3.72148534911	1001.0
-4209.75576951	-0.0	2917.743861	0.0	5.2610969523	5.17147479443	1001.0
-4314.83946478	-0.0	4302.08313328	0.0	7.20285599465	7.11963896904	1001.0
-5546.76895469	-0.0	728.672124522	0.0	3.20582656327	3.12260953766	1001.0
-5156.18979638	-0.0	1869.56690468	0.0	5.67686981486	5.59365278924	1001.0
-5034.64716544	-0.0	615.288388379	0.0	2.29541445845	2.20579230057	1001.0
-4743.16939635	-0.0	1432.76314267	0.0	3.9644051811	3.87478302323	1001.0
-4560.25138938	-0.0	505.085214513	0.0	1.715794734	1.61870914381	1001.0
-4351.55402171	-0.0	1059.67427502	0.0	2.83434574304	2.73726015284	1001.0
-4117.71889733	-0.0	404.167589378	0.0	1.3137879002	1.20787239765	1001.0
-3967.72167433	-0.0	769.254627609	0.0	2.06989672257	1.96398122002	1001.0
-3701.8433973	-0.0	321.697195623	0.0	1.04407310359	0.927569130674	1001.0
-3593.51344041	-0.0	555.680936679	0.0	1.55317133259	1.43666735967	1001.0
