-710.067865662	-0.0	69.1323375027	0.0	0.810256982964	0.227714240067	1001.0
-1357.41076262	-0.0	122.376597515	0.0	0.717143009944	0.425874421726	1001.0
-1955.55448417	-0.0	186.033982752	0.0	0.726761352257	0.532589713597	1001.0
-2558.14613312	-0.0	312.599917526	0.0	0.915929353487	0.77029649512	1001.0
-3163.69037841	-0.0	653.574287063	0.0	1.53196709805	1.41546312514	1001.0
-3447.36468913	-0.0	993.003640619	0.0	2.11604118712	2.01012568457	1001.0
-3699.61532321	-0.0	1516.38001201	0.0	2.96194214291	2.86485655272	1001.0
-3901.22172845	-0.0	2294.50879095	0.0	4.13731766124	4.04769550337	1001.0
-4028.90020052	-0.0	3424.78291622	0.0	5.7340170783	5.65080005269	1001.0
-5061.42554199	-0.0	336.884068921	0.0	1.48213697292	1.3989199473	1001.0
-4734.7086082	-0.0	1319.8378209	0.0	4.00763806164	3.92442103603	1001.0
-4591.87258596	-0.0	298.098312678	0.0	1.11209505963	1.02247290175	1001.0
-4348.17997376	-0.0	1005.39507542	0.0	2.78189278279	2.69227062491	1001.0
-4156.63035205	-0.0	253.622464845	0.0	0.861565686543	0.764480096352	1001.0
-3982.03365847	-0.0	735.996153692	0.0	1.96859319347	1.87150760328	1001.0
-3750.52668324	-0.0	209.486142966	0.0	0.680956036855	0.575040534306	1001.0
-3624.61957832	-0.0	529.05465809	0.0	1.42357090037	1.31765539782	1001.0
-3369.20916703	-0.0	173.865856201	0.0	0.564284260359	0.447780287446	1001.0
-3277.76071312	-0.0	380.269818089	0.0	1.0628836462	0.946379673291	1001.0
