-781.36077161	-0.0	70.3022668317	0.0	0.823968994486	0.24142625159	1001.0
-1492.84439431	-0.0	128.909749542	0.0	0.755428142921	0.464159554703	1001.0
-2149.230734	-0.0	205.347277313	0.0	0.802210772111	0.60803913345	1001.0
-2808.57808734	-0.0	360.387370212	0.0	1.05594836242	0.910315504049	1001.0
-3466.59948504	-0.0	768.459153114	0.0	1.80125528508	1.68475131217	1001.0
-3771.6963097	-0.0	1168.75135436	0.0	2.49055079173	2.38463528918	1001.0
-4039.50328941	-0.0	1781.28136015	0.0	3.47937343358	3.38228784339	1001.0
-4248.20133601	-0.0	2686.67550879	0.0	4.84444865776	4.75482649989	1001.0
-4371.25296799	-0.0	3995.83843217	0.0	6.69011916161	6.606902136	1001.0
-5553.17594586	-0.0	533.93184374	0.0	2.34905773122	2.26584070561	1001.0
-5178.81149046	-0.0	1638.39032987	0.0	4.97491081239	4.89169378677	1001.0
-5039.20400382	-0.0	454.67741172	0.0	1.69623403351	1.60661187563	1001.0
-4759.89789376	-0.0	1246.70548271	0.0	3.44959018542	3.35996802755	1001.0
-4562.9375082	-0.0	374.509113837	0.0	1.27222248225	1.17513689206	1001.0
-4362.89136693	-0.0	912.443224683	0.0	2.4405419954	2.34345640521	1001.0
-4118.60665176	-0.0	299.727650007	0.0	0.974295243565	0.868379741016	1001.0
-3974.59205831	-0.0	654.398445196	0.0	1.76084374192	1.65492823937	1001.0
-3701.22274832	-0.0	239.388071566	0.0	0.776937599216	0.660433626303	1001.0
-3596.92345416	-0.0	467.156233346	0.0	1.30573791825	1.18923394534	1001.0
