-746.424554705	-0.0	46.5326697082	0.0	0.545380381005	-0.0371623618916	1001.0
-1433.56677869	-0.0	31.2806630911	0.0	0.183308813431	-0.107959774787	1001.0
-2076.45464112	-0.0	-22.6540402893	-0.0	-0.088500394988	-0.282672033649	1001.0
-2739.07655506	-0.0	-83.4814987636	-0.0	-0.244603887921	-0.390236746289	1001.0
-3440.43305013	-0.0	-52.0819293814	-0.0	-0.122079163447	-0.238583136361	1001.0
-3793.61027143	-0.0	60.6015324593	0.0	0.129138840424	0.0232233378757	1001.0
-4134.86963011	-0.0	290.130160865	0.0	0.566710681747	0.469625091555	1001.0
-4449.21466538	-0.0	689.878240804	0.0	1.24394617316	1.15432401528	1001.0
-4719.30364731	-0.0	1333.06870887	0.0	2.23191919903	2.14870217342	1001.0
-5448.55125318	-0.0	-1106.45027461	-0.0	-4.86787892922	-4.95109595483	1001.0
-5220.7145771	-0.0	-335.851412479	-0.0	-1.01980022272	-1.10301724833	1001.0
-4933.72966247	-0.0	-896.329556528	-0.0	-3.34387559143	-3.43349774931	1001.0
-4764.36663961	-0.0	-337.424992283	-0.0	-0.93364307596	-1.02326523384	1001.0
-4455.36631875	-0.0	-721.813435354	-0.0	-2.45202919373	-2.54911478392	1001.0
-4333.50766461	-0.0	-336.492467568	-0.0	-0.9000275042	-0.997113094392	1001.0
-4008.63444687	-0.0	-575.101956315	-0.0	-1.86942746386	-1.97534296641	1001.0
-3918.85106688	-0.0	-315.990279593	-0.0	-0.850261045716	-0.956176548264	1001.0
-3590.5107955	-0.0	-448.283576226	-0.0	-1.45491111233	-1.57141508524	1001.0
-3522.95589192	-0.0	-277.670485266	-0.0	-0.776110550413	-0.892614523326	1001.0
