-694.631607713	-0.0	69.4842757194	0.0	0.814381831161	0.231839088264	1001.0
-1327.901833	-0.0	123.425902384	0.0	0.723292074945	0.432023486727	1001.0
-1913.04243017	-0.0	187.554476908	0.0	0.73270132286	0.5385296842	1001.0
-2502.53426066	-0.0	313.22367166	0.0	0.917756976238	0.77212411787	1001.0
-3094.91450062	-0.0	648.64059022	0.0	1.52040259592	1.40389862301	1001.0
-3372.42197849	-0.0	981.61821908	0.0	2.09177942218	1.98586391963	1001.0
-3619.18890314	-0.0	1494.54467776	0.0	2.91929122676	2.82220563657	1001.0
-3816.41256044	-0.0	2256.68443677	0.0	4.06911510339	3.97949294551	1001.0
-3941.31541356	-0.0	3363.31534473	0.0	5.63110366356	5.54788663794	1001.0
-4951.39455194	-0.0	334.501723462	0.0	1.47165573438	1.38843870876	1001.0
-4631.7801602	-0.0	1298.30505509	0.0	3.94225462552	3.8590375999	1001.0
-4492.04926887	-0.0	297.445112571	0.0	1.1096582105	1.02003605263	1001.0
-4253.65432215	-0.0	991.395331133	0.0	2.74315598317	2.65353382529	1001.0
-4066.26882266	-0.0	254.508365953	0.0	0.86457512814	0.767489537949	1001.0
-3895.46770938	-0.0	728.123826308	0.0	1.9475368197	1.85045122951	1001.0
-3668.99349448	-0.0	211.619821196	0.0	0.687891775184	0.581976272635	1001.0
-3545.82350053	-0.0	525.632581503	0.0	1.41436283732	1.30844733477	1001.0
-3295.96548949	-0.0	176.78437022	0.0	0.573756341655	0.457252368742	1001.0
-3206.50504544	-0.0	379.780731206	0.0	1.06151661042	0.945012637504	1001.0
