-723.516926746	-0.0	66.3387854987	0.0	0.777515503357	0.19497276046	1001.0
-1383.88097172	-0.0	111.33860262	0.0	0.652458903318	0.3611903151	1001.0
-1994.96659995	-0.0	161.279429858	0.0	0.63005508349	0.435883444829	1001.0
-2612.30455351	-0.0	266.979040117	0.0	0.782258490484	0.636625632116	1001.0
-3236.72121183	-0.0	575.936790353	0.0	1.34998611611	1.23348214319	1001.0
-3532.04875512	-0.0	893.349796921	0.0	1.90368382095	1.7977683184	1001.0
-3797.76942575	-0.0	1389.45240241	0.0	2.71401468871	2.61692909852	1001.0
-4014.89356998	-0.0	2133.98676924	0.0	3.84787418731	3.75825202943	1001.0
-4160.51142616	-0.0	3222.85858478	0.0	5.39594088681	5.31272386119	1001.0
-5171.91014785	-0.0	173.443529142	0.0	0.763072792601	0.679855766987	1001.0
-4852.21125875	-0.0	1143.67220386	0.0	3.47271777006	3.38950074445	1001.0
-4691.03883589	-0.0	162.04958306	0.0	0.604547335797	0.514925177918	1001.0
-4452.6467171	-0.0	860.43268057	0.0	2.38078693907	2.29116478119	1001.0
-4245.17274633	-0.0	141.66279386	0.0	0.481234193209	0.384148603018	1001.0
-4074.31467572	-0.0	618.224281938	0.0	1.65358488269	1.5564992925	1001.0
-3829.11146383	-0.0	118.576000944	0.0	0.38544336406	0.279527861511	1001.0
-3705.6825194	-0.0	434.58416267	0.0	1.16937136509	1.06345586254	1001.0
-3438.5974286	-0.0	101.038796434	0.0	0.327922938746	0.211418965833	1001.0
-3348.68117618	-0.0	305.406400038	0.0	0.853634584196	0.737130611283	1001.0
