-784.516701047	-0.0	57.2507360807	0.0	0.671000147903	0.0884574050065	1001.0
-1502.84469623	-0.0	75.8578741551	0.0	0.444537152564	0.153268564346	1001.0
-2170.30666466	-0.0	82.7531028871	0.0	0.323283714449	0.129112075788	1001.0
-2849.72712183	-0.0	124.994654067	0.0	0.36623897279	0.220606114422	1001.0
-3549.07759278	-0.0	341.832467456	0.0	0.801249534376	0.684745561463	1001.0
-3888.21291277	-0.0	599.199828449	0.0	1.27686492219	1.17094941964	1001.0
-4202.5072012	-0.0	1024.00248872	0.0	2.00018207952	1.90309648933	1001.0
-4473.16104683	-0.0	1684.62575854	0.0	3.03761394635	2.94799178847	1001.0
-4677.78680866	-0.0	2675.02669376	0.0	4.47872146124	4.39550443562	1001.0
-5651.96776835	-0.0	-329.432572074	-0.0	-1.44935376944	-1.53257079505	1001.0
-5345.0763449	-0.0	625.445604973	0.0	1.89914213116	1.81592510555	1001.0
-5123.25364914	-0.0	-258.216098651	-0.0	-0.96330920174	-1.05293135962	1001.0
-4894.61822382	-0.0	429.329000771	0.0	1.18793823234	1.09831607446	1001.0
-4632.63043876	-0.0	-205.976323067	-0.0	-0.69970983171	-0.796795421902	1001.0
-4468.58011606	-0.0	263.587907514	0.0	0.705027272236	0.607941682045	1001.0
-4174.66914226	-0.0	-165.478593141	-0.0	-0.537905015454	-0.643820518003	1001.0
-4055.47512444	-0.0	146.482714535	0.0	0.394153092939	0.28823759039	1001.0
-3745.28702814	-0.0	-128.031726611	-0.0	-0.415528901027	-0.53203287394	1001.0
-3657.61802643	-0.0	74.3098831502	0.0	0.207701889013	0.0911979160997	1001.0
