-717.551893902	-0.0	51.6312651507	0.0	0.605137836197	0.0225950933007	1001.0
-1377.01478052	-0.0	51.3189904085	0.0	0.300736055719	0.00946746750074	1001.0
-1992.70151471	-0.0	22.0230914189	0.0	0.0860355267556	-0.108136111905	1001.0
-2624.87016545	-0.0	-1.83055777069	-0.0	-0.00536360216822	-0.150996460536	1001.0
-3288.38615957	-0.0	84.9839675759	0.0	0.199200985665	0.0826970127517	1001.0
-3618.81541206	-0.0	234.945685895	0.0	0.500657528083	0.394742025535	1001.0
-3934.29802693	-0.0	509.880765537	0.0	0.995949112582	0.89886352239	1001.0
-4219.55683005	-0.0	964.576719866	0.0	1.73926563911	1.64964348123	1001.0
-4456.74178635	-0.0	1674.24602821	0.0	2.80314272579	2.71992570018	1001.0
-5216.64351717	-0.0	-815.382645304	-0.0	-3.587313492	-3.67053051762	1001.0
-4978.5124534	-0.0	-28.0927201964	-0.0	-0.0853024916632	-0.168519517277	1001.0
-4725.2441647	-0.0	-653.62470801	-0.0	-2.43843315347	-2.52805531135	1001.0
-4548.08515441	-0.0	-83.0069921015	-0.0	-0.229677425218	-0.319299583096	1001.0
-4268.8282244	-0.0	-521.634246004	-0.0	-1.77201245779	-1.86909804798	1001.0
-4141.48934818	-0.0	-128.693145801	-0.0	-0.344219802779	-0.441305392971	1001.0
-3842.65477443	-0.0	-412.113164456	-0.0	-1.33961580098	-1.44553130353	1001.0
-3749.30844764	-0.0	-148.393717054	-0.0	-0.399295184659	-0.505210687207	1001.0
-3443.5609956	-0.0	-317.334437767	-0.0	-1.02991370712	-1.14641768003	1001.0
-3373.89628364	-0.0	-144.158314041	-0.0	-0.402933672801	-0.519437645715	1001.0
