-691.23880811	-0.0	54.6935143414	0.0	0.641028547838	0.0584858049409	1001.0
-1325.96040364	-0.0	63.1313148024	0.0	0.369957835392	0.0786892471735	1001.0
-1917.88484285	-0.0	47.8130501438	0.0	0.186786717481	-0.00738492117998	1001.0
-2524.4232315	-0.0	43.8643205368	0.0	0.128524086213	-0.0171087721544	1001.0
-3158.16961801	-0.0	157.699554518	0.0	0.369645094185	0.253141121272	1001.0
-3471.86853199	-0.0	324.027649912	0.0	0.690486746405	0.584571243856	1001.0
-3769.39714938	-0.0	617.168131749	0.0	1.20551331738	1.10842772719	1001.0
-4035.60149286	-0.0	1091.66380082	0.0	1.96842127653	1.87879911865	1001.0
-4252.68746636	-0.0	1822.41881336	0.0	3.05122422509	2.96800719947	1001.0
-5014.60760017	-0.0	-655.564413832	-0.0	-2.88418582387	-2.96740284948	1001.0
-4775.50810498	-0.0	128.200448881	0.0	0.389275856713	0.306058831099	1001.0
-4543.00933191	-0.0	-519.4714756	-0.0	-1.9379568319	-2.02757898978	1001.0
-4365.06278328	-0.0	48.7342137818	0.0	0.134845854043	0.0452236961643	1001.0
-4105.07882292	-0.0	-410.035938723	-0.0	-1.39290853146	-1.48999412165	1001.0
-3977.23410487	-0.0	-18.7143817421	-0.0	-0.0500559742503	-0.147141564442	1001.0
-3696.19780104	-0.0	-320.30560277	-0.0	-1.0411859742	-1.14710147674	1001.0
-3602.70241796	-0.0	-57.7388534495	-0.0	-0.155362683864	-0.261278186412	1001.0
-3313.18919872	-0.0	-242.770300763	-0.0	-0.787914675119	-0.904418648032	1001.0
-3243.68130511	-0.0	-70.447093307	-0.0	-0.196905091692	-0.313409064605	1001.0
