-785.456396951	-0.0	86.1743933509	0.0	1.00999628376	0.427453540861	1001.0
-1495.79397128	-0.0	193.623820271	0.0	1.1346611369	0.843392548682	1001.0
-2145.27686402	-0.0	355.358207578	0.0	1.38824427481	1.19407263615	1001.0
-2786.70341537	-0.0	649.609375437	0.0	1.90337956571	1.75774670735	1001.0
-3400.69131829	-0.0	1295.78027243	0.0	3.03728708881	2.92078311589	1001.0
-3667.10622011	-0.0	1875.21120174	0.0	3.9959814598	3.89006595726	1001.0
-3880.56559446	-0.0	2724.05546523	0.0	5.32089226853	5.22380667834	1001.0
-4015.3200635	-0.0	3938.79281282	0.0	7.10218985987	7.01256770199	1001.0
-4039.46605118	-0.0	5652.26730435	0.0	9.46343112749	9.38021410188	1001.0
-5488.52206717	-0.0	1597.1428262	0.0	7.02670340372	6.94348637811	1001.0
-5027.49189087	-0.0	2895.48936553	0.0	8.79204490476	8.70882787914	1001.0
-4987.40831268	-0.0	1331.90830625	0.0	4.9688595482	4.87923739032	1001.0
-4643.03695049	-0.0	2259.35305019	0.0	6.25155035845	6.16192820057	1001.0
-4523.91134624	-0.0	1088.07628898	0.0	3.69623879926	3.59915320907	1001.0
-4277.62703282	-0.0	1714.6349581	0.0	4.58619068982	4.48910509963	1001.0
-4091.78403619	-0.0	870.851010309	0.0	2.830789876	2.72487437345	1001.0
-3915.82438172	-0.0	1280.92778445	0.0	3.44669778733	3.34078228478	1001.0
-3684.87442944	-0.0	689.823791082	0.0	2.23883352507	2.12232955216	1001.0
-3559.0916575	-0.0	950.628908079	0.0	2.65708155615	2.54057758324	1001.0
