-741.880314291	-0.0	45.0029583043	0.0	0.52745158832	-0.0550911545763	1001.0
-1425.37894648	-0.0	24.9406455974	0.0	0.146155474306	-0.145113113912	1001.0
-2065.49804575	-0.0	-37.594252366	-0.0	-0.146865907414	-0.341037546074	1001.0
-2726.45246313	-0.0	-112.903057405	-0.0	-0.330810146061	-0.476443004429	1001.0
-3428.79571257	-0.0	-107.346915527	-0.0	-0.251619358227	-0.36812333114	1001.0
-3784.28215864	-0.0	-14.7140512591	-0.0	-0.0313549087032	-0.137270411252	1001.0
-4129.63594758	-0.0	187.846265015	0.0	0.366919745927	0.269834155736	1001.0
-4450.37436339	-0.0	551.674666827	0.0	0.994745956663	0.905123798785	1001.0
-4729.83991339	-0.0	1147.18437844	0.0	1.92069832712	1.8374813015	1001.0
-5425.76042056	-0.0	-1215.85652074	-0.0	-5.34921674665	-5.43243377226	1001.0
-5208.68801119	-0.0	-470.210804238	-0.0	-1.42777747858	-1.51099450419	1001.0
-4912.35133833	-0.0	-986.247394651	-0.0	-3.67932594219	-3.76894810007	1001.0
-4751.06044905	-0.0	-444.76313301	-0.0	-1.23064393295	-1.32026609082	1001.0
-4435.21023979	-0.0	-794.576683079	-0.0	-2.69920886498	-2.79629445517	1001.0
-4319.09623101	-0.0	-420.662848891	-0.0	-1.12516079998	-1.22224639018	1001.0
-3989.5892299	-0.0	-632.959326244	-0.0	-2.05749873566	-2.1634142382	1001.0
-3903.80539891	-0.0	-381.000584143	-0.0	-1.02518962137	-1.13110512392	1001.0
-3572.60934893	-0.0	-493.584506559	-0.0	-1.60193596543	-1.71843993834	1001.0
-3507.78355121	-0.0	-327.261852905	-0.0	-0.914722270696	-1.03122624361	1001.0
