-698.238471955	-0.0	64.6945660885	0.0	0.758244633793	0.175701890897	1001.0
-1336.23579018	-0.0	104.017500247	0.0	0.609556277337	0.318287689119	1001.0
-1927.46748084	-0.0	142.849088523	0.0	0.558055013435	0.363883374774	1001.0
-2526.32906204	-0.0	227.751183456	0.0	0.667319415403	0.521686557035	1001.0
-3135.79847505	-0.0	494.697224624	0.0	1.15956194517	1.04305797226	1001.0
-3426.63482569	-0.0	776.867534451	0.0	1.65546593446	1.54955043191	1001.0
-3691.13663297	-0.0	1223.37531366	0.0	2.38961663265	2.29253104246	1001.0
-3911.52971894	-0.0	1899.29121154	0.0	3.42468553808	3.3350633802	1001.0
-4066.46088482	-0.0	2894.08385627	0.0	4.84548266674	4.76226564113	1001.0
-5004.77590443	-0.0	21.7539342261	0.0	0.0957074352793	0.0124904096653	1001.0
-4708.49991277	-0.0	934.361708558	0.0	2.83715429824	2.75393727263	1001.0
-4538.45563902	-0.0	38.9947796994	0.0	0.145475167119	0.0558530092412	1001.0
-4317.59306138	-0.0	697.179703982	0.0	1.92907169952	1.83944954164	1001.0
-4105.95898854	-0.0	43.8347173136	0.0	0.14890829304	0.0518227028486	1001.0
-3947.60751632	-0.0	494.050606857	0.0	1.32145345735	1.22436786716	1001.0
-3702.33190588	-0.0	42.5569688127	0.0	0.138335760127	0.0324202575786	1001.0
-3587.72731781	-0.0	341.965921047	0.0	0.920155841514	0.814240338965	1001.0
-3323.63007817	-0.0	43.061831836	0.0	0.139757825131	0.0232538522182	1001.0
-3239.88405187	-0.0	237.37996036	0.0	0.663495407211	0.546991434298	1001.0
