-754.349212914	-0.0	86.140615217	0.0	1.00960039133	0.427057648435	1001.0
-1436.55460608	-0.0	192.713752994	0.0	1.12932802257	0.838059434349	1001.0
-2060.31540406	-0.0	351.422306839	0.0	1.37286826392	1.17869662526	1001.0
-2676.33892367	-0.0	637.398810378	0.0	1.86760215717	1.7219692988	1001.0
-3266.010474	-0.0	1261.35825104	0.0	2.95660245163	2.84009847871	1001.0
-3521.8742906	-0.0	1819.53053038	0.0	3.87732872872	3.77141322617	1001.0
-3726.87982834	-0.0	2636.4475116	0.0	5.14976782225	5.05268223206	1001.0
-3856.29748673	-0.0	3804.7649192	0.0	6.86051897433	6.77089681645	1001.0
-3879.48719767	-0.0	5452.06957459	0.0	9.12824573631	9.04502871069	1001.0
-5271.15485659	-0.0	1542.89147379	0.0	6.7880220808	6.70480505519	1001.0
-4828.38330113	-0.0	2793.85931515	0.0	8.48344906695	8.40023204133	1001.0
-4789.88719138	-0.0	1289.77534789	0.0	4.81167699184	4.72205483396	1001.0
-4459.15429899	-0.0	2184.18686358	0.0	6.04356816604	5.95394600816	1001.0
-4344.74654045	-0.0	1056.64253162	0.0	3.58945706464	3.49237147445	1001.0
-4108.21606122	-0.0	1661.53531992	0.0	4.44416333577	4.34707774558	1001.0
-3929.73318327	-0.0	848.545439268	0.0	2.75828334626	2.65236784371	1001.0
-3760.74222798	-0.0	1244.91635279	0.0	3.34979886506	3.24388336251	1001.0
-3538.93880847	-0.0	674.706710289	0.0	2.18977081121	2.07326683829	1001.0
-3418.13753246	-0.0	927.1494195	0.0	2.59145456383	2.47495059092	1001.0
