-670.26669604	-0.0	61.3387107492	0.0	0.718912747723	0.136370004826	1001.0
-1283.98381814	-0.0	89.6617694039	0.0	0.525429800249	0.23416121203	1001.0
-1854.24258728	-0.0	107.979842357	0.0	0.42183462982	0.22766299116	1001.0
-2434.71831768	-0.0	156.494356053	0.0	0.458534268015	0.312901409647	1001.0
-3032.22163267	-0.0	354.18078272	0.0	0.830193776942	0.713689804029	1001.0
-3321.96831383	-0.0	580.278627674	0.0	1.23654478789	1.13062928534	1001.0
-3590.49158937	-0.0	949.432413097	0.0	1.85452449512	1.75743890493	1001.0
-3821.72982642	-0.0	1520.05722558	0.0	2.74087405125	2.65125189337	1001.0
-3996.55572002	-0.0	2372.44144144	0.0	3.9721115397	3.88889451408	1001.0
-4828.86566616	-0.0	-248.355569665	-0.0	-1.09265176418	-1.1758687898	1001.0
-4566.66716846	-0.0	582.322059595	0.0	1.76819910235	1.68498207674	1001.0
-4377.14874878	-0.0	-181.575243347	-0.0	-0.677390385952	-0.767012543831	1001.0
-4181.80974462	-0.0	419.437423728	0.0	1.16056858685	1.07094642897	1001.0
-3957.9755205	-0.0	-133.10978343	-0.0	-0.452179273694	-0.549264863886	1001.0
-3817.81602149	-0.0	279.648274478	0.0	0.7479844656	0.650898875409	1001.0
-3566.70761669	-0.0	-96.5785055673	-0.0	-0.313938265631	-0.419853768179	1001.0
-3464.87195098	-0.0	179.272484512	0.0	0.482383225035	0.376467722487	1001.0
-3199.85687841	-0.0	-64.5148487921	-0.0	-0.209383915441	-0.325887888354	1001.0
-3124.95520705	-0.0	115.590747951	0.0	0.323085109059	0.206581136146	1001.0
