-690.462866766	-0.0	47.7973123654	0.0	0.560202468338	-0.0223402745589	1001.0
-1326.59030663	-0.0	35.0389409591	0.0	0.205332817671	-0.0859357705474	1001.0
-1922.34471584	-0.0	-17.2477497524	-0.0	-0.0673801514543	-0.261551790115	1001.0
-2537.49041123	-0.0	-81.4241499219	-0.0	-0.238575779503	-0.384208637871	1001.0
-3191.15640576	-0.0	-70.3390141945	-0.0	-0.164873462112	-0.281377435025	1001.0
-3522.00517735	-0.0	18.8296923783	0.0	0.0401251344742	-0.0657903680742	1001.0
-3843.42355518	-0.0	210.309221429	0.0	0.410796595219	0.313711005028	1001.0
-4141.93257582	-0.0	551.87661558	0.0	0.99511009828	0.905487940402	1001.0
-4402.02922632	-0.0	1109.07182146	0.0	1.85688755197	1.77367052636	1001.0
-5049.71761914	-0.0	-1115.83603668	-0.0	-4.90917202163	-4.99238904724	1001.0
-4847.6898322	-0.0	-414.797044007	-0.0	-1.25951567313	-1.34273269875	1001.0
-4571.89134458	-0.0	-899.315815275	-0.0	-3.35501622343	-3.4446383813	1001.0
-4421.77903179	-0.0	-388.889966674	-0.0	-1.07604484848	-1.16566700636	1001.0
-4127.81943109	-0.0	-719.104859396	-0.0	-2.44282805255	-2.53991364274	1001.0
-4019.75292787	-0.0	-365.596278592	-0.0	-0.977872427708	-1.0749580179	1001.0
-3713.08304565	-0.0	-567.769596795	-0.0	-1.84559288269	-1.95150838524	1001.0
-3633.24462869	-0.0	-328.837435288	-0.0	-0.88482994464	-0.990745447188	1001.0
-3325.00276039	-0.0	-438.021001079	-0.0	-1.4216037698	-1.53810774272	1001.0
-3264.66983974	-0.0	-279.784271515	-0.0	-0.782018746984	-0.898522719898	1001.0
