-821.005675815	-0.0	61.0678532299	0.0	0.715738195779	0.133195452882	1001.0
-1571.17834669	-0.0	92.3028415602	0.0	0.540906831594	0.249638243376	1001.0
-2266.36286209	-0.0	122.958517026	0.0	0.480350400413	0.286178761752	1001.0
-2970.51878723	-0.0	207.787856115	0.0	0.608826125804	0.463193267436	1001.0
-3687.14765748	-0.0	506.666102401	0.0	1.18761679267	1.07111281976	1001.0
-4029.12006977	-0.0	830.949870215	0.0	1.77071269216	1.66479718961	1001.0
-4340.12768931	-0.0	1348.46026795	0.0	2.6339448318	2.53685924161	1001.0
-4599.27120798	-0.0	2135.72245773	0.0	3.85100387444	3.76138171657	1001.0
-4781.44301841	-0.0	3297.91844589	0.0	5.52161148727	5.43839446165	1001.0
-5884.73650301	-0.0	-14.3853613474	-0.0	-0.0632890596166	-0.146506085231	1001.0
-5536.3680293	-0.0	1040.74080573	0.0	3.1601704386	3.07695341298	1001.0
-5336.42586127	-0.0	-1.27886040092	-0.0	-0.00477095734304	-0.0943931152213	1001.0
-5076.73030295	-0.0	756.216691336	0.0	2.09242496536	2.00280280749	1001.0
-4827.88584367	-0.0	-0.216130767582	-0.0	-0.00073420488705	-0.0978197950784	1001.0
-4641.69235436	-0.0	515.181422305	0.0	1.37797274655	1.28088715636	1001.0
-4353.29136186	-0.0	-4.05021759939	-0.0	-0.0131656446858	-0.119081147234	1001.0
-4218.53651654	-0.0	336.748652652	0.0	0.906117308154	0.800201805605	1001.0
-3908.0045974	-0.0	-3.54136275656	-0.0	-0.0114935462742	-0.127997519187	1001.0
-3809.53399505	-0.0	216.212160608	0.0	0.604329764523	0.48782579161	1001.0
