-730.486603726	-0.0	79.7983000077	0.0	0.935266072948	0.352723330052	1001.0
-1393.04215815	-0.0	166.30277557	0.0	0.974556209739	0.68328762152	1001.0
-2001.16743575	-0.0	288.894881447	0.0	1.12859828938	0.93442665072	1001.0
-2606.16911743	-0.0	513.54211827	0.0	1.50469745513	1.35906459676	1001.0
-3195.99008661	-0.0	1026.84758886	0.0	2.40691341747	2.29040944455	1001.0
-3459.71105991	-0.0	1498.51706759	0.0	3.19326506461	3.08734956207	1001.0
-3680.30865136	-0.0	2198.54668011	0.0	4.29441697554	4.19733138535	1001.0
-3835.34661402	-0.0	3210.54839933	0.0	5.78906415492	5.69944199704	1001.0
-3897.2239743	-0.0	4649.6183353	0.0	7.7847243444	7.70150731879	1001.0
-5141.53931094	-0.0	1080.88859491	0.0	4.75541914241	4.6722021168	1001.0
-4746.31596098	-0.0	2220.8144387	0.0	6.74341978342	6.66020275781	1001.0
-4669.33720328	-0.0	910.466058838	0.0	3.3966136772	3.30699151932	1001.0
-4374.25205928	-0.0	1727.36381299	0.0	4.77955486565	4.68993270778	1001.0
-4232.23266198	-0.0	750.129120657	0.0	2.54821871252	2.45113312233	1001.0
-4021.07914154	-0.0	1304.25878894	0.0	3.48854401149	3.3914584213	1001.0
-3824.59279827	-0.0	605.258154299	0.0	1.96745325581	1.86153775326	1001.0
-3673.29864877	-0.0	969.778195727	0.0	2.60946198685	2.5035464843	1001.0
-3441.14648975	-0.0	484.598831664	0.0	1.57277282194	1.45626884903	1001.0
-3332.45735339	-0.0	717.914005552	0.0	2.00662534754	1.89012137463	1001.0
