-698.659472992	-0.0	77.2086679456	0.0	0.904914611716	0.32237186882	1001.0
-1333.21271482	-0.0	154.97044159	0.0	0.908147237231	0.616878649012	1001.0
-1916.67752754	-0.0	260.796019022	0.0	1.01882712311	0.824655484448	1001.0
-2499.11248253	-0.0	454.736230329	0.0	1.3323940222	1.18676116384	1001.0
-3071.66027801	-0.0	907.447482129	0.0	2.12704158249	2.01053760958	1001.0
-3331.03836673	-0.0	1328.97141869	0.0	2.83197175058	2.72605624804	1001.0
-3551.91694392	-0.0	1958.95950881	0.0	3.82643181751	3.72934622732	1001.0
-3713.51439157	-0.0	2874.63949357	0.0	5.18337379808	5.0937516402	1001.0
-3790.35976788	-0.0	4182.30726013	0.0	7.00231864118	6.91910161557	1001.0
-4934.16047244	-0.0	855.329660711	0.0	3.76306222563	3.67984520002	1001.0
-4571.18646097	-0.0	1916.5641617	0.0	5.81957522384	5.73635819823	1001.0
-4479.77255044	-0.0	726.996268597	0.0	2.71215543426	2.62253327638	1001.0
-4208.82942795	-0.0	1488.99130585	0.0	4.11998652934	4.03036437146	1001.0
-4059.00380186	-0.0	603.733059369	0.0	2.05090541999	1.9538198298	1001.0
-3865.06851213	-0.0	1121.88408828	0.0	3.00074038291	2.90365479272	1001.0
-3666.54609046	-0.0	490.944846948	0.0	1.59586621129	1.48995070874	1001.0
-3527.37809459	-0.0	832.810716809	0.0	2.24091232132	2.13499681877	1001.0
-3297.55972255	-0.0	396.921553267	0.0	1.28821489164	1.17171091873	1001.0
-3197.32111193	-0.0	616.538335546	0.0	1.72327248427	1.60676851135	1001.0
