-913.956513274	1.22351476505	57.274166856	0.323527883757	0.671275733374	-191.495935937	1001
-1724.50119412	1.53971077054	75.8407656758	0.885478491813	0.444437535494	-161.817894704	1001
-2465.34999424	1.41989938611	94.0857215495	1.61165706895	0.367556313157	-122.802627035	1001
-3221.78475382	1.31874713973	175.126626806	2.51352737824	0.513128252369	-70.904524266	1001
-4021.08582701	1.39074560133	498.195167778	3.49850809616	1.1677627488	19.5450267416	1001
-4407.69761342	1.56141869117	868.405243896	4.18255765858	1.85053089215	90.0844068748	1001
-4758.94696271	1.70599933939	1493.7222565	4.92784547307	2.91768900021	186.179968389	1001
-5053.63915577	1.87193370529	2449.89593414	5.48863991078	4.4175086069	306.284495918	1001
-5259.43620344	2.18649556456	3882.34811307	6.63713146169	6.50011490648	457.703203053	1001
-6311.59608458	0.941069596475	277.45462341	3.12193878164	1.2206761512	18.3640129265	1001
-5979.96498228	1.27969420757	1420.53925384	4.12839350375	4.31342040732	275.732990906	1001
-5749.2230338	1.02560050709	128.552432926	3.2559355671	0.47958249219	-46.6409400476	1001
-5502.7601822	1.29091220495	954.553557709	3.96008589134	2.6412199016	147.089669134	1001
-5214.8263748	1.09214560545	25.9229272124	3.29587717405	0.0880613505613	-88.5361019991	1001
-5036.94763342	1.33676552793	597.500916411	3.95178982893	1.59815771777	58.0724950571	1001
-4705.22932195	1.09255809071	-31.517780102	3.08821689726	-0.102451900986	-116.766747128	1001
-4581.5415361	1.27588503548	338.339475763	3.52659360796	0.910399179587	-9.49011592276	1001
-4221.18401715	1.09212333767	-53.0668446849	2.80379104226	-0.172229493686	-136.56939318	1001
-4130.81253976	1.24942778777	187.886416352	3.25081049536	0.525157868845	-55.3209947861	1001
