-705.22229388	0.972830408324	66.4543571625	0.294330789125	0.778871169829	-128.816995261	1001
-1351.2314469	1.1880552255	107.241396972	0.78778317051	0.628449643781	-108.220947708	1001
-1967.26200069	1.16076782258	158.099970754	1.56707242607	0.617635082172	-74.244422661	1001
-2594.59854623	1.20137633832	275.66427567	2.347315502	0.807707717521	-28.0040747395	1001
-3237.77142901	1.30311846251	601.981938075	3.229641296	1.41103753749	47.8875061345	1001
-3547.04697963	1.45360920734	935.600679411	3.91112448353	1.99372121729	105.250482123	1001
-3835.34969742	1.5988639807	1438.0651864	4.56278656994	2.80897399612	175.625308054	1001
-4077.40616	1.72714508096	2215.47890647	5.15383391597	3.99482157643	268.40237214	1001
-4264.5706103	1.84725319086	3321.21254527	5.64870695726	5.56062015676	379.521244401	1001
-5153.67841485	0.872693213169	189.106412729	2.91222168712	0.831983569853	-13.9818275711	1001
-4875.14622341	1.13561352918	1179.41374897	3.73171696192	3.58125079595	214.804013603	1001
-4675.74803419	0.952573957287	171.506711687	3.04795088208	0.639829323693	-32.2792732151	1001
-4464.57774598	1.17189229052	895.484977425	3.6800440046	2.47777898354	132.441741372	1001
-4228.81274243	1.00168896232	147.220875762	2.94987755624	0.500115941544	-48.5315388424	1001
-4075.12341687	1.20580816219	650.387544645	3.59003142303	1.73961553107	71.8060103482	1001
-3810.21611348	1.05549469543	120.679346639	3.00930539803	0.392281069065	-64.3668559781	1001
-3700.99714787	1.22533305055	453.448465216	3.36361930953	1.22013285558	23.3154820259	1001
-3415.59626092	1.06659490997	104.225836717	2.74376386226	0.338267013865	-77.0945218925	1001
-3337.75344529	1.1559813957	315.824438349	2.89950429929	0.882755082524	-13.6594986899	1001
