-769.279808326	1.12504688525	62.0630237987	0.306145940703	0.72740301785	-158.799393687	1001
-1469.84542935	1.36750837231	93.4045475646	0.838379762468	0.547363763454	-131.838717595	1001
-2116.36788883	1.39637346785	116.392809384	1.54253632089	0.454701427491	-105.881517383	1001
-2756.47471157	1.30202417848	172.403910653	2.34594467229	0.505150581544	-72.0663352715	1001
-3433.04221072	1.27570981485	362.97702356	3.33949174615	0.85081324388	-17.380849794	1001
-3775.93869558	1.3558787181	569.516140476	3.74248463722	1.21361221496	22.624845098	1001
-4105.82406656	1.47093252878	923.082409107	4.38294303023	1.80305768332	77.9653291432	1001
-4413.4478422	1.62503358904	1463.38123949	5.09965375721	2.63868319079	146.862323638	1001
-4687.55346119	1.7497853631	2259.26232081	5.68154828009	3.78262439674	231.561725698	1001
-5456.6035444	0.760623678143	-585.128237089	2.81721620879	-2.57430233321	-297.442808816	1001
-5217.79450432	1.06307609507	304.199857192	3.68977666997	0.923692793684	-6.35005874253	1001
-4935.1525135	0.914995543783	-379.658797814	3.13273695846	-1.41636924555	-216.560226017	1001
-4750.32504751	1.12404237138	270.810198308	3.6006608606	0.749323366458	-22.4661808277	1001
-4461.75088095	0.93621136793	-247.307159721	3.0211296973	-0.840113553152	-178.648510327	1001
-4321.12039084	1.1907894962	195.590579182	3.64103522322	0.523153329238	-46.2949404617	1001
-4022.08449729	1.02783377014	-143.245819042	2.8069569132	-0.465635791028	-155.23355136	1001
-3912.97958536	1.17645134868	151.55637304	3.16716473621	0.407805791404	-62.7225472098	1001
-3618.95964631	1.15111121825	-85.7393962315	2.68766115839	-0.278268905748	-148.923405971	1001
-3531.91529003	1.1701010968	104.437201324	2.89399670351	0.291910501781	-82.4952397206	1001
