-761.597175103	1.03068160471	62.4758193429	0.295765495361	0.732241143777	-155.980978539	1001
-1462.85563582	1.36337260559	94.7192742141	0.834135027951	0.555068246218	-129.594643778	1001
-2104.83214003	1.33392445233	126.146009632	1.54466115104	0.492803386701	-98.4831975275	1001
-2754.43669538	1.23298742903	201.269427701	2.33647137759	0.589727739149	-59.7491220568	1001
-3433.93095259	1.30176158427	430.082951213	3.38941045939	1.00810863253	0.944687904075	1001
-3770.7270659	1.41636441873	689.878605617	3.94851149791	1.4700989895	49.7907707202	1001
-4096.49572181	1.54077877472	1090.41264637	4.45134377946	2.12990398327	109.697395075	1001
-4391.65010624	1.70085555566	1715.80196073	5.17428584744	3.09383342519	187.653869803	1001
-4641.46426767	1.88386256555	2630.72501912	5.97232648499	4.40455477294	283.316921745	1001
-5462.64981649	0.797144569664	-354.687382343	2.79269207842	-1.56046572025	-213.074341426	1001
-5205.54036296	1.15827435629	593.074370728	3.94603399908	1.80085068881	66.644412284	1001
-4942.68340058	0.95441732516	-213.285833654	3.24646935048	-0.795692071509	-160.933798334	1001
-4748.69627882	1.16030663566	462.550502689	3.78436152005	1.27986280427	25.0819084286	1001
-4465.67704073	0.978173342362	-133.019110772	3.14814536078	-0.451871906636	-140.955840938	1001
-4321.92271108	1.2120972216	337.812164406	3.74740337207	0.903558643798	-9.36306598569	1001
-4025.41887458	1.04158540837	-78.8904665281	2.99760456396	-0.256441863588	-133.076671405	1001
-3921.49590985	1.21436545744	222.261667856	3.41310541928	0.598058620304	-42.5718232255	1001
-3618.98981365	1.07497112262	-43.3157300539	2.66140487204	-0.140582058348	-132.882341231	1001
-3532.9511348	1.14605348136	159.026368914	2.94210435223	0.44449168072	-64.7189261824	1001
