-866.468205013	1.10838285457	58.8777331144	0.322131094175	0.690070159818	-180.547379205	1001
-1645.75032341	1.46996187364	85.4975464389	0.881583925793	0.501027626653	-145.334978745	1001
-2365.38192325	1.38283473814	111.085244868	1.55922075958	0.433966837659	-109.907586668	1001
-3107.48775882	1.25321062296	207.225117812	2.40164921992	0.607178157251	-57.2077677889	1001
-3877.26832225	1.40026642474	560.573254565	3.52939362443	1.31397614227	36.5794679741	1001
-4243.32753331	1.53060799152	960.579152354	4.19744852719	2.04694917296	110.888147797	1001
-4575.2266103	1.70893559022	1604.28537417	4.82150232732	3.1336520354	207.14686712	1001
-4844.4649496	1.83803055052	2597.93409898	5.3219835039	4.68444233996	330.207673086	1001
-5030.61120618	2.15587637044	4044.05582016	6.51772304736	6.77085793279	480.233632409	1001
-6079.77836031	0.955369763642	467.602575556	3.15073202383	2.05724202827	87.9805369472	1001
-5751.80053491	1.29095566538	1596.08218734	4.0559459391	4.84645071233	320.090187451	1001
-5544.75986953	1.01550062856	271.523539746	3.21736264153	1.012955826	1.16112908359	1001
-5296.49986683	1.33160924904	1100.88225312	4.07664884216	3.04610683474	183.376509779	1001
-5033.13320956	1.08058103106	135.589139079	3.30097796297	0.460602408474	-52.3677335211	1001
-4856.47026509	1.30616260122	701.164700961	3.80527194717	1.87543106209	84.9917413351	1001
-4541.06974715	1.09186413438	56.2696465141	3.10149962776	0.182910478928	-86.5424472514	1001
-4417.61475	1.26366149884	427.22495359	3.47638910039	1.14957099336	15.8418869288	1001
-4074.99056998	1.0893488981	13.0266216899	2.8868795332	0.0422781582629	-111.578399508	1001
-3985.04303485	1.23117468731	253.768762084	3.2168345128	0.709304402428	-33.8671920255	1001
