-853.655872021	1.12556207989	59.4948459267	0.322031088044	0.697302964386	-176.333961393	1001
-1624.63229459	1.37870732485	88.1975638378	0.842779043376	0.516850107714	-140.726387024	1001
-2339.38602706	1.34912515701	114.716936194	1.54836980417	0.448154442883	-107.152756113	1001
-3070.7117409	1.25002210826	213.085557469	2.37656684621	0.624349487585	-54.7070578703	1001
-3830.62672996	1.33702593824	575.871329751	3.36774277689	1.34983462401	40.7571235601	1001
-4189.77982516	1.55439590011	984.315554197	4.12107435931	2.09753033329	116.245476813	1001
-4521.54470432	1.67973216843	1617.72844453	4.73019332906	3.15991039658	209.696175613	1001
-4785.98039022	1.83506891934	2605.97316721	5.31513622343	4.69893791613	331.506797901	1001
-4959.62484049	2.05991714845	4073.45624737	6.29788157904	6.8200823067	484.329938393	1001
-6011.52297946	0.928965149693	492.572269131	3.03403769629	2.16709750329	97.1223828255	1001
-5685.43559175	1.24742232119	1612.92511895	3.94594654745	4.89759371644	324.346156135	1001
-5484.64988137	1.08513358432	286.827368402	3.43956078419	1.07004885894	6.27792989493	1001
-5234.24796736	1.3607912948	1125.52732857	4.18180666315	3.11429898929	189.48803782	1001
-4975.6074048	1.08091701289	157.732252801	3.29934542858	0.535823562476	-45.06484339	1001
-4798.41140988	1.28949042095	727.507863078	3.76163164125	1.9458920885	91.8324916692	1001
-4490.80140124	1.04479670793	69.9337097	2.97877298454	0.227326971589	-81.8380521098	1001
-4365.75297944	1.26323030992	449.437630622	3.42821384831	1.20934055735	22.1724103358	1001
-4029.77256142	1.05286258894	27.7579192124	2.73305251524	0.0900888756462	-106.008260985	1001
-3940.09970815	1.22353278076	265.485345408	3.09770833773	0.742053209118	-30.0518259379	1001
