-895.035758309	1.21873912311	57.1484890518	0.335733413006	0.669802740141	-192.354017455	1001
-1693.00869626	1.52971050518	78.668793685	0.904136782679	0.461010176705	-156.990804895	1001
-2414.13898699	1.46669894906	95.3151646613	1.61614322585	0.372359269121	-121.870029205	1001
-3153.87115302	1.31943900135	154.361776013	2.55913770715	0.452286381588	-79.7650998163	1001
-3933.24338918	1.33373226629	432.552647533	3.39547895373	1.01389756736	1.61912181156	1001
-4316.00357357	1.52536690934	751.464088524	4.1613856248	1.60133476845	63.6906742001	1001
-4673.48850759	1.68250021691	1292.61055375	4.86852321896	2.52485733397	148.041674226	1001
-4986.36605972	1.78135645519	2116.16461895	5.36697664911	3.8157438802	252.353042576	1001
-5222.46554178	2.00133217304	3366.72267723	6.1800258648	5.63681659214	385.862085116	1001
-6197.7895381	0.936608260486	-47.5265257204	3.18179308214	-0.209095439762	-100.617326181	1001
-5892.1778734	1.27271065064	1031.55146264	4.19184548169	3.13227185952	177.44132195	1001
-5630.80167635	0.956273639192	-78.5922618946	3.10424835231	-0.293199218158	-115.899304498	1001
-5403.75511159	1.28992420222	697.978023746	3.97264427527	1.9312834071	83.4636285408	1001
-5100.4590073	1.05444509292	-103.165900479	3.27719730297	-0.350459207543	-131.110129194	1001
-4935.92252913	1.28320277529	433.349308391	3.80305918543	1.15909536316	15.4458672289	1001
-4598.80145782	1.09471620307	-99.5782582019	3.08095617894	-0.323689733753	-140.199263369	1001
-4479.96669541	1.24811458689	248.637199002	3.5451204524	0.669029534539	-35.054903178	1001
-4129.30080149	1.14718582011	-89.5985627189	2.79522972146	-0.290793906888	-150.382618364	1001
-4039.21740418	1.26101208315	137.82937991	3.24284494195	0.385244366372	-71.6214736884	1001
