-849.811932269	1.18787889548	58.6074001377	0.311444226646	0.686901751142	-182.393112686	1001
-1610.64508258	1.52285970984	81.9295632575	0.854916346337	0.480118744237	-151.425079407	1001
-2307.86720213	1.47732685075	99.5087316105	1.54044504588	0.388741903823	-118.688986179	1001
-3001.0836917	1.32969809647	146.950176161	2.43437880716	0.430570087792	-82.927705755	1001
-3735.09659115	1.36488358511	375.803219196	3.55866634353	0.880877673327	-13.8782243201	1001
-4106.04991761	1.39149888892	630.726770163	3.92043536052	1.34404919926	36.440143841	1001
-4462.33615847	1.5830041179	1049.70172698	4.66735299995	2.05038330854	101.977083436	1001
-4781.62843016	1.74728484128	1722.75894821	5.29478025804	3.10637785681	188.778128834	1001
-5043.92223109	1.94752425839	2740.65345299	6.18544607777	4.58860510301	298.633042776	1001
-5918.67673001	0.839405616014	-412.334714175	2.99033001516	-1.81408817672	-234.180047882	1001
-5649.8180228	1.14810286019	568.861742963	3.92449215695	1.72732984633	60.5262264522	1001
-5361.99343869	0.987650021529	-296.425098244	3.20774736368	-1.1058545072	-188.731225113	1001
-5158.48667348	1.17172578481	414.337283193	3.76401021251	1.14645833071	13.1259116372	1001
-4848.58486387	0.986007724696	-218.0328692	3.07206832222	-0.740667470582	-168.993728708	1001
-4696.13821384	1.17457660779	276.865266489	3.67552382583	0.740541730177	-25.1896592558	1001
-4372.22069337	1.0507036361	-159.55255707	3.03688120563	-0.518642579717	-160.847792022	1001
-4258.13701533	1.19728494929	161.760948917	3.42081979609	0.435264122966	-59.8142842231	1001
-3927.51742032	1.10622977684	-102.834052376	2.8360724784	-0.333749950269	-155.387168079	1001
-3841.69524884	1.16976357486	94.3545373694	3.00341881629	0.26372863309	-85.7785393872	1001
