-748.285059179	1.02265455821	64.2501848699	0.308156746527	0.753037404742	-143.866267635	1001
-1435.19952899	1.22296828061	101.873798033	0.833324083843	0.596994760348	-117.382767198	1001
-2079.99508133	1.2442584228	144.419248853	1.57484931881	0.56418982374	-84.6219760695	1001
-2744.20073701	1.19792125691	250.429568273	2.36457140259	0.733768982208	-38.7719841072	1001
-3419.64586219	1.40172385373	587.043807236	3.44941385967	1.37602276044	43.8081454967	1001
-3747.72356477	1.4840141251	930.43650234	4.03679228111	1.98271659789	104.084922328	1001
-4047.13905504	1.60197193	1478.36694446	4.55409585497	2.88769545566	183.268027414	1001
-4302.12932917	1.79277208248	2297.95169991	5.28488647706	4.14353167868	281.730092402	1001
-4485.14502587	1.98597021367	3510.91735462	6.11288411785	5.87823800636	405.952457127	1001
-5424.14348835	0.899741070285	234.91753075	3.00917532178	1.03353198357	2.79043193567	1001
-5128.24800736	1.15978434194	1277.85302966	3.78629465771	3.88015841224	239.678216364	1001
-4923.00824273	0.947577702931	190.343037959	3.06694149339	0.710100823744	-25.9813897432	1001
-4704.70649858	1.2180089155	936.521309135	3.77758284556	2.5913252326	142.618001231	1001
-4458.76107096	1.01113108383	134.116147761	2.99225809054	0.455598590665	-52.8535321263	1001
-4299.20158894	1.28934541418	656.721014947	3.80661061789	1.75655589746	73.4506758173	1001
-4018.94322279	1.06387551445	100.908344856	2.96837788675	0.328013322081	-71.1738066977	1001
-3905.48106727	1.23739224994	443.507213749	3.44043081719	1.19338307369	20.4822654346	1001
-3603.91088501	1.07305358604	74.9118321063	2.75463262601	0.243127832292	-88.1786145254	1001
-3520.8965595	1.25180054106	300.509414772	3.16860032029	0.839948341627	-18.6466540718	1001
