-936.365658207	1.37638592197	56.0996085652	0.350122692296	0.657509448828	-199.515385096	1001
-1768.29321362	1.55395635051	75.8293791351	0.922966310635	0.444370808767	-161.837330103	1001
-2523.07261098	1.45566109444	90.8942920873	1.67219600526	0.355088639768	-125.223495607	1001
-3302.11970793	1.32176035651	176.976936011	2.48837022761	0.518549734788	-70.1149782848	1001
-4121.71700077	1.47818309708	536.742683007	3.67874044638	1.25811760419	30.0717263671	1001
-4510.00725885	1.65384562418	963.224581296	4.42448877145	2.0525864581	111.485223686	1001
-4862.01090511	1.76788270335	1647.37025438	4.91990385516	3.21780976989	215.317370442	1001
-5141.1526135	1.92508552297	2721.75379625	5.60890345544	4.90770675327	350.217111584	1001
-5325.00726373	2.04292599312	4302.23949244	6.19459352351	7.20312816925	516.205875748	1001
-6433.46676566	0.978532804256	560.226821427	3.13493393265	2.46474725045	121.891909459	1001
-6086.82491776	1.28879173022	1738.56087943	4.05716168285	5.27908254308	356.092521593	1001
-5878.67847972	1.08357672287	293.850386499	3.3937968784	1.09624919171	8.62606025523	1001
-5616.18470007	1.36089739453	1165.40538795	4.09144951344	3.22464033496	199.377067323	1001
-5338.52472723	1.10221089017	126.191654628	3.3111990636	0.428678730804	-55.4670626088	1001
-5152.72769662	1.31262620679	721.451586774	3.8346777195	1.92969314311	90.2598074953	1001
-4819.01143437	1.13973613454	26.2101087008	3.17693806113	0.0851987498095	-96.8916341459	1001
-4694.89824141	1.32017374946	404.207975649	3.67393334005	1.08763722762	9.28214100523	1001
-4329.0307305	1.14692065878	-28.9664723209	2.8506105882	-0.0940112586556	-127.456658045	1001
-4236.12706581	1.27280040204	214.208032427	3.27883796633	0.598728934123	-46.7496733898	1001
