-775.148413415	1.06859420423	62.1437673864	0.307223078268	0.728349364415	-158.248106364	1001
-1480.2635131	1.31149893213	95.4758942058	0.850421052297	0.559502145605	-128.303188163	1001
-2139.27330116	1.26520323414	126.533463517	1.56088739647	0.494317018304	-98.1892931987	1001
-2808.26764446	1.20836462324	216.00702224	2.32893404755	0.632909500074	-53.460438784	1001
-3499.05747475	1.31705694023	507.511538876	3.41615379969	1.1896001969	22.0891762041	1001
-3841.1330781	1.45532820825	806.606406106	3.89408315816	1.71884046394	76.1363489902	1001
-4161.34877305	1.57687534198	1293.52974741	4.61017731886	2.52665279575	148.215987693	1001
-4440.36414025	1.76675414166	2036.62855809	5.32114533909	3.67232912183	239.499902459	1001
-4659.3897938	1.93069176632	3135.39496465	6.05800889504	5.24951059356	353.631631912	1001
-5554.42215304	0.847645432938	-38.6817124907	2.90185249316	-0.17018222059	-97.379083824	1001
-5274.22846002	1.22030217662	966.868055285	4.03550468575	2.9358628349	161.096747117	1001
-5037.20042897	0.936359149885	-15.4206202314	3.06818603735	-0.0575287399338	-94.7780076912	1001
-4827.42528516	1.22420771832	710.348374709	3.84592645349	1.96551178212	86.5312493709	1001
-4557.90230082	0.994330194175	-12.066955757	3.07651422051	-0.0409919918539	-101.065321914	1001
-4403.60490925	1.2232826753	490.139292943	3.67076029944	1.31099362743	30.1929998646	1001
-4107.1088055	1.03165836265	-5.367768039	2.95653774379	-0.0174485016987	-107.763569375	1001
-3996.86746164	1.1855580393	326.620123026	3.27340118983	0.878864907409	-12.830084208	1001
-3682.34001814	1.0799416944	10.1613734281	2.7596026637	0.032978938376	-112.66179557	1001
-3603.18058602	1.17481676313	214.107126924	2.89709541524	0.598446895006	-46.7825320674	1001
