-778.757608176	1.08276175883	61.3169299877	0.307774336922	0.718658505313	-163.893446006	1001
-1487.72121128	1.36753042601	94.4455583651	0.847504186157	0.553464232911	-130.061842469	1001
-2147.48388513	1.34718912391	127.090556357	1.50020112975	0.496493363311	-97.7667087224	1001
-2818.20054969	1.25636965593	203.912838097	2.39906775058	0.597473040829	-58.6211516342	1001
-3511.63279884	1.26368152644	481.591440351	3.31134268878	1.12884383582	15.0108187584	1001
-3855.54567381	1.37900692238	771.926337274	3.78263459716	1.64493886193	68.3090236743	1001
-4177.23463768	1.59297924844	1242.65694011	4.55859749164	2.4272828964	138.568602367	1001
-4465.99224457	1.74331488352	1954.86663715	5.27851835697	3.52490082317	226.287060201	1001
-4694.09759869	1.91929981674	3018.80229878	5.96782769438	5.05430251242	337.386996024	1001
-5577.23940415	0.83984174373	-127.974543736	2.88438893141	-0.563030709595	-130.070766596	1001
-5300.64960381	1.1573514211	864.374899697	3.80136687044	2.62464576171	135.198187966	1001
-5054.02552769	0.955511764264	-74.6857178352	3.13715355022	-0.278625319452	-114.593160247	1001
-4846.39210887	1.20540607954	644.320003361	3.80024814248	1.78281333942	70.1574206945	1001
-4571.26668205	0.953692041898	-48.5410083576	2.98266818653	-0.164895990277	-113.094614728	1001
-4420.17759682	1.23292286764	444.358267816	3.69847747544	1.18854143259	18.3046562582	1001
-4117.93768365	1.04770853012	-25.5271352869	3.12560530114	-0.0829786719882	-114.704230293	1001
-4007.4421794	1.17989000542	300.02926042	3.35160855991	0.807314582262	-20.4083728534	1001
-3696.46464327	1.10826229327	-12.182090584	2.78707446886	-0.0395372158601	-121.110215639	1001
-3613.80547626	1.18402468682	194.240802624	3.02351828777	0.542918897114	-53.2517644298	1001
