-931.870303281	1.22167595092	55.8958859668	0.327604222549	0.655121739951	-200.906327575	1001
-1762.47116982	1.49882865383	74.852276138	0.880496967483	0.438644848011	-163.505122609	1001
-2504.43904923	1.46110319978	83.1354070505	1.60859762624	0.324777694267	-131.109021564	1001
-3266.90108817	1.29997046837	153.010228834	2.52680406633	0.448326292513	-80.3418189077	1001
-4076.1325147	1.4344415492	456.069146979	3.66103420143	1.06901992465	8.04109543141	1001
-4471.55053101	1.47265090835	809.549589601	4.08705885757	1.72511225009	76.8006283718	1001
-4834.09310709	1.72848663218	1405.63305213	4.91811964525	2.74562427966	169.474963443	1001
-5138.16596148	1.82120313141	2342.83174894	5.44139286339	4.22445674986	288.982771908	1001
-5361.76603962	2.14092991366	3728.58147663	6.51170590243	6.24266740911	436.27918807	1001
-6400.9438101	0.943847221345	146.026865164	3.13651285846	0.642452843454	-29.7540108846	1001
-6073.45977704	1.30616934774	1285.59386707	4.1933278587	3.90366320872	241.634215615	1001
-5826.71854513	1.05727108407	31.9830558159	3.39896322513	0.119317178733	-78.9286948483	1001
-5584.65441004	1.31155234607	849.432120919	3.98739442104	2.35035216694	121.021475097	1001
-5281.95362499	1.0978671964	-40.5291201718	3.31046855044	-0.137679245486	-110.452260996	1001
-5108.59286807	1.32604561222	519.118596629	3.9916915022	1.38850563882	37.7182992378	1001
-4764.1180109	1.1090896658	-74.5208826246	3.16744009264	-0.242238065732	-131.572269017	1001
-4643.64325811	1.27800675455	284.427654293	3.60306052951	0.765333996384	-24.854767704	1001
-4277.65121743	1.09919947552	-88.1625089655	2.85731136954	-0.286133166037	-149.839623539	1001
-4189.00561499	1.25653447516	143.229809295	3.23468156777	0.400339007283	-69.8628880525	1001
