-657.412514122	0.897273727866	67.4631218886	0.292612036787	0.790694288672	-121.929523181	1001
-1263.04205133	1.19334628709	114.998454575	0.810835394367	0.673907090488	-94.9806213815	1001
-1846.0552981	1.18915590723	166.660868848	1.4979333188	0.651079180691	-67.7505272481	1001
-2438.58491948	1.16908265248	268.092258225	2.22641001125	0.785521393549	-31.2351325162	1001
-3037.99821907	1.28864766585	551.002080088	3.29206989014	1.29154143848	33.965735852	1001
-3332.36757798	1.35671599539	827.931907966	3.72415935873	1.76428410936	80.9495355323	1001
-3615.5524295	1.51573283553	1237.41522381	4.33994838847	2.41704424735	137.574577081	1001
-3865.07912083	1.65880993867	1868.2315986	5.00832415363	3.36868560476	212.286715234	1001
-4067.25622498	1.82253674169	2780.34412219	5.67082781265	4.65505816259	304.163068738	1001
-4862.33609408	0.813221889273	-98.8325745681	2.89468295483	-0.434819089528	-119.401376925	1001
-4614.81828718	1.11254432579	804.212866235	3.69289105615	2.44196573919	119.996099853	1001
-4398.35736529	0.904527484465	-2.06464312817	2.97079577127	-0.00770243451915	-90.3124666808	1001
-4209.32033494	1.18379594805	660.962865107	3.80089606253	1.82886361843	74.2845460705	1001
-3972.46801929	0.989857314271	49.8264177915	3.09454112669	0.169262583982	-80.6526323281	1001
-3833.83583726	1.16414530421	503.481039316	3.46450758868	1.34667928807	33.6575632892	1001
-3575.55767158	0.980676620167	76.3878669243	2.84376357569	0.24830689704	-79.6159527623	1001
-3475.16185036	1.15049978794	377.993955378	3.10945838868	1.01710090461	1.81125090609	1001
-3205.89516928	1.0130405789	88.629891589	2.51165070419	0.287650065582	-82.9915974641	1001
-3132.70942193	1.13447382193	280.479967988	2.80972088768	0.783964403079	-25.169005332	1001
