-858.548609959	1.1255213483	59.259298658	0.316271910282	0.694542257872	-177.942190938	1001
-1635.21252185	1.452201572	86.3180136104	0.85597606276	0.505835679478	-143.934543986	1001
-2355.55389069	1.27223084763	115.321405039	1.54389666613	0.450515867511	-106.694234423	1001
-3096.50093169	1.29595030189	216.556479562	2.51018260215	0.634519432728	-53.2259796898	1001
-3861.18344546	1.45695292266	595.757125931	3.63882460706	1.39644666185	46.1876111534	1001
-4225.77816812	1.56603282951	1007.42489292	4.11213004893	2.14677525149	121.461277072	1001
-4552.40462077	1.70342843203	1670.83023483	4.82322335231	3.26363417038	219.766259409	1001
-4814.39169424	1.9042601027	2690.7886447	5.60227108625	4.8518722088	345.213099224	1001
-4981.31659649	2.0532527386	4202.70822098	6.24364483523	7.03648553895	502.338371714	1001
-6054.07272708	0.951542721959	569.228437929	3.09622216559	2.50435033384	125.187560264	1001
-5718.59954986	1.31613816029	1716.19813463	4.14826990089	5.21117880898	350.441774812	1001
-5520.94522909	1.0404941161	354.836195436	3.23884146028	1.32376512099	29.016528789	1001
-5272.37157764	1.38758532922	1182.93830547	4.18191268499	3.27315337053	203.724910255	1001
-5013.71930852	1.11887808647	196.173307699	3.36032012127	0.666409556239	-32.3868251147	1001
-4838.000839	1.30948397825	761.308458448	3.76218243627	2.03629978642	100.609776379	1001
-4528.11025986	1.10478177959	86.3672307307	3.11483500964	0.280745881933	-76.1801613751	1001
-4404.36052131	1.29344563822	463.202548451	3.45173739912	1.24637900777	26.0953564258	1001
-4063.24134459	1.07613726492	35.2945860635	2.82327102055	0.11454927693	-103.158527057	1001
-3973.40148621	1.21323168321	278.720130341	3.03699400641	0.779045513219	-25.742075543	1001
