-699.853267094	0.967058404618	65.9061570906	0.297729357988	0.772446049649	-132.559902394	1001
-1345.81418142	1.20362316702	106.720912476	0.813999062577	0.625399531557	-109.109349589	1001
-1953.57635907	1.19846548074	151.027475083	1.45352593132	0.590005592906	-79.6092858672	1001
-2574.53430603	1.17003665343	248.690930522	2.28800127562	0.728674701762	-39.5138787299	1001
-3209.04631135	1.28164838772	537.996028843	3.16081855602	1.26105542991	30.4139947355	1001
-3525.76929857	1.47947822929	810.965139048	4.01434132473	1.72812871964	77.1201192608	1001
-3816.84868988	1.60310534468	1267.25802451	4.64630264951	2.47533621624	143.233887285	1001
-4079.95556787	1.74416139742	1929.42738304	5.2629131364	3.47903025275	222.176040697	1001
-4290.44888315	1.81320916579	2910.43154648	5.69230685399	4.87286016828	322.287903824	1001
-5121.60313076	0.895328369462	-77.2714684988	3.09338107443	-0.339959873817	-111.507475141	1001
-4863.52575891	1.15163215743	860.444658704	3.78874508856	2.61271171508	134.205072102	1001
-4637.12636046	0.938337348402	-4.78518963336	3.03442930166	-0.0178518065954	-91.2220753074	1001
-4439.3134712	1.2082185268	683.409994684	3.79605650217	1.89097412537	79.8510237293	1001
-4190.2715434	0.953213926666	31.345462761	2.98627117096	0.106481947894	-86.7477274353	1001
-4047.74110728	1.21814264915	498.565978211	3.66511391727	1.33353279302	32.3812280587	1001
-3770.69756269	1.00389289043	56.3017671987	2.85883573763	0.183014890634	-86.5313884331	1001
-3669.00273969	1.15902203395	362.422027146	3.2919619306	0.975200175604	-2.62668586404	1001
-3382.53340336	1.01103457224	60.3336913464	2.64269717516	0.19581418821	-93.6908420339	1001
-3307.08424559	1.17255018324	263.506943397	2.93284097924	0.736523414022	-30.6960690361	1001
