-815.584065837	1.07612722134	61.4327956113	0.333151697289	0.720016495934	-163.102358424	1001
-1554.05514968	1.30159982501	90.7493745021	0.797518959994	0.531804076501	-136.370765647	1001
-2245.31430898	1.33318384111	118.426966892	1.56913336653	0.462648089554	-104.338500989	1001
-2948.09778893	1.28087582059	202.187619109	2.43845823547	0.592418077914	-59.3573203325	1001
-3673.41140598	1.34106689338	512.859069824	3.37152145627	1.20213473726	23.5494999551	1001
-4029.68170867	1.49413666113	850.338248117	4.16537214477	1.81203097054	86.0066683292	1001
-4358.22397524	1.6085682203	1392.3688502	4.57695861091	2.71971530235	166.95957509	1001
-4639.28994053	1.82027705199	2221.71896499	5.42644928102	4.00607328385	269.410774439	1001
-4852.19560518	2.03462028551	3442.91884434	6.2633745036	5.76438986153	396.478353142	1001
-5810.25392918	0.917438764123	98.4043660197	3.07181474074	0.432935163586	-47.1894490167	1001
-5511.12467562	1.22351020965	1150.98287845	3.93420676385	3.49492139902	207.619937967	1001
-5276.8189457	0.973116116215	58.8238841923	3.12255100557	0.219450572339	-69.9545240377	1001
-5051.1315818	1.30457836153	826.075389088	4.06689740197	2.28572481896	115.229432712	1001
-4777.89043086	1.03365799242	21.6078749856	3.15406681491	0.0734029239213	-89.9592240007	1001
-4617.67912556	1.25055329627	542.978371756	3.68879372925	1.45232425854	43.9141675982	1001
-4307.56061907	1.06754813138	0.588446244612	3.04714725163	0.0019128071899	-105.712906614	1001
-4191.06929448	1.21884429	345.709553897	3.40955134634	0.930230483845	-7.38967336611	1001
-3865.58268806	1.06422193384	-7.30942180607	2.73855343431	-0.0237228729968	-119.267781866	1001
-3778.79856691	1.20788122916	218.222787604	3.1084930849	0.609950502523	-45.4423160889	1001
