-779.114778593	0.966425404693	62.7229423561	0.314730322721	0.735137522565	-154.293714096	1001
-1491.49058376	1.23954668495	98.6264338955	0.837676732908	0.577964750547	-122.925611287	1001
-2166.49097728	1.25734049526	145.026388723	1.53995869837	0.566561683022	-84.161428266	1001
-2858.99481841	1.24619031911	264.994277676	2.41694161623	0.77644418254	-32.5570727015	1001
-3562.51154875	1.37997311661	657.920341073	3.47600779612	1.54215639908	63.1633744332	1001
-3897.33556166	1.50098339198	1061.90504277	3.99932222848	2.26286989858	133.757499961	1001
-4195.19616053	1.71186307401	1708.48604923	4.78436538974	3.33718730584	226.907208975	1001
-4434.13248861	1.92298424177	2674.91423152	5.59312270992	4.82324839834	342.647771564	1001
-4585.60815161	2.03018553492	4101.66705828	6.13027449293	6.86731493686	488.260497387	1001
-5609.02511746	0.945197387535	618.654272546	3.03065900681	2.7218018826	143.283231366	1001
-5287.50193947	1.30647792776	1722.17689378	4.11273520631	5.22933311319	351.95252201	1001
-5113.53314605	1.04862407706	422.761172482	3.26762473294	1.57716856916	51.7270926275	1001
-4871.47096019	1.32535427374	1229.52805203	4.00621359106	3.40206574514	215.278315445	1001
-4641.32141052	1.08734333108	274.05086749	3.25188333734	0.930963132209	-6.70248505443	1001
-4468.54597795	1.32954277716	827.448391605	3.83730931335	2.21320670274	117.78488876	1001
-4189.07003446	1.08033384821	173.880626263	3.02571431285	0.565217494624	-46.0502075561	1001
-4070.01662693	1.22612393362	536.482330993	3.37022012166	1.44355923262	46.9797990334	1001
-3757.13355053	1.04014465552	111.596937307	2.71749399815	0.362190066576	-74.3073912074	1001
-3673.59157371	1.20584764692	341.662409017	3.01857983372	0.954974319418	-5.24567067094	1001
