-842.072361964	1.11087172401	60.2978048105	0.321328127638	0.706713957914	-170.85165541	1001
-1598.31430398	1.31998554095	89.8871512504	0.871294097556	0.526751327183	-137.842472808	1001
-2313.54854886	1.28644172052	123.678937314	1.57299399494	0.483165494886	-100.354602774	1001
-3048.27406358	1.24061518757	234.831683914	2.43998033128	0.68806653657	-45.4277618999	1001
-3803.28907445	1.3847237389	631.393855717	3.52351757861	1.47997867545	55.9194226039	1001
-4160.35578289	1.52787030475	1060.39034653	3.97986799415	2.25964215185	133.415631544	1001
-4471.76696594	1.72935397364	1756.76918333	4.81036736658	3.43149879424	236.063495488	1001
-4723.45070603	1.86063073233	2799.88364711	5.37065789444	5.04858591627	362.843006172	1001
-4866.67057503	2.06399694406	4370.83491948	6.23561146863	7.31797571635	525.763147017	1001
-5955.14198643	0.977750346988	706.468240134	3.15781429579	3.10814403346	175.433476031	1001
-5615.20624834	1.31256928203	1858.93694562	4.14469746835	5.64460048219	386.509837293	1001
-5436.48609886	1.08636332015	451.699827364	3.3184816611	1.68512819243	61.4026670284	1001
-5183.68938532	1.30789738323	1289.91283387	3.93368252806	3.56914855183	230.252637125	1001
-4939.01859908	1.10578210117	270.483626649	3.29582052874	0.918845054504	-7.8789757804	1001
-4757.67064088	1.33830744058	847.071590275	3.82280482903	2.2656935953	122.880609701	1001
-4461.60391805	1.0841980943	146.475040485	3.10950456908	0.476132719253	-55.485666309	1001
-4338.55462799	1.32700980779	516.337211677	3.63146857926	1.38935302433	41.2385212406	1001
-4003.90925408	1.10699352452	74.7916872632	2.73532919188	0.242737899828	-88.2240432066	1001
-3917.13376979	1.19231434746	311.281183424	3.09985805333	0.870056314192	-15.1389556516	1001
