-771.484175797	1.01874101143	62.5242807386	0.302842479668	0.732809130372	-155.65010207	1001
-1472.36225249	1.23812308918	97.8999338064	0.798610732096	0.573707358019	-124.165655998	1001
-2133.10587484	1.25566454754	136.678113953	1.54718746661	0.533948221115	-90.4940376069	1001
-2809.54477407	1.1936155902	237.313904302	2.34923355572	0.695339544866	-44.3685729129	1001
-3507.6368185	1.30356114322	555.989159034	3.34983856014	1.30323108422	35.3276260221	1001
-3841.43177794	1.5342446096	905.104562338	4.09909356733	1.92873542048	98.3674787946	1001
-4153.1234515	1.54196327149	1445.16068721	4.42612228278	2.82283364411	176.970880159	1001
-4419.23905928	1.83839016141	2257.9072301	5.42008154013	4.07132584023	275.258849348	1001
-4609.14619365	1.93144829709	3484.38961819	5.99777735957	5.83382330425	402.256397723	1001
-5551.48816272	0.934925412479	193.882230044	3.15775891022	0.852995028328	-12.233316493	1001
-5254.97014265	1.22485536241	1238.29724097	4.03290603362	3.76004856965	229.683032516	1001
-5042.09014472	0.96322383999	141.624715262	3.10918953937	0.528350435343	-42.2702517469	1001
-4817.57728014	1.28018519903	908.241498919	4.00596237372	2.51307588037	135.605125432	1001
-4564.86056863	1.02257942436	98.6845480417	3.16411488024	0.335235851603	-64.5390196852	1001
-4405.45953265	1.25740354653	616.890910298	3.65504217872	1.6500208489	63.1076577519	1001
-4115.47590788	1.0580704592	64.0055237579	2.98997126851	0.20805677181	-83.8790650036	1001
-4001.31071077	1.24433468796	409.975014526	3.44015063985	1.10315509603	10.9257238362	1001
-3689.42227572	1.06623481926	52.6339107289	2.70332347325	0.170824397972	-96.6022518789	1001
-3608.26979637	1.18646599875	273.359353042	3.03427664615	0.764061703125	-27.4877489483	1001
