-823.328861507	1.17636126215	59.0480120923	0.313958435643	0.692065896326	-179.384777386	1001
-1565.40597086	1.49224373736	84.7818976925	0.868329790379	0.496833824517	-146.556501572	1001
-2238.37475805	1.45263718914	97.142961444	1.56488799493	0.379499760107	-120.483548369	1001
-2911.14233179	1.29320692859	140.198454179	2.3485683638	0.410787263421	-85.8087350147	1001
-3618.27102219	1.38479783375	322.707250772	3.41081879379	0.756421440014	-28.3778699549	1001
-3980.362662	1.40254262225	527.297858422	3.95120212442	1.12364703372	13.0961377155	1001
-4331.506334	1.52968377132	880.308203881	4.62088298961	1.71950679055	69.8537414076	1001
-4657.39195424	1.71269469763	1434.84261728	5.29758400779	2.58722402166	142.250441858	1001
-4940.42955531	1.84738777915	2281.00636351	5.9790629997	3.81902988434	234.591282092	1001
-5736.68517762	0.849664755603	-651.547362367	3.03125753473	-2.86651675449	-321.760023796	1001
-5488.72414256	1.10786232117	267.013217114	3.83637225404	0.810776792415	-15.7465925124	1001
-5191.43712196	0.923044004521	-445.932158357	3.10561491126	-1.6636111117	-238.718575579	1001
-5003.12527512	1.14640449235	212.872164933	3.67653478967	0.589010636413	-36.8337536297	1001
-4696.28098269	0.994631264507	-310.242375986	3.06535987197	-1.05390731559	-199.404803933	1001
-4550.16903263	1.16338970456	145.548568798	3.55951363675	0.38930412012	-59.2897699256	1001
-4235.77573598	1.0876912461	-200.536279444	2.96843698586	-0.651864534219	-174.958062284	1001
-4122.07730551	1.20298058499	93.6846751957	3.39236416722	0.252085427648	-79.2157477939	1001
-3812.34403682	1.21444238285	-121.229327786	2.71727859915	-0.39345218033	-162.342715073	1001
-3723.25054023	1.18780071341	58.4778170438	2.90699740241	0.16345027155	-97.4613669038	1001
