-835.87104308	1.11344906987	59.1204264695	0.320594599363	0.692914621272	-178.890358827	1001
-1600.42904081	1.45233989388	84.4131641236	0.862166809647	0.494672994029	-147.185883618	1001
-2295.82266684	1.39411899783	107.463160264	1.55720622071	0.419816762166	-112.655130014	1001
-2999.41041429	1.2582800743	177.559250671	2.35334899466	0.520255940801	-69.8664986261	1001
-3741.88228178	1.3425584232	447.157121443	3.39480899474	1.04813025708	5.60736616741	1001
-4105.78049368	1.48976822003	752.066567344	4.02947375788	1.60261862259	63.8266542566	1001
-4447.96217893	1.60352338656	1259.10122025	4.66731135095	2.4594035233	141.687052387	1001
-4749.64736582	1.72346941455	2025.19513007	5.19244690802	3.65171303525	237.652244293	1001
-4987.53953761	2.00476297091	3170.67815461	6.20050343891	5.30858432479	358.547572117	1001
-5915.22169237	0.837462440941	-105.944585535	2.85813486115	-0.466108754368	-122.005209765	1001
-5624.99714592	1.21116819886	927.837406795	3.99775408685	2.81734756314	151.234258712	1001
-5366.99985854	0.953989911771	-89.9818764762	3.16741185782	-0.335689738343	-119.707396606	1001
-5150.77691791	1.27317558667	655.424194839	4.00953988214	1.81353829066	72.911057126	1001
-4859.13257592	1.03455761847	-90.5418428122	3.17584593533	-0.307574715425	-126.946662966	1001
-4701.98504181	1.2251957663	423.699442464	3.70644818676	1.13328451119	12.9400054318	1001
-4377.81199855	1.06031926871	-69.2969240804	3.04461688077	-0.225257032113	-129.773714307	1001
-4266.46659786	1.18660063341	261.518551784	3.43400876021	0.703690500358	-31.3837695645	1001
-3930.01647766	1.1195472748	-54.9075521532	2.78740439708	-0.17820354617	-137.265394029	1001
-3847.00422405	1.23921249321	157.644192302	3.12838469135	0.440628384278	-65.1690155664	1001
