-619.969887047	0.886866234275	68.8730029507	0.288994523055	0.807218648534	-112.303377262	1001
-1193.05219927	1.06044680472	119.220101192	0.761203769934	0.698646532414	-87.7747990586	1001
-1746.93314096	1.13523072771	170.007255548	1.42973746475	0.66415221173	-65.212115389	1001
-2300.03064636	1.16313050359	272.065480471	2.24471368491	0.797163098896	-29.5397176902	1001
-2872.53194901	1.25581162962	515.783788233	3.13818335156	1.20899023774	24.3481929966	1001
-3154.74966172	1.39788461997	750.832753886	3.82565691423	1.59998942391	63.5481813573	1001
-3422.5127658	1.45747971743	1118.22114994	4.41077572219	2.1842223578	114.970926525	1001
-3672.18559834	1.57851058321	1647.97167871	4.87654188609	2.97152584042	176.692400131	1001
-3886.50944002	1.7085956133	2410.44326413	5.4930847388	4.03574273509	252.625480944	1001
-4608.11897624	0.768038848969	-258.942910033	2.75701455617	-1.13923289839	-178.0205989	1001
-4387.02447504	1.02608133943	562.580531194	3.58678953937	1.70825715478	58.9390537907	1001
-4162.16386421	0.870433907168	-95.1769010142	2.97766814855	-0.355070490292	-121.444341417	1001
-3988.93889582	1.11751241578	514.864107115	3.61735301777	1.42461291495	38.0547257012	1001
-3755.40202717	0.9281939911	1.06564976619	2.86876603301	0.00362006022186	-96.7341345082	1001
-3628.69858706	1.09418757584	418.089248733	3.38422949061	1.11827871929	11.4831592694	1001
-3380.76004245	0.984932109668	54.467121048	2.81631433751	0.177051177925	-87.1630380618	1001
-3286.70914876	1.08840731195	332.767704837	3.03073684963	0.895406735479	-11.0780481749	1001
-3030.64859994	1.02244103115	86.3602508998	2.5552578429	0.28028390185	-83.8497848041	1001
-2961.62868382	1.11535434468	262.664454655	2.75419137044	0.734168589226	-30.9704154803	1001
