-785.567667501	1.04701403431	62.5516360471	0.317319883606	0.733129745332	-155.463330152	1001
-1505.00125704	1.29736388735	95.0483029658	0.854946450153	0.556996400901	-129.033032885	1001
-2181.79076661	1.33037793554	132.722750105	1.53530910142	0.518496153264	-93.4943909422	1001
-2868.0482957	1.23735733846	229.50183599	2.50182725755	0.672449861934	-47.7020628653	1001
-3576.25537719	1.37443507479	563.771013075	3.444440402	1.32147164505	37.4527238274	1001
-3919.31642747	1.49619617455	915.490452845	4.07003097	1.9508672666	100.711584398	1001
-4237.98203579	1.62473590193	1464.30157105	4.6294883662	2.86022154938	180.600707008	1001
-4501.93177135	1.83646840885	2323.99379124	5.50005148219	4.19048924982	285.938531256	1001
-4693.26164509	2.01539268414	3584.18389204	6.24877553583	6.00090627262	416.160545382	1001
-5654.59003399	0.86759188697	244.167253866	2.85352962536	1.074226625	6.17691895403	1001
-5353.69607151	1.21221544114	1299.82785671	3.88132649109	3.94688424696	245.230941861	1001
-5143.73957878	0.959425987069	157.279653852	3.03405451844	0.58675333207	-37.0360581159	1001
-4914.16883995	1.31720921951	934.162212848	4.00580316676	2.5847976868	142.032988491	1001
-4658.31455068	1.04212637276	100.332415166	3.19276807992	0.340833730397	-63.9955463186	1001
-4492.92909825	1.28521244334	634.666381226	3.80658677645	1.69756555598	67.7235636992	1001
-4197.97235821	1.07057911158	64.8474011073	2.99130421488	0.210793383797	-83.5892153697	1001
-4084.29777181	1.22190879584	406.350563255	3.3969315656	1.0934024727	9.89276983554	1001
-3765.83850061	1.07237072353	42.0486896717	2.79928301807	0.136469853735	-100.60469277	1001
-3683.40041672	1.17688256838	260.851835897	3.05822167688	0.729102171851	-31.5606732329	1001
