-760.599975708	0.995005261041	63.1021690102	0.313026754661	0.739582207914	-151.704494901	1001
-1458.76631913	1.26496655012	97.289512136	0.837680201853	0.570130201322	-125.207569379	1001
-2110.09176395	1.30588066326	135.521570671	1.56956102889	0.529430056427	-91.3713370481	1001
-2773.68362302	1.23316237037	221.310952632	2.41998541024	0.648450235266	-51.1971970968	1001
-3460.35271003	1.33604693375	515.960367361	3.32550147353	1.20940413683	24.3964138852	1001
-3797.30389215	1.43987716377	819.647252162	3.86891746495	1.74662989595	79.0796806475	1001
-4111.57963423	1.62286295105	1304.46636329	4.59649950084	2.54801529718	150.289978752	1001
-4386.69285256	1.76488053542	2047.24922941	5.28350174642	3.69147969321	241.216217991	1001
-4598.90546563	1.8204097722	3152.90265886	5.74205953707	5.27882327259	356.070945873	1001
-5494.18901265	0.866167236948	-22.8219928799	2.98874494222	-0.100406553291	-91.5725603311	1001
-5215.64201863	1.13894847359	977.489295312	3.7355182779	2.96811387855	163.780583043	1001
-4980.45014946	0.957977839534	6.73780845238	3.13170396811	0.0251363190562	-87.3693867234	1001
-4767.97017728	1.26331752468	738.059792228	3.92173957695	2.0421884095	93.4031741751	1001
-4505.89247666	0.960607967436	6.89753289085	2.97955679971	0.0234312296961	-94.8107554274	1001
-4352.04027759	1.23774131788	509.804871703	3.70441371374	1.36359387557	35.299726	1001
-4058.58633798	1.02743893962	14.1301844785	2.95714777278	0.0459316695663	-101.050626683	1001
-3948.51786397	1.17127319791	346.486908721	3.35245522981	0.93232217945	-7.16813037494	1001
-3640.97064898	1.04400426757	20.1997354871	2.67158149072	0.0655586409219	-108.866130787	1001
-3560.09527899	1.14652784601	230.208505968	2.9897114725	0.643451563615	-41.5393093748	1001
