-901.268076894	1.23545095793	57.0263484075	0.346241031032	0.668371203812	-193.187948555	1001
-1695.77196497	1.43772100068	80.8154981101	0.88843891107	0.47359016605	-153.326649159	1001
-2442.68226793	1.3416073136	101.820195816	1.61401554515	0.397771895276	-116.935617942	1001
-3203.14216106	1.30200462965	191.561116341	2.500743877	0.561281985742	-63.8917584339	1001
-3993.59418877	1.44710272743	561.290330336	3.60097676204	1.3156569582	36.7752897074	1001
-4376.63588999	1.55703085342	959.071386957	4.16408685269	2.04373619553	110.547843678	1001
-4714.94036969	1.69169155068	1632.40770509	4.73045961776	3.18858340917	212.479911962	1001
-4997.7120882	1.95109106554	2639.08086103	5.66438666064	4.75863576711	336.857048127	1001
-5175.61420172	2.19778871273	4173.9294819	6.59604944079	6.98830204137	498.328684362	1001
-6255.6024537	0.966356225019	511.485156155	3.15845575673	2.25030574058	104.046724839	1001
-5914.58859305	1.25344833886	1677.26208667	3.98950860878	5.0929507886	340.603190612	1001
-5709.46433986	1.04041518266	284.009606292	3.27623935457	1.05953681071	5.33581744876	1001
-5457.98551644	1.39913284015	1123.50636034	4.23967519167	3.10870703328	188.986874656	1001
-5187.05048711	1.08446102435	125.994915161	3.25492750312	0.428010397978	-55.5319480956	1001
-5004.57956741	1.39293669482	708.616166152	4.03384776056	1.89536177061	86.9267259345	1001
-4678.34999522	1.1472026608	43.753688515	3.30019031637	0.142226024454	-90.8515616929	1001
-4553.37129326	1.30343231337	421.854600325	3.56532316267	1.13512052111	14.3113578982	1001
-4198.82958448	1.07003189008	-3.66323729447	2.83109677271	-0.0118891090704	-117.889101354	1001
-4109.30753329	1.26004480832	234.694388486	3.20828956863	0.655989971387	-40.0785350553	1001
