-832.716762608	1.1484271529	60.4990481682	0.312751669217	0.709072609117	-169.477640269	1001
-1587.82518958	1.4003154798	90.093898666	0.884176740758	0.527962896068	-137.489580849	1001
-2290.20951412	1.29760133318	121.907428645	1.60089306422	0.476244899665	-101.698386089	1001
-3009.54909787	1.27484936773	223.826985099	2.52980169597	0.655822314353	-50.1235801473	1001
-3750.4704585	1.3554472241	584.092415671	3.32666294035	1.36910473845	43.00216845	1001
-4115.14679168	1.51047547141	957.457903059	3.95288271176	2.04029793693	110.18367879	1001
-4434.09544264	1.82286464996	1585.71600763	5.11809108347	3.09738047536	203.625421306	1001
-4700.6384992	1.84979256198	2533.71335988	5.39987589054	4.56864327121	319.829510664	1001
-4880.40637927	2.03403173134	3941.50739568	6.14997098341	6.59916376134	465.945754145	1001
-5908.96742418	0.92158320702	417.81579253	3.03338583657	1.83820246808	69.7527162564	1001
-5584.89622048	1.31537745754	1535.51413699	4.18373005514	4.66253783295	304.785504657	1001
-5380.09589629	1.00951556796	267.169043611	3.21117218329	0.996710780606	-0.29478693983	1001
-5140.14473076	1.23000234519	1072.86760993	3.75872177484	2.96859119139	176.429390552	1001
-4881.50672033	1.05143052623	146.013994676	3.19872080998	0.496016112173	-48.9295731967	1001
-4708.81929887	1.33379920813	702.028281899	3.84338158436	1.87774091385	85.2159946561	1001
-4403.40246277	1.07323878878	74.5517614824	2.98461500585	0.242338440748	-80.2481048098	1001
-4281.7381276	1.26453326306	441.071392604	3.56478382661	1.18682879986	19.788066228	1001
-3950.75797225	1.07633581206	35.6255813736	2.77567877932	0.115623528753	-103.033372451	1001
-3863.59160127	1.22350387375	266.032580076	3.11460937023	0.743582774679	-29.8736254733	1001
