-907.801651413	1.20182932563	56.7589100524	0.330011968908	0.665236721239	-195.013918631	1001
-1706.08747442	1.51540926147	78.0458917399	0.917050421448	0.457359883846	-158.054020543	1001
-2435.89792263	1.43631086199	90.9856052742	1.65530339439	0.355445364867	-125.15422971	1001
-3179.22628982	1.29136407274	160.532995474	2.45780199672	0.470368309589	-77.1317769567	1001
-3964.45367718	1.38076977721	444.380469034	3.56079909565	1.04162182131	4.84910754282	1001
-4351.54981591	1.54593955656	773.792283217	4.14522032112	1.64891510532	68.7301694913	1001
-4710.55039199	1.66971781931	1328.45320512	4.75265311633	2.59486881647	154.838780325	1001
-5019.34931182	1.88419774762	2189.02899188	5.61011823491	3.94712864233	264.128028471	1001
-5249.76629474	2.01942854237	3482.19307353	6.3032100645	5.83014568639	401.950357304	1001
-6242.39450491	0.938380894104	24.9573035912	3.11021493519	0.109800964632	-74.0797159279	1001
-5930.58010544	1.26418512658	1122.18914825	4.10734610185	3.4074901907	200.344172865	1001
-5677.39980918	1.01524546821	-41.9391679792	3.33026736532	-0.156459821429	-103.644424696	1001
-5443.28974736	1.26914616393	757.991675195	3.95569641861	2.09733930757	98.3459166695	1001
-5142.90395981	1.03351462506	-80.6696247554	3.23950957609	-0.274038346327	-123.69076478	1001
-4976.03457675	1.31645284534	461.027190812	3.90649750025	1.23312641514	22.6332156029	1001
-4638.53163438	1.08812113422	-92.5958531672	3.06521021939	-0.300992682535	-137.795293783	1001
-4517.80574065	1.25656029916	268.397229175	3.51801662543	0.722199550298	-29.4233742384	1001
-4162.57123248	1.11420976872	-82.3122526201	3.00136342523	-0.267146043394	-147.627548317	1001
-4073.99689227	1.25762261652	142.936036494	3.29370872832	0.399517888326	-69.9585516733	1001
