-678.762930795	0.98384555467	66.2266540413	0.297917930575	0.776202399806	-130.371667871	1001
-1309.08612701	1.21438924165	109.976032535	0.801514883164	0.644474992148	-103.553267113	1001
-1901.71176858	1.1739294277	149.459902574	1.48389538182	0.583881696926	-80.7983727847	1001
-2498.04590185	1.17408765115	235.204287496	2.18984800556	0.689158280458	-45.2687681168	1001
-3113.56971373	1.27348692085	471.476854841	3.31922619145	1.10513538391	12.2486899189	1001
-3420.43097113	1.38163458643	717.745155784	3.79523328671	1.52948130243	56.0802782366	1001
-3716.89606097	1.53434051652	1087.56502177	4.5171488624	2.12434171562	109.157379037	1001
-3984.67394422	1.65040445353	1659.24427769	5.08308333552	2.99185192951	178.514068097	1001
-4213.70727149	1.80637690364	2487.81582382	5.81625504353	4.16528560811	263.405653526	1001
-4976.95742929	0.795011326734	-316.75722155	2.87186855871	-1.39358999073	-199.187439568	1001
-4741.37334101	1.07783469199	557.154519126	3.68505609517	1.6917812488	57.5679779009	1001
-4498.8006993	0.899874508051	-158.290275829	3.01256232889	-0.590523596042	-142.546156834	1001
-4319.33376389	1.17582576966	475.892833401	3.79041846606	1.31678061692	28.3905624626	1001
-4062.57486361	0.925002383305	-64.2610123107	2.94503157084	-0.218297551282	-118.279136795	1001
-3927.69304475	1.14342592033	377.258729597	3.49962532796	1.00906782524	0.880355165078	1001
-3660.23254626	0.999596852572	-8.02746922343	2.86990729029	-0.0260941436672	-108.679276889	1001
-3558.56872522	1.11842605035	288.120100717	3.11914404308	0.775269580127	-23.8024353588	1001
-3284.08207735	1.11752833429	32.1380739584	2.72707864858	0.10430475448	-104.352054622	1001
-3206.18281694	1.08836229267	219.605797496	2.79431419474	0.613816128052	-44.9919553569	1001
