-830.729519504	1.0977880556	60.876767047	0.327036926301	0.713499622748	-166.898715605	1001
-1578.73530608	1.3565559876	92.3320446143	0.901578488941	0.541078745578	-133.669345879	1001
-2289.12204373	1.26450075138	128.064102079	1.59710040243	0.500296627723	-97.0282226394	1001
-3013.49740787	1.23044726757	240.626056469	2.48440006706	0.705044287566	-42.9552434937	1001
-3758.42141208	1.41827140921	645.769141838	3.5050756775	1.51367415209	59.8450795012	1001
-4108.8443034	1.56954842179	1075.41080349	4.14632647911	2.29165004196	136.805763311	1001
-4418.94255842	1.69308195323	1765.52300495	4.71254379728	3.44859764172	237.723547187	1001
-4659.80364801	1.92335454322	2821.33709918	5.58882249482	5.08726952231	366.309914419	1001
-4806.52101317	2.14949399215	4366.36916355	6.46468293795	7.31049881685	525.14094168	1001
-5884.97749955	0.979766935621	732.569279049	3.1820970208	3.22297692157	184.989527422	1001
-5547.6879756	1.30492643483	1877.44897254	4.08044536473	5.70081163894	391.187562565	1001
-5373.3152614	1.0448160206	475.286879045	3.23385565188	1.77312292556	69.2889448935	1001
-5120.53070123	1.33737529162	1312.88933259	3.96892759638	3.63272380667	235.950388651	1001
-4885.1351383	1.0902965917	281.533723334	3.22088697771	0.956382730322	-4.23460836927	1001
-4703.74748835	1.31165956508	856.358301428	3.79393296555	2.29053310382	125.292168046	1001
-4409.54944909	1.18087512253	163.28440796	3.2625851859	0.530773358491	-49.6983755446	1001
-4284.56528872	1.31243624234	543.20993042	3.6032337751	1.46166176407	48.8971377487	1001
-3958.04704329	1.11923469276	88.484722873	2.94465144366	0.287178917644	-83.0464880707	1001
-3871.95158089	1.25015927536	323.995911567	3.08578844366	0.905595017118	-10.9985555686	1001
