-820.117654196	1.04553899611	60.9375065166	0.32624600131	0.71421151319	-166.484008994	1001
-1550.02748484	1.30596279819	91.4832171393	0.852717589544	0.536104497392	-135.118188125	1001
-2238.54293485	1.27687825769	120.868841166	1.55896852746	0.47218754241	-102.486209796	1001
-2936.56203757	1.25821711183	214.789609076	2.38289401787	0.629342429203	-53.9799215109	1001
-3665.82443338	1.3430510507	531.070831893	3.35830794055	1.24482286174	28.5228360524	1001
-4014.40726144	1.54162026198	889.21232637	4.12944055448	1.89486981014	94.7805856566	1001
-4340.89461222	1.60769805252	1440.76727752	4.58256408701	2.81425199309	176.137725505	1001
-4618.47197578	1.89296806496	2289.81763939	5.63018799525	4.128864818	280.415616698	1001
-4812.19404716	2.00613765213	3576.61460366	6.24351570732	5.9882332091	415.105930731	1001
-5787.06505896	0.881833814468	189.722699953	2.95672209506	0.834694957781	-13.7561939325	1001
-5484.28213486	1.18636894737	1253.68723995	3.85392073247	3.80677979195	233.57186584	1001
-5259.64722972	1.00446828966	119.686703757	3.24595758683	0.446507672887	-49.6051767249	1001
-5029.93330351	1.29714722636	900.068055419	4.04616219103	2.49046021731	133.578260907	1001
-4763.99563327	1.05977527806	63.8448960974	3.28629082217	0.216883985775	-76.0292804293	1001
-4601.24435916	1.27689710482	593.494524488	3.72979564635	1.58744167366	57.0321215906	1001
-4295.24482012	1.08404929816	30.1333859317	3.04900587276	0.0979517802926	-95.5408905132	1001
-4177.99377332	1.25353108385	381.547127433	3.44011624023	1.02666173081	2.82389061775	1001
-3852.20245428	1.08910482144	15.3809711712	2.80791420085	0.0499192460556	-110.688182423	1001
-3768.72171725	1.17837442128	238.476932331	3.02739270877	0.666562490164	-38.8467946142	1001
