-662.157186868	0.924202924691	66.3522323662	0.281633827615	0.777674227101	-129.514265561	1001
-1269.71877171	1.14707529879	112.175404071	0.787501279677	0.657363618158	-99.7992152113	1001
-1849.6011797	1.22430791949	159.912076883	1.48277183338	0.624714275881	-72.8698440182	1001
-2434.16120915	1.17711460363	252.890005399	2.35833606256	0.740978164649	-37.7220902618	1001
-3036.77579184	1.29599388409	500.096444099	3.25859035743	1.17221931483	20.06423439	1001
-3336.04099343	1.45040261704	743.7091662	4.03459175358	1.58480939228	61.9403806779	1001
-3621.41657025	1.5008087169	1122.44739733	4.33783588274	2.19247749054	115.772380959	1001
-3880.63248031	1.58643438183	1695.66865703	4.82273077793	3.05753023321	184.4002994	1001
-4101.96635103	1.79701368253	2520.27759399	5.74687091433	4.21963550924	267.928490641	1001
-4861.41171377	0.802950650518	-269.088173408	2.87123224769	-1.1838675161	-181.734959025	1001
-4624.17612466	1.14165011101	607.064302153	3.85176141812	1.84333065235	70.1794684977	1001
-4391.54029369	0.857314355234	-110.611006696	2.92539304837	-0.412649539548	-126.60470006	1001
-4211.69368717	1.14364529931	523.334614086	3.69598542896	1.44805054337	40.1552565354	1001
-3967.43455909	0.915782812922	-31.3969766729	2.86732858211	-0.106656942972	-107.440442448	1001
-3833.11397172	1.15197203441	410.252465163	3.44821245714	1.09731738551	9.44811580776	1001
-3570.33950303	0.990933316956	23.1085359648	2.79134017149	0.0751167573015	-97.959473449	1001
-3472.804008	1.14090596761	315.065020276	3.13254717246	0.847772596825	-16.1232419089	1001
-3204.18450031	1.03389986288	49.3074889512	2.54902871936	0.160028430321	-97.8600250017	1001
-3129.0465494	1.12242909115	244.381201711	2.73526025698	0.683065404981	-36.9241394733	1001
