-804.836463158	1.10298079052	62.6818793923	0.328908926032	0.734656248499	-154.57407681	1001
-1533.69267707	1.26386478313	95.7991065617	0.854990696545	0.561396215392	-127.75150513	1001
-2227.01748715	1.24005424832	139.913276994	1.61507297107	0.546586744586	-88.0399947943	1001
-2939.65329348	1.21481971218	266.438309036	2.43914192497	0.780675254089	-31.9408896579	1001
-3669.12093156	1.41855259488	666.502112664	3.50939684016	1.56227195586	65.506916715	1001
-4009.39311982	1.54844942599	1103.68417136	4.09755555778	2.35189926435	143.187089978	1001
-4307.35832917	1.73666051772	1797.84839587	4.83920387504	3.51173885629	243.853649269	1001
-4541.73873295	1.98412230218	2840.1982995	5.76218685851	5.1212789321	369.357911113	1001
-4677.83400681	2.09791811228	4381.60422195	6.28733677345	7.3360064806	527.263613587	1001
-5748.83401072	0.952061332761	772.574408258	3.10239422486	3.39898158334	199.636111869	1001
-5409.67666269	1.27934585546	1921.40547587	4.02888190161	5.83428410583	402.29474426	1001
-5248.86410708	1.04840988991	515.932774166	3.21632060813	1.92475801511	82.8788088294	1001
-4996.33368682	1.3711253284	1348.05183549	4.142614706	3.73001735474	244.670046377	1001
-4770.17898947	1.08712621872	322.564494138	3.20024502488	1.09576610558	9.297508881	1001
-4592.02449162	1.31407338531	892.454454115	3.72904353685	2.38708081348	134.66555942	1001
-4308.13660802	1.06640500153	195.795212078	3.02471062965	0.636453189803	-38.5052431019	1001
-4185.53257948	1.29799964351	566.260987593	3.55249437168	1.52368722974	55.4665961161	1001
-3866.29140366	1.03776402036	117.739982784	2.6355688634	0.382127442134	-71.9846077454	1001
-3778.81902741	1.24856824182	356.880168477	3.17743093325	0.997509199168	-0.290188192701	1001
