-834.559209284	1.20089357441	59.1295888026	0.327585882325	0.693022007415	-178.827801809	1001
-1588.54127745	1.4847780565	84.0149709166	0.880509789483	0.492339525927	-147.865549577	1001
-2276.34429804	1.43163494488	101.128642102	1.53706077411	0.395070263941	-117.460198125	1001
-2967.76436649	1.30885426271	160.886881235	2.37024482529	0.471405209491	-76.9807702602	1001
-3694.70580494	1.29619639448	385.915242846	3.42730649467	0.904580120273	-11.1167950831	1001
-4059.47071825	1.48468431238	650.90848632	4.1037869022	1.38705549093	40.9951768357	1001
-4411.13335395	1.59899259022	1072.21025989	4.50397684569	2.09434924571	106.245542395	1001
-4725.59991766	1.75573004311	1743.27439492	5.29605945466	3.14337010663	192.093454088	1001
-4987.9252359	1.89034748501	2746.70137724	6.01497005458	4.59873098595	299.475688636	1001
-5857.09166907	0.87123126981	-385.950082487	3.03560395506	-1.69800760735	-224.520168168	1001
-5585.74218652	1.13075971094	603.86052604	3.87205950653	1.83360249227	69.3699199509	1001
-5305.93977897	0.969383309526	-273.13982902	3.2719172832	-1.01898561494	-180.945847536	1001
-5100.87109814	1.22087636259	440.622166072	3.88986700612	1.21918778126	19.6440819368	1001
-4797.50344431	1.0292056276	-196.047278047	3.20338018263	-0.665981427839	-161.74279017	1001
-4648.74087777	1.21737473104	283.830836034	3.70595048152	0.759172795705	-23.3808512631	1001
-4323.63602072	1.03542753215	-139.54203626	3.058158523	-0.453596250629	-153.958377388	1001
-4215.25681569	1.16395574351	172.916188148	3.28494981297	0.465280486328	-56.6350860131	1001
-3885.46635664	1.12168949172	-91.5475024053	2.67844275916	-0.297119229175	-151.119543541	1001
-3800.47328965	1.26815370597	109.211042936	3.15632112521	0.305253778724	-80.940694945	1001
