-858.307452252	1.19588812962	59.0255398345	0.320821106264	0.691802512638	-179.538209642	1001
-1632.55851912	1.5274746375	82.3896444218	0.907781801067	0.482814884459	-150.639778451	1001
-2338.93085869	1.41872974187	98.5971162264	1.51731414748	0.385180577151	-119.380494815	1001
-3060.86170763	1.25382093571	169.395949029	2.42165448322	0.496337129704	-73.349863455	1001
-3815.63322883	1.38772524822	444.817630337	3.44782359153	1.04264652151	4.9684891866	1001
-4187.04574064	1.45030181513	763.541663323	4.02834526605	1.62707151454	66.4165945966	1001
-4535.84635823	1.63173158884	1276.00484342	4.71844296733	2.49242138534	144.89261101	1001
-4838.83293659	1.84080518042	2081.28786594	5.45559985447	3.75285616548	246.716909879	1001
-5073.66076794	2.00148389642	3275.51782641	6.26488054392	5.48411467231	373.154685542	1001
-6023.85967548	0.897069959032	-67.9101929488	3.05036611603	-0.298774451609	-108.080146806	1001
-5730.44226282	1.17382254781	974.294345974	3.88674776681	2.95841252068	162.973264896	1001
-5469.83703601	0.998498637957	-77.9044260717	3.21516781617	-0.290633152229	-115.669328132	1001
-5248.49068802	1.2783180544	686.373470524	4.00682590626	1.89917397053	80.5859115465	1001
-4951.46080677	1.06975537189	-82.7086834979	3.228968079	-0.280965120655	-124.363254753	1001
-4791.50162972	1.28198938957	435.741515747	3.86759363016	1.16549388832	16.0670718207	1001
-4464.96176285	1.04239929843	-80.7100003878	2.94024892776	-0.262356452186	-133.703118029	1001
-4350.23384623	1.22480644424	258.074445814	3.39208087656	0.694423147673	-32.3653258814	1001
-4007.64869676	1.14709145512	-64.0594109679	2.99311494659	-0.207906084908	-140.725857798	1001
-3919.95726807	1.20729699193	151.009236621	3.04037316923	0.422083141609	-67.3296100161	1001
