-776.040907884	1.05352421921	61.5790582137	0.305285165414	0.721730751087	-162.103731525	1001
-1483.35208663	1.3801966417	92.8039465284	0.838558305324	0.543844157053	-132.863868383	1001
-2140.98668629	1.3265552505	123.271559782	1.57410288933	0.481574029346	-100.663620246	1001
-2802.89644828	1.24716511477	195.897328801	2.4021146791	0.57398726741	-62.0414519482	1001
-3494.43407618	1.3661965526	445.532384105	3.42987415792	1.04432189469	5.16367681855	1001
-3836.46649737	1.48786110458	721.78485141	4.15351983153	1.53808970456	56.9920414741	1001
-4162.84229589	1.55560344686	1157.41035277	4.48830956482	2.26077066222	122.402663838	1001
-4458.58594384	1.65798927567	1817.26115767	5.05903247955	3.27677869623	204.049819767	1001
-4698.71829733	1.88339462471	2808.50782494	5.99260203504	4.70221192077	308.08706424	1001
-5550.47648787	0.866132582555	-255.27904682	3.00190998837	-1.12311354024	-176.679193859	1001
-5283.09893476	1.09425736956	715.611425074	3.67247777362	2.17293039688	97.6077788809	1001
-5025.88886602	0.928564626928	-158.269641499	3.12582896767	-0.590446616842	-142.539257792	1001
-4825.46764612	1.17574549623	542.722015106	3.79817905987	1.50169487689	44.9629774637	1001
-4545.73875782	0.991210757569	-104.607426757	3.05534309199	-0.355356137193	-131.585550499	1001
-4398.94204867	1.22190885295	372.269749873	3.68263546911	0.995723617337	-0.415175134768	1001
-4095.09061056	1.04206735332	-65.0980653372	3.06162460826	-0.211608194573	-128.32809082	1001
-3985.22780808	1.18476788982	259.18045433	3.33018980893	0.697399180084	-32.0501179129	1001
-3675.1329364	1.07691732292	-29.6479645538	2.70379223174	-0.0962230551722	-127.714341127	1001
-3594.49630057	1.14888587986	171.483767206	2.9602593025	0.479311125708	-60.6623225067	1001
