-681.08802178	0.91098627936	66.7151479921	0.296030813079	0.781927740794	-127.036412028	1001
-1313.99614082	1.1280079767	114.351476656	0.809236777913	0.670115709042	-96.0849317028	1001
-1919.4382195	1.14887562704	174.111409167	1.46089445294	0.680185543334	-62.0988971183	1001
-2539.56367363	1.20126560313	299.219443094	2.40455680719	0.876725331318	-17.9528423645	1001
-3165.70418693	1.38292669752	664.194041585	3.43923156501	1.5568618684	64.8766200326	1001
-3462.98429695	1.48832161726	1021.82859249	3.93765071514	2.1774688605	124.712206095	1001
-3737.40439882	1.56069043622	1563.58588909	4.38668988814	3.05415369531	199.428723853	1001
-3958.34455437	1.75069212501	2393.84577837	5.18074447801	4.31644225461	297.226711337	1001
-4123.15945773	1.88577041383	3560.99729153	5.77270494455	5.96208554784	412.930000133	1001
-5036.51617279	0.878189120663	381.018786862	2.88549592016	1.6763121139	56.2806825055	1001
-4748.44986947	1.16688572813	1390.93511408	3.74143750615	4.2235284172	268.252446862	1001
-4569.59613482	0.962657831497	323.595672287	3.02688410918	1.20721806227	18.5713298921	1001
-4356.33467363	1.26156001726	1049.94931167	3.77242206333	2.90517697542	170.746071677	1001
-4138.54415701	1.00938358424	251.011616915	2.99676125363	0.852697760983	-14.3009248114	1001
-3982.90116427	1.25726870715	759.949665965	3.65957394436	2.03266537409	100.256927314	1001
-3729.03297776	1.03896296062	198.360611716	2.93548988313	0.644792294553	-37.6220026315	1001
-3619.58635164	1.25258966399	535.652566397	3.34401173365	1.44132651353	46.7433194687	1001
-3344.46920706	1.02546066046	158.573302331	2.67074779243	0.514652788098	-56.5448784289	1001
-3267.10705676	1.19163435605	372.25921028	2.98361481053	1.04049487623	4.71781396375	1001
