-737.300338395	1.01789245689	63.7031107054	0.307613487792	0.746625480637	-147.60148749	1001
-1408.7690976	1.2876384338	100.122785284	0.8209572862	0.586733579785	-120.371526774	1001
-2043.4412904	1.25028904788	133.728185726	1.48550790683	0.522423999106	-92.7317146787	1001
-2680.97017241	1.22166272412	219.858800581	2.35934905028	0.644195369759	-51.8168453225	1001
-3342.66122086	1.32484320131	477.93591368	3.32759261376	1.12027533064	14.0125538636	1001
-3671.32999813	1.41958444428	744.052947114	3.96435234994	1.5855419733	62.017972365	1001
-3983.49421672	1.57836546359	1168.75080401	4.51417732442	2.28292197561	124.553237172	1001
-4259.77666913	1.72800601494	1827.44958435	5.20611338401	3.29514986944	205.696283954	1001
-4496.08590238	1.87643531134	2764.82089468	5.87337621045	4.62906802478	302.000246773	1001
-5324.63366614	0.856306001947	-228.99813273	2.99684029787	-1.00748928188	-167.05728699	1001
-5067.23979634	1.07420445855	709.646942078	3.62622871436	2.15481944176	96.1006390646	1001
-4818.64384395	0.939352309506	-121.620480841	3.11937922843	-0.45372189367	-130.285693066	1001
-4623.02878372	1.14649465247	563.025922625	3.64693758134	1.55787515529	49.9979752439	1001
-4354.81275951	0.98432827313	-63.7212301858	3.06699128395	-0.216463887107	-118.101114426	1001
-4213.04386556	1.2069832905	402.156131756	3.60619246408	1.07566182421	7.34567285824	1001
-3922.28887031	1.03475237607	-20.4099127687	2.96849351094	-0.0663445951888	-112.942423689	1001
-3816.47451572	1.18821356357	291.515424597	3.45993541582	0.78440567064	-22.8347817407	1001
-3520.1770822	1.0940395845	5.96302359254	2.65582164079	0.0193531109732	-114.249258597	1001
-3443.41331276	1.16878818226	196.343905097	2.96250448109	0.548797240181	-52.5669141083	1001
