-878.476110986	1.18922894386	57.5471373738	0.318547301132	0.674475055068	-189.632194302	1001
-1669.0536457	1.50435090969	80.2254482225	0.853496763974	0.470132390862	-154.333790456	1001
-2377.1286087	1.46807372998	94.6464215849	1.62860415069	0.369746750074	-122.377306309	1001
-3102.66911263	1.30747516733	151.558354163	2.41347548955	0.444072239739	-80.9613487729	1001
-3868.20447985	1.38354263609	404.433649267	3.47237007069	0.947987014969	-6.05971939917	1001
-4244.76454259	1.53762373724	715.31771189	4.16738085293	1.52430853321	55.5324017853	1001
-4604.22620641	1.54580814339	1201.65296191	4.42917589654	2.34718978964	130.792715827	1001
-4919.39608877	1.76613356947	1976.08045409	5.30086033312	3.56315233321	229.715243073	1001
-5163.35196639	1.98144678576	3148.79620941	6.14033785961	5.27194795061	355.498802028	1001
-6108.93011578	0.887921675376	-192.699720987	3.02376553874	-0.84779251778	-153.767797282	1001
-5810.66478882	1.24449521535	871.845608493	4.10858151894	2.6473303216	137.085929568	1001
-5542.17705293	1.03427422017	-162.901060057	3.36561914229	-0.607724759338	-144.087762206	1001
-5321.57126906	1.23981053988	597.583767154	3.9105060539	1.65349563252	58.5676887505	1001
-5015.94954362	1.03937282023	-142.643163047	3.30086211775	-0.484565245402	-144.129893027	1001
-4855.09258173	1.28309611312	377.071915557	3.80450381415	1.00856814684	0.831843592931	1001
-4520.78345775	1.07921151734	-119.833552834	3.10108609508	-0.389531726222	-147.17295109	1001
-4405.34999766	1.21406719075	218.289879059	3.51772542968	0.587371385969	-43.7037670209	1001
-4058.71579714	1.12039525494	-91.1105070352	2.82099526068	-0.295700952061	-150.954308622	1001
-3973.8385411	1.22163905617	117.809563887	3.14077551803	0.329287346588	-78.1406888056	1001
