-917.979436884	1.24499642119	57.138685598	0.334425851998	0.669687839812	-192.420951808	1001
-1724.70462289	1.41547378158	78.6275384238	0.850559442544	0.460768415082	-157.061222462	1001
-2472.12248591	1.36437776211	97.4485202698	1.61644085256	0.380693459571	-120.251765788	1001
-3239.54165854	1.29050757364	183.987275814	2.39989658845	0.539090320064	-67.1235941385	1001
-4040.59219101	1.48656395753	539.616419439	3.72411765537	1.2648536036	30.8564970596	1001
-4426.43591565	1.58239522598	943.078042746	4.19974452076	2.00965512827	106.938130311	1001
-4772.6772378	1.73691900755	1608.80920605	4.8518939821	3.1424884402	208.004754695	1001
-5056.46898951	1.86079608135	2629.56605967	5.43809782422	4.74147923556	335.319442747	1001
-5238.27403749	2.15120715571	4171.2702266	6.5643707802	6.98384971909	497.958175345	1001
-6324.02181949	0.951949432755	488.069689024	3.06880466523	2.14728816622	95.4739087155	1001
-5984.55893521	1.27479379575	1649.20545799	4.03236900971	5.00775776464	333.513680555	1001
-5771.66095428	1.07731211159	264.796444301	3.37897350006	0.987859473293	-1.08806020129	1001
-5517.50886906	1.37070808428	1110.34459455	4.16233124035	3.07228883815	185.722997422	1001
-5241.31753891	1.10995729789	110.849292252	3.32700766126	0.376560035234	-60.5270369282	1001
-5059.99044022	1.32633096433	689.717464176	3.91479430724	1.84481271606	82.0191411398	1001
-4732.47981608	1.1162736101	18.6585450758	3.08781590403	0.0606515879759	-99.4915591276	1001
-4604.36806065	1.31057493022	399.71219167	3.64653833107	1.0755400343	8.00086069552	1001
-4244.51325823	1.10647219448	-18.1387243814	2.76169640886	-0.0588695886269	-123.362513872	1001
-4158.74667008	1.28688627833	212.484637033	3.19115267299	0.593911903334	-47.3108766144	1001
