-673.925456959	0.836259781052	66.7396026252	0.256417830953	0.7822143587	-2.54090475684	1212.02422879
-1298.11736622	1.45727392836	112.350745489	0.81659161752	0.658391143483	-1.99275597149	823.978213743
-1892.60230342	1.49555212939	165.278786113	1.79182055198	0.6456799211	-1.37788479122	776.439740932
-2496.57362933	1.76103694702	276.266564066	2.8879417429	0.809472447407	-0.555710380278	688.148346868
-3115.49856374	1.87532703553	585.750816719	4.75937003181	1.37299200812	0.870305261024	714.920659874
-3419.6300882	2.12991204532	876.449697648	5.94208245388	1.86767324623	1.84054773159	676.535313928
-3699.40412472	2.33962606601	1341.08729668	6.77700137073	2.61954699866	3.14905087824	632.788949472
-3949.37026934	3.19493711425	2025.92792417	9.56450940729	3.65303436658	4.76200249875	599.327780608
-4133.37177714	3.3245434508	3057.61085748	10.3572111742	5.11927867726	6.86538204008	538.815225211
-4976.31611492	2.97270719863	50.7246455231	10.2929345736	0.22316573538	-1.29470823081	159.19611752
-4714.14737102	3.1914910143	996.851032748	10.2703854981	3.02690515317	3.37813469924	295.470292253
-4507.42341315	3.12889562349	86.2006171954	10.913127894	0.321583231697	-1.21770844229	166.882982427
-4310.03495821	2.54433738114	778.083749455	8.45733529351	2.15293344996	2.06943115353	347.819752624
-4070.56728322	2.24277579146	113.470046377	7.25924921372	0.385462854962	-1.19490742652	268.112341179
-3925.00006442	2.26494909356	587.123454503	6.94569431239	1.57040073801	1.10908849603	422.777323996
-3668.48540649	2.07012385793	98.9445769831	6.0389012469	0.321629885462	-1.43898936715	372.772264675
-3565.0391782	1.93873722709	411.605311286	5.7830018571	1.10754187599	0.228122691079	496.163057259
-3287.68393181	1.78035419978	102.29641196	5.1745032022	0.332005027667	-1.55863805687	395.073315627
-3215.13397321	1.74438905533	298.588144719	4.841837475	0.834578235016	-0.385979938499	545.683665245
