-658.082230023	1.93241986426	68.3296567374	0.620307231794	0.800850417483	-2.32347788642	322.595496303
-1266.00414712	3.345555928	114.767485841	1.63325360772	0.672553581275	-1.91014019048	168.965410937
-1866.99160963	2.40868845169	164.032951534	3.7034422145	0.640812930051	-1.39681161288	197.344874926
-2430.76262943	14.6556694452	331.078754947	31.2517278324	0.970074431402	-0.0872836966592	16.9156023519
-3066.31064021	7.26756610781	611.113603107	18.1035039372	1.43244203707	1.0090204931	42.7498241991
-3369.22722483	4.82652825717	880.97242868	8.97061686617	1.87731097418	1.86099171599	60.7865420072
-3598.74879712	20.4514221927	1476.13530968	50.5230385941	2.88333640148	3.66196359477	4.46466667571
-3906.39423236	5.20413627111	1995.35391814	13.5773770219	3.59790511276	4.66304952334	52.5763361143
-4074.85897814	9.48544345139	3076.29458162	39.8541184134	5.15056035275	6.91751753998	19.4067468491
-4908.10530285	3.58616383701	113.266036695	20.3304617573	0.498319862309	-0.836123524777	6.74383418058
-4634.13722812	6.47593189116	1088.32062353	22.4044320115	3.30464953683	3.84103644801	5.33332356106
-4437.83118086	7.59425534468	126.911014325	19.6344949886	0.473458954847	-0.945102635797	6.26607401429
-4253.73439612	3.26158831864	793.10078076	11.9381334253	2.19448510688	2.14401333633	33.4840427022
-4015.34256234	5.00457666025	138.241135523	19.7812411401	0.469611359763	-1.03128888185	18.2597403752
-3863.94935508	9.10944068347	608.191869791	19.3739220685	1.62675320471	1.21866036081	15.3923141316
-3619.62086431	3.70459752125	109.156989921	12.0079899605	0.354826421376	-1.36857137381	47.0970153489
-3514.6067879	4.84087376894	427.752162349	10.3191101857	1.1509895994	0.320285966951	48.0098349946
-3240.79110873	3.64611901886	113.285543737	11.3083860916	0.367670472131	-1.47541958763	54.0783414932
-3171.36538299	4.3525755492	305.422552607	10.0621039472	0.853680962881	-0.341407389491	67.3002308322
