-874.892035228	9.19006812024	55.22452394	2.63909568915	0.64725311328	-4.11549740872	38.553423425
-1625.98682339	4.29215886793	77.5592782318	6.67137672115	0.454508260365	-3.18209525549	26.8596951345
-2345.22868122	8.99546437674	122.717084943	5.23185719312	0.479407911849	-2.02448566538	32.3086636078
-3072.45836183	10.3701564827	205.504576188	14.0682615105	0.602136899203	-1.16044452382	8.99843686304
-3816.57492652	6.41039939466	472.11964602	28.5557096376	1.10664207775	0.248828820181	1.73509797609
-4157.75482606	11.0434617333	974.695376598	22.876873915	2.07703018551	2.28464513963	4.29096922546
-4517.6473703	7.72626626178	1472.26548979	22.2932105096	2.87577747887	3.64726600841	2.45435137727
-4743.87073827	8.06453961551	2538.46874913	23.62053525	4.57721791009	6.42084431359	6.28234028158
-4947.01409089	16.3422879947	3883.87694325	36.8371662106	6.50267458725	9.17101420991	2.5408079745
-5968.18370975	1.3358792045	377.057366485	4.69465464929	1.65888363742	1.09812621219	1.12589176152
-5666.23576807	4.46460350634	1467.46695795	8.3728896023	4.45591482699	5.75978889611	1.24359626576
-5428.43570389	6.1983617065	285.524852724	15.2674915694	1.06518964546	0.117010642035	2.08208137402
-5184.50579803	4.52633608793	1073.83311354	13.4182924592	2.97126270974	3.5382722771	4.35537920174
-4919.42886974	3.35771282834	176.795553781	11.08542198	0.600582453967	-0.776628387544	6.7588776668
-4753.48054805	4.54630247436	687.438473955	26.1430793949	1.83871701694	1.63080328077	3.78624061595
-4438.07012071	4.71512425038	111.344650866	7.43147602212	0.361937646274	-1.35348672195	7.23166229567
-4306.00533521	5.02908629976	496.335330143	10.8615296352	1.33553223827	0.711746158721	14.51902046
-3993.45762688	6.97862676164	94.963491453	11.1181072615	0.308205889172	-1.61416877868	8.98626948099
-3947.72838971	13.3944651334	229.952228268	9.83662738077	0.642735246526	-0.833608730911	1.97455945251
