-756.682776933	6.18878431182	57.5749298893	1.40763249918	0.674800794266	-3.79409865515	20.0485134365
-1456.98243678	7.07682086573	53.4415529535	2.40169204537	0.313175003918	-4.00655482491	17.5761543486
-2145.54893838	16.9577624567	29.7890926092	6.76908480425	0.116374396363	-3.43625538851	3.55120321369
-2767.24734623	32.0352747771	49.2159754415	9.79199307156	0.144204841534	-2.49609175408	2.11826528021
-3494.02031297	9.94899908159	42.3396935547	11.7585812693	0.099243670205	-2.10174200964	3.83971151381
-3878.51626524	6.307160674	119.767729349	10.7845249686	0.255219420426	-1.57986224909	5.07019388401
-4182.69889762	0.701982672763	468.653613429	1.36398380953	0.915421516188	-0.164454596841	1.0344973137
-4586.40945224	6.28046075205	703.282558547	8.09335042216	1.26811784622	0.481251909032	5.74932372673
-4878.05956237	3.49800429357	1487.80545947	18.2966769669	2.49099415184	2.48496042	1.31617770334
-5550.97717819	1.12031116389	-1167.45975816	0.117673196087	-5.13630036779	-10.2270444994	1.98563327909
-5339.81154176	1.19001535384	-324.356368479	4.50864240426	-0.984897372786	-3.30812257247	1.26858118718
-5008.07943519	4.94175603561	-934.056843004	2.6111359728	-3.48462723278	-8.04957762986	2.18154358591
-4869.55633106	1.85344989525	-337.447728744	8.81704437568	-0.933707333347	-3.47086312535	1.90768284157
-4529.07333044	6.98246880859	-713.951377278	18.2931405039	-2.42532496439	-6.66020967362	3.0354136417
-4401.56467416	10.9316024122	-315.536644789	10.0859938151	-0.843977490674	-3.58543403882	4.60268953757
-4069.61956134	4.0158486948	-553.562036647	6.49990640294	-1.79941235661	-5.938240098	2.17817019181
-3999.99089561	6.96673879768	-295.675719829	3.61743794873	-0.795600135482	-3.8089082158	3.57362849553
-3645.56387628	0.262589366744	-396.163552066	0.842402749413	-1.28575664136	-5.33337440776	1.05776811567
-3586.30973479	4.45777698003	-235.219686521	3.20052339288	-0.657458222269	-3.86736063877	5.59360566577
