-700.759190565	2.66409851961	66.7650471837	0.842187447083	0.782512578921	-2.53742542196	128.325075661
-1347.83578099	12.2260168865	109.932790705	4.15996178472	0.644221588953	-2.07541326759	26.4754387411
-1967.50426708	5.69892564248	182.373372441	8.45677482992	0.712461819802	-1.11818242595	13.683757269
-2595.89657809	7.65648609304	339.968941953	9.37547697713	0.996123046651	-0.0113078827216	21.2909561235
-3265.23268253	11.1107889778	632.830720213	31.5279668756	1.48334666644	1.12779667538	1.89215696905
-3518.57238406	9.69433857002	1173.01811838	17.0892580545	2.49964665733	3.18111831305	10.8728955736
-3820.27600743	13.4147052783	1698.19056192	35.8886035073	3.31707712139	4.50533003989	4.46781806519
-3981.21116636	9.41825305148	2743.59282969	32.1872707188	4.94708561702	7.08472977501	17.0103803933
-4118.03687685	11.4492999351	4072.04685051	38.4718944509	6.81772259005	9.69608791083	8.47907113297
-5104.90988382	7.87720415395	727.314198298	18.1332613975	3.1998569185	3.6663841809	1.85804778686
-4801.54459819	11.3278491126	1772.26364095	20.3497350818	5.38141986248	7.3022787703	5.63853132796
-4628.50418705	5.04572082953	596.977350762	8.2745418231	2.22710592979	2.20256532578	3.11753533524
-4414.27933738	5.2031784404	1322.731958	19.4382838883	3.65995804398	4.77442999291	4.89396010519
-4201.23661889	4.85215731303	458.385678338	7.17515233839	1.55715678178	1.08333691732	11.2263399008
-4048.39506122	9.82374170855	932.028335856	35.250696488	2.49293053318	2.90285753396	5.64682223779
-3799.29411272	3.90159548175	316.65472905	17.8118858792	1.02931992172	0.0621947439953	5.91500602719
-3676.47555227	3.14770960465	689.411375562	14.8827257718	1.85505858958	1.81378895139	9.65401951629
-3394.40452296	6.02786288445	296.483668528	7.90319804916	0.962243608417	-0.0880972930165	29.4008524094
-3347.42179524	8.79066941756	427.171648016	15.0949100789	1.19397962161	0.452614215717	9.47795585935
