-712.154636847	3.06106030103	65.9907620622	0.890892505627	0.77343765315	-2.64330256758	124.584580121
-1370.67087295	11.3372945078	107.047126536	4.70380353523	0.62731119175	-2.17405911463	27.6719536849
-1992.82995533	5.44058487594	179.35850591	8.374233892	0.700683909098	-1.16398452693	12.7261003235
-2629.89184124	8.30902435937	335.242155831	9.62139932874	0.982273368015	-0.0517031435487	19.5786154991
-3304.91615814	9.57146485624	627.105683402	27.3217233774	1.46992725743	1.0964850601	1.71212503734
-3562.72116021	10.7757374748	1172.39983708	17.9530505906	2.49832912885	3.17832351206	9.56007368086
-3870.12931137	11.6259395477	1693.62914913	31.5249992408	3.30816730977	4.48800578185	3.75949112914
-4032.07802697	9.46223285721	2751.00032108	32.982035048	4.96044237086	7.10870417052	13.4641417422
-4170.85678489	11.3586033911	4091.52573362	37.2483888939	6.85033557961	9.75044224087	6.92311613846
-5165.07571182	6.24712153126	726.375186106	14.8618243082	3.19572568517	3.65949887467	1.57851110401
-4860.15652704	12.3557948435	1778.99749899	21.6163130982	5.40186699943	7.33635692277	4.61826654487
-4682.46224289	6.34242334249	597.397989567	8.35616202206	2.22867518058	2.20538201607	3.2551209095
-4466.61189214	4.66103126257	1326.22449295	17.2142914295	3.66962177917	4.79177569024	4.46872766391
-4251.22655939	4.9720081888	455.378276515	7.11582682725	1.54694050242	1.06347236043	10.4563959338
-4097.61019445	9.43825765713	928.038955307	35.0291709487	2.48225999003	2.88210970552	4.61393992946
-3843.75117821	4.317733848	314.122816525	16.712478671	1.0210896704	0.0447363626666	5.84450164974
-3719.76813353	2.82860257863	688.268107368	14.1451716186	1.85198229935	1.80726338541	9.02450069804
-3437.25785885	6.27110238297	291.389601984	8.41915804028	0.945710714727	-0.126673627216	25.6255522839
-3390.22960703	9.85673921022	420.531288916	13.7889091168	1.17541927595	0.409307211476	8.2748136466
