-686.858569769	2.34086107431	65.274552611	0.951080084507	0.765043397048	-2.74123834119	130.044727835
-1326.00354533	5.09648947333	97.8647504643	4.65758703205	0.573501178694	-2.48795678677	27.5620409348
-1909.15019743	10.3002319814	125.725561715	10.3221735247	0.491160860251	-1.97878063815	15.1180640805
-2530.14742293	6.50658856383	166.381501642	11.4696105893	0.48750467431	-1.49479153253	11.9919879445
-3156.04972002	7.22179876805	381.518960802	10.3210062117	0.894275294502	-0.246688308095	7.98382953736
-3470.23881352	7.7931625328	580.978846097	12.1541048689	1.23803870364	0.504938463781	4.19046374799
-3765.81994978	6.66899323844	920.153436208	15.7107478783	1.79733651798	1.55034294421	1.30204594962
-4082.91649647	5.6898191484	1323.31569954	16.6432280969	2.38612522716	2.48799332511	6.31315348818
-4353.42357492	4.81385498256	2041.91820366	22.9448606872	3.41873076985	4.03116955373	2.33929228591
-5077.4239078	1.90546446176	-705.960162226	7.6386356332	-3.10590871809	-6.84309904231	3.35481331789
-4860.21759117	2.86550657865	123.937139036	7.59087789565	0.376331018872	-1.03943582298	8.14381990188
-4588.34219168	3.53650432024	-494.327668212	5.17461020014	-1.8441572025	-5.10505399996	9.27995473056
-4419.35649216	2.48125259315	146.181785464	15.6373856536	0.404480437898	-1.06891402483	8.33765180735
-4121.24066743	5.5980114244	-267.20684943	7.21433720672	-0.9077136948	-3.7093628595	2.57680356102
-4017.2791134	2.56911593629	113.625206543	10.1882280719	0.303917526788	-1.35346434862	12.3485681811
-3702.98261306	4.26102259712	-153.926901919	13.0030715297	-0.500355788495	-3.18262255415	1.69353678473
-3626.74284648	4.13591872803	97.9792372385	9.10766469801	0.263641175767	-1.56199764077	12.0994775439
-3345.78053335	20.030704608	-78.1939885259	9.85109101892	-0.253780135848	-2.92545530373	5.4173059202
-3257.17184798	5.19804479251	77.5805437924	8.87883242788	0.216843951962	-1.82734432368	21.2417253598
