-740.700857916	1.02398709334	64.1492709597	0.356053019576	0.751854654074	-2.89511138607	883.290006656
-1419.8784732	1.68498430036	102.836972639	1.35888596988	0.602639098774	-2.3179823756	567.10509402
-2065.63440431	1.56854362856	146.992406406	2.39979818292	0.574242149295	-1.65569297977	501.79846107
-2720.04081854	1.87024008125	249.294771928	3.95933792392	0.730443982032	-0.786212152587	440.013841872
-3394.40219969	3.26293037129	567.484095379	10.2389710069	1.33017505985	0.770400130286	313.974020657
-3715.92005525	2.63742938343	913.397757569	7.33269769715	1.946407831	2.00756309367	369.713808104
-4016.45380254	4.32720454139	1439.00330663	12.4116892922	2.8108064272	3.52093614734	322.363363342
-4269.92423976	3.08406293538	2245.53254777	9.50833250875	4.04901253911	5.47275433477	382.011236504
-4461.29474431	3.45147119157	3409.05462904	10.6904499177	5.70769188282	7.84605894255	369.766868899
-5382.01301586	3.60308672156	182.732950371	11.2611979156	0.803943188311	-0.326757429944	111.742922
-5096.44341764	4.0702035624	1196.52380326	12.4112007178	3.63320490926	4.38862216137	167.358412453
-4883.88521328	2.56335552599	158.01212961	8.7844489534	0.589485933403	-0.736842701901	166.051107897
-4669.14232208	3.05944360943	890.536916107	9.72631224961	2.46408785231	2.62793053076	242.528153321
-4421.15542976	2.36768162832	113.840382344	7.54183126183	0.386720902909	-1.19246127522	209.561715113
-4268.00607385	2.67357896796	613.708678465	8.80387726678	1.64150921616	1.24735198312	266.620049951
-3986.13394201	2.28061215131	83.7240527875	7.58983841285	0.27215395052	-1.54393995797	230.769768065
-3872.22961494	2.09388157523	430.449505496	6.35846219635	1.15824757301	0.335681908833	328.492744773
-3569.86951118	1.78173284459	81.5178333734	4.28324327066	0.264567740021	-1.71599002407	337.118290789
-3495.94122141	2.79359773544	278.922388638	7.52273912295	0.779610841668	-0.514235800755	299.820784161
