-834.593593613	2.37892395638	59.334193622	0.482705827642	0.695420056269	-3.55353375568	554.552252375
-1580.54961606	2.02329271107	87.4998079398	1.19267393493	0.512761160182	-2.84228025435	529.81065531
-2278.04941493	2.47256970307	107.723768086	2.37435532826	0.420834855543	-2.25226537154	493.651223269
-2974.48732987	1.95148270324	172.833308856	3.59571244315	0.50640873602	-1.43965418794	558.866349816
-3710.73766727	2.22535924355	436.793606885	5.24311232678	1.02383831884	0.0556221416305	507.199235671
-4070.81016835	2.65581137343	739.07436535	6.97428749879	1.57493284879	1.21957356096	458.144115931
-4414.02025385	4.25646799835	1214.88647638	12.4753730892	2.37303882512	2.66973982335	337.076321535
-4715.55329816	4.11144265327	1969.50367219	11.1920203723	3.55129346596	4.57938502908	323.915923085
-4955.56005221	4.51520742533	3079.74145178	13.6028930324	5.15633135819	6.92713576692	284.678308095
-5868.69346248	2.97234860911	-160.867473381	9.85630562261	-0.707744876785	-2.8462072913	160.407921052
-5587.47376575	5.60935541815	853.429909564	16.4072195764	2.59141166158	2.65232092699	137.92287298
-5324.63678139	2.9224030468	-125.54369748	8.34883582364	-0.468357991722	-2.63559511845	221.612483982
-5111.58333345	2.98411120448	608.844587362	8.73844069871	1.68465397057	1.22890376383	273.538023517
-4816.16791488	2.08563543712	-105.801119707	6.84157154607	-0.359411165873	-2.64324217162	345.159054494
-4662.90619465	2.47477246986	394.213194385	7.43249572723	1.05441655694	0.105807677438	362.268070512
-4341.79414748	1.77995856099	-85.7893944456	5.15866635969	-0.278867563546	-2.71279171429	412.588551254
-4228.24907098	1.82450798256	252.96090963	5.15238137153	0.680663715269	-0.677390569581	451.635196483
-3897.44366407	2.58825076743	-53.4728654273	4.32934630033	-0.173547242034	-2.73824724545	399.80994337
-3815.98093483	2.60625268902	146.500505822	5.77221401468	0.409480871028	-1.37786304665	428.852078781
