-712.557135901	4.16964176097	61.078915734	1.42226818767	0.715868884764	-3.3149573037	19.9512529406
-1381.31247714	4.32507942744	67.8207928116	2.30228460147	0.397439368443	-3.51500341344	15.4219084016
-2027.46074431	14.7004069134	52.2792994425	5.48690015399	0.20423488539	-3.09458231158	10.5894042298
-2612.9819481	26.2780920061	110.379291168	8.83112061955	0.323415883739	-1.97338816051	1.7575659444
-3330.74384733	10.4639308676	129.810602783	12.2975441453	0.304274300782	-1.62334238558	3.97110690687
-3697.06331239	7.22060171823	213.217135965	9.71410297631	0.454355728056	-1.15744530714	7.73741695609
-3987.10770651	0.65275145717	584.181893565	1.27596765395	1.1410830076	0.274322121783	1.03247205237
-4367.44829158	5.69313448631	843.294332685	7.11586777697	1.5205788625	0.934400954338	5.06711419745
-4637.7889286	3.05593121138	1643.29290559	17.4189819147	2.7513227563	2.91883621855	1.30909886644
-5309.9288312	1.0781195014	-986.45210271	0.105680177756	-4.33994770487	-8.89980599525	2.00450073978
-5098.31519407	1.5355816484	-152.832115389	5.99822110626	-0.464069657797	-2.44008680198	1.39134792054
-4789.6608427	4.76085359744	-781.825602251	2.68333011705	-2.91670769857	-7.03020363491	2.16841822947
-4651.51962232	1.62153611038	-191.125399678	8.93598202238	-0.528838015692	-2.74415233463	1.96899330309
-4329.55844861	6.24322326708	-583.151849751	19.1538059242	-1.98099308194	-5.79624974791	2.6703382895
-4198.29176432	8.31794002776	-185.31883531	7.68044651387	-0.495679117409	-2.9082018874	3.1504804203
-3891.93244293	5.02301180533	-447.199918202	8.74583926647	-1.45367096263	-5.20483781647	2.66824082629
-3815.91195181	8.46994107851	-190.065950114	4.14839229455	-0.511426828515	-3.20610694494	5.82401059617
-3487.6271355	0.697540265299	-311.497751533	1.06420785323	-1.01097211167	-4.69221744829	1.10552462348
-3426.27966328	4.48466575366	-151.359231264	3.48749346132	-0.423061405204	-3.32044065491	6.18248623266
