-783.249205534	2.2051393037	60.1319598477	1.02560238815	0.704770189805	-3.44444576147	187.851261831
-1493.90278158	4.94514175014	79.9041034709	2.59024101865	0.468249265498	-3.10193787809	96.3300327857
-2150.17886814	7.76050715945	92.3181951798	6.81455835113	0.360651275228	-2.4863081056	28.6283619287
-2803.67822275	6.51006841845	119.379295731	10.1708972922	0.349786268967	-1.89647384232	25.651709995
-3482.38424196	9.40965671627	337.733005073	16.488479538	0.791641605282	-0.486164322976	10.3819313924
-3819.04815949	9.43078235721	541.290631088	18.4276071011	1.15346497675	0.325536849339	10.8811764333
-4154.77500764	21.8298207766	866.430549875	51.1383537244	1.69239955675	1.34630327745	4.60156324546
-4494.15570025	8.4930148736	1321.36341878	22.4092264735	2.38260498903	2.48167475533	21.5151576441
-4778.0384251	11.8838729013	2104.81874971	43.7121467003	3.5240435252	4.20668870547	5.15242444677
-5568.96578087	10.2263917314	-836.269712597	24.2260275141	-3.6792124117	-7.79859372719	5.78040390082
-5322.902341	3.23209540618	75.0554827703	12.5307461049	0.227903488192	-1.28681207092	14.3439757655
-5029.70132729	3.38762975745	-584.132698865	7.22245762394	-2.17918719323	-5.70640831075	18.5237517099
-4843.44707118	4.1706999858	81.5686530825	19.0351641271	0.225697917239	-1.3898155634	17.9660871771
-4519.68479448	7.25787325882	-342.728067596	11.7760775433	-1.16426267221	-4.20819727633	5.50939225666
-4401.39248055	3.15871389477	61.9400500111	12.1474320063	0.165673334124	-1.62226667216	18.9093247359
-4078.19345693	17.8257666962	-242.607121634	24.8586955066	-0.788620287464	-3.79410224651	5.40185233355
-3983.91635931	5.5465439474	44.6143220468	11.207228117	0.12004760041	-1.86659482703	17.1333256495
-3707.94796654	7.29828846801	-90.904810364	13.0489772681	-0.295033359448	-3.0217117831	1.53170311379
-3589.05832351	3.55706466109	13.2719803767	7.73894698476	0.0370962684014	-2.24675104354	33.7444890937
