-743.234137042	1.91893474859	64.1115066801	0.646908435875	0.751412041883	-2.90027534185	363.08206272
-1425.67325026	4.4471493436	100.396160906	3.66867295628	0.588335599313	-2.40142103189	102.473164009
-2070.3051451	2.75456562927	154.93283593	5.63302037407	0.605262318486	-1.5350613196	75.4228126445
-2730.32936414	5.30105246958	272.113005614	8.50744769338	0.797302349527	-0.59120681966	62.8954659816
-3419.75796894	14.8207844817	557.189952886	48.5568747609	1.3060457288	0.71409896751	6.03982049703
-3716.68761076	7.79807151301	1009.01596013	17.0881220518	2.15016574119	2.43978358798	31.8113064738
-4035.18719125	15.4096067461	1510.36545464	43.4916523572	2.95019817381	3.79196977739	10.5587385334
-4241.53334522	7.73779625282	2471.17735358	25.5112864475	4.45588201378	6.20305526093	38.2522868059
-4411.39855967	10.5883578265	3737.10913271	33.599844999	6.25694504285	8.761469886	25.4070010175
-5379.57107597	9.11909609496	402.320319816	24.6070252901	1.77002932409	1.28336679942	3.09663622713
-5087.41876375	11.9528818177	1430.44389183	25.4296217072	4.34349551262	5.57242562154	7.4858087421
-4880.51275933	6.06394237086	330.405357732	13.4518278321	1.23262252831	0.417540411474	10.0425956393
-4663.34412587	6.42419123153	1065.24919556	22.2754287582	2.94751127661	3.49564019312	11.7024406892
-4423.85524926	4.61947170115	237.905158123	10.0650025147	0.808174530528	-0.372985880378	20.2365065785
-4267.88573366	7.67663887911	733.522267245	28.4814043534	1.96197903694	1.87047423362	16.2711463316
-3994.33305113	3.90927085374	158.606322181	13.824258942	0.515566742432	-1.02760173509	18.4786053134
-3872.80490428	3.10804760611	527.385765517	12.1248626388	1.41908232011	0.888976370984	33.7832307201
-3573.27474815	4.31304632792	158.118514184	7.22791883064	0.513176764176	-1.13590858277	56.7080091199
-3516.9150939	9.71560658412	307.527443291	17.0414197064	0.859564304144	-0.32767974187	19.2459192163
