-760.267385048	5.88337539728	62.7657898901	1.62500684021	0.735639712495	-3.08429108564	85.290765097
-1458.32836587	8.32449990227	94.596147382	6.45898510558	0.554346705694	-2.59969332323	15.0037920753
-2094.39486593	4.10920748877	169.362419736	7.99779293472	0.661633089062	-1.31584589245	10.4361369629
-2767.23705482	9.44134520257	316.05511443	10.6432986486	0.926054543944	-0.215676194574	11.4232746036
-3458.86033144	5.28938084817	615.901403535	15.5589416442	1.44366457665	1.03520613522	1.34272196388
-3738.56957729	13.9273473	1173.06911781	21.3536474815	2.49975533472	3.18134884445	5.24109771402
-4058.43314287	7.08480170341	1704.22451827	20.1837351865	3.32886325367	4.52824702236	2.59644373181
-4230.63971058	8.10306805856	2794.87572926	29.9413633761	5.03955593261	7.25070722313	6.7698281779
-4377.82886906	12.6646416291	4185.02331454	31.0838256845	7.00687615808	10.0113400728	3.98268607926
-5400.19878558	2.06612500874	735.375779035	5.64062670691	3.23532426529	3.72549571588	1.15471617654
-5092.59504328	10.795767123	1813.21693804	18.6948424999	5.50577319304	7.50953183308	2.01587975291
-4900.69158128	10.8877766866	598.91272768	12.7687985872	2.23432611898	2.21552503688	3.49026504755
-4672.01464595	3.93346026287	1352.45492757	12.2235529861	3.74220057309	4.9220493129	3.67625140507
-4449.81424901	4.63837333851	446.033201846	8.12278922555	1.51519486314	1.001746067	7.76982722335
-4290.869094	6.44665969521	921.939368091	29.4231340433	2.46594519935	2.8503871893	2.67283566352
-4020.47739027	5.8818929703	309.083188832	13.2335941201	1.00470782385	0.00998644886105	5.64513184404
-3890.93545165	2.61560444999	688.769465586	11.6243861176	1.8533313471	1.81012504652	7.82153634426
-3607.59965764	6.68064922356	272.403412593	9.28533403804	0.884090661653	-0.270452194068	12.4576888877
-3560.67433737	14.9464861127	402.957688679	9.26193367027	1.12629962894	0.294695942924	4.56396930055
