-842.934912129	3.37521581825	58.774948639	0.648275396319	0.688865485392	-3.63000592447	393.35982339
-1592.45493587	2.2818027733	86.6452492632	1.52530485051	0.50775332635	-2.87149317018	383.710679621
-2296.28179074	3.36582409682	106.922987788	3.43674869107	0.417706518438	-2.26443089186	282.038115735
-3000.46190984	3.51591915959	172.081861316	6.63311382747	0.504206963678	-1.44607608193	217.64648108
-3740.5553678	4.03903990156	448.329375611	13.4871655195	1.05087800503	0.118714059507	149.038968881
-4102.23790886	4.96963436501	766.481242424	12.549012682	1.63333561989	1.34346016037	123.020369294
-4456.6848954	11.4946729647	1229.27955377	34.921443237	2.40115283588	2.72440476999	41.5922541924
-4739.96588036	7.25210091475	2061.81357484	20.0305472979	3.71774126637	4.87814664765	75.9115126482
-4969.03758917	10.7441563155	3232.13913119	31.660805937	5.41148684626	7.35238980832	53.6895092593
-5909.74064584	7.88903725639	-83.8052703542	25.5413751341	-0.368705677377	-2.28114874274	11.3885253977
-5631.27941886	14.0271072333	925.728857513	36.1391517065	2.81094502307	3.01820547019	10.0146154615
-5365.49307549	5.95717482666	-72.7408580628	16.1481448138	-0.271369753179	-2.28201564885	30.0053723816
-5145.70708622	5.48547606641	677.0226897	17.0914553881	1.87330065183	1.56751074867	48.3596529841
-4854.02553978	4.23104086964	-79.2651398053	14.1240287875	-0.269267247734	-2.46796613158	59.697192679
-4697.47348558	5.09127175299	431.300859046	15.8766619496	1.15361630021	0.298691884519	73.1823640316
-4375.80796577	2.64172305564	-70.6885771389	8.62276191229	-0.229780748596	-2.6086665424	111.108219378
-4258.13406191	2.59692453237	283.547804841	7.84276054581	0.762966509653	-0.50280615988	154.692484095
-3927.35028241	3.92828241113	-38.6744255514	7.21787257321	-0.125518612815	-2.6261816575	134.054322948
-3852.99753926	7.4222081961	144.737583315	15.9682230653	0.404553358731	-1.38936045084	74.5830999986
