-859.009731267	15.0536534672	53.5658657124	4.06694944951	0.627812987316	-4.34230532975	2.68629341976
-1569.28279107	3.40095142876	97.7623116333	4.7057166284	0.572900872761	-2.49145863752	3.13152833598
-2212.80991283	4.27220159164	219.047303918	4.51687902886	0.855732603302	-0.561029034527	2.20574735687
-2929.3479661	8.83608219678	436.692323943	4.59790648758	1.27952655227	0.815293140254	2.8056290074
-3610.94235503	0.445831208206	889.783078406	0.98083918557	2.08563952578	2.53313146208	1.01918582582
-3900.03718418	8.19579179841	1562.38290556	10.1731947909	3.32936477806	4.94115391584	1.37458004516
-4189.19964309	6.24362736705	2275.96531349	17.482203797	4.44564505291	6.69972010009	2.0177776896
-4335.04291523	4.97494618361	3571.28557551	14.38801033	6.43953261347	9.76356289376	2.35216374174
-4441.28018646	15.0187836237	5267.00312259	23.0661141407	8.81840693121	13.0305217814	2.02814540894
-5621.78971795	0.0361432827884	1395.36024129	0.12536656273	6.13896048274	8.56483131322	1.0025982631
-5269.64614801	0.917914120188	2611.40115545	1.55310459123	7.92943313969	11.5489165828	1.03447605264
-5123.3378711	7.73677270416	1114.93706004	7.99063959866	4.15942570448	5.67093788489	1.41427066498
-4839.51282777	3.79611624312	1988.274572	13.152803685	5.50149368466	8.07985167646	2.58983536526
-4652.68546707	2.67786123119	861.629646749	11.1275975877	2.92699469295	3.74685287627	3.55411878505
-4466.67061648	0.554928981889	1371.60027727	6.44184888742	3.66866980217	5.18896765035	1.18151053541
-4210.98735987	8.5360629443	628.956356722	12.4632570399	2.0444896238	2.21561862844	2.51071057619
-4055.47498531	3.77511215278	1040.84546375	7.09413457092	2.80069257109	3.81971052053	2.82724962683
-3798.00489792	5.07969047354	502.3698089	4.54229121982	1.63045114787	1.47103674842	2.70391757528
-3751.4699129	9.6854913841	661.834340941	2.1895525021	1.84988100132	1.98303419537	1.43084480511
