-791.720005451	1.41342113506	61.4859155792	0.374530819813	0.720639082824	-3.25930340995	821.882840174
-1509.60572047	1.56993055346	94.1899155103	1.10843959993	0.551966129888	-2.61358027774	720.223577484
-2184.71810308	1.80876684744	124.59365421	2.08634640992	0.48673893796	-1.99597667031	640.214659633
-2864.96073783	1.99022467419	205.729646267	3.79356787971	0.602796363836	-1.15852106793	528.663416591
-3574.28853281	2.49733053845	496.550809595	7.43557437144	1.16390839541	0.382448781066	415.40707412
-3918.10688708	2.81430734011	819.270975921	7.47831315552	1.74582806891	1.58208423084	383.850607086
-4243.6743837	5.05095689507	1316.83969459	14.7218683807	2.57218413612	3.05695842028	262.846167961
-4521.71028879	3.78342746823	2103.80873054	11.1814450004	3.79346446717	5.01406425051	309.700350686
-4739.31803886	4.33689483098	3244.73287027	13.187361746	5.43257221746	7.38753167178	273.993441444
-5659.45812571	4.02454971389	-0.0141186630675	12.8322096035	-6.21157978246e-05	-1.66675018291	94.458924026
-5375.96322757	5.86897495119	1015.16166971	16.869262322	3.08250479599	3.47079965813	111.208360866
-5135.38101597	3.05709446041	6.22514896176	8.94224333558	0.0232237724746	-1.75324183312	170.499866386
-4920.77512421	3.25390211621	741.580541168	9.97986063936	2.05193021193	1.88813773422	219.497523956
-4646.75659742	2.50751927777	-6.07037218288	8.01318125555	-0.0206213275397	-1.98449843722	241.691893688
-4493.14347012	2.77668097675	495.324980595	8.71530342997	1.32486397727	0.631666258395	277.202360821
-4189.0716323	2.02022124824	-10.165089859	6.3826313458	-0.0330427072079	-2.19133691126	306.065591161
-4075.17884998	1.96656726295	333.73030188	5.79749633605	0.897996878283	-0.216373635013	370.577164292
-3755.72554869	1.93758002511	7.17265363517	4.38459127603	0.0232789891939	-2.27899101256	414.118364474
-3678.63749844	2.98248322082	204.847468238	7.18805910369	0.572565393213	-0.997336615624	349.566638899
