-687.317946979	0.935998945413	65.9606414359	0.316691593168	0.773084627578	-2.64742131642	1133.82376777
-1323.65387955	1.26913353327	107.194917677	0.844168529051	0.628177268591	-2.16900690429	921.027036933
-1917.78740788	1.81782254667	155.47932074	1.82229503438	0.607397222045	-1.52675907731	760.132142282
-2531.16234563	1.4847470016	245.129386286	2.67489472535	0.718239229995	-0.821809667506	790.121226704
-3155.06214171	2.01777887215	522.42563052	5.08195008411	1.22455862641	0.523964454247	697.788274922
-3463.67046195	2.36387981035	788.721252646	6.30141590423	1.68072803979	1.44399110484	644.309845829
-3759.27051543	2.53500845311	1194.52433671	7.17571625012	2.33326543976	2.59240436213	622.237357865
-4017.05253889	3.1806308454	1838.26488603	9.123971705	3.31465138687	4.15462981817	526.355356499
-4237.69363489	2.76038633144	2738.1701422	8.73157375191	4.58444736006	5.97400721277	553.358541441
-5043.8470318	1.62919813509	-178.528400628	5.44764680754	-0.785445051444	-2.97570602771	416.088698675
-4792.53285957	1.90448888907	739.641806877	6.22557054643	2.24589785553	2.0764714969	470.790750929
-4557.88812611	1.50480628766	-54.1619136639	4.61268641572	-0.202058451524	-2.15760693563	497.38775779
-4372.15222676	1.79857998091	600.160583202	5.76048696873	1.6606256021	1.18577460118	549.607045911
-4119.36523714	1.89383825762	-0.0608430073094	5.74030705258	-0.000206686434444	-1.94480416249	532.997784639
-3980.797947	1.57327290917	450.013405643	4.88585863478	1.20366743811	0.396011431215	630.463442956
-3709.25346865	1.51736802046	27.2650099048	4.0841974813	0.0886278185241	-1.93324388937	622.868253357
-3607.29307126	1.54365840154	333.688154081	4.54206151316	0.897883467567	-0.216614206954	667.9110586
-3327.6188411	1.42694168132	55.3754585671	3.48092149585	0.179722145688	-1.91396093367	673.611209605
-3250.18164692	1.77415795765	251.799734602	4.24591746707	0.703800809908	-0.691123959329	671.395040665
