-800.319406583	17.8636399078	59.4621612471	4.10535180605	0.696919887103	-3.53603523155	6.78537129757
-1499.82429783	5.68742443527	103.258652715	5.06290472059	0.605110203231	-2.30356732731	3.79086493775
-2116.93179566	3.25254457599	220.921969555	4.05365883174	0.863056192668	-0.532548959572	2.13540834416
-2800.32739994	7.81746619527	438.279181035	6.01890406518	1.28417610911	0.828854470187	3.07587629482
-3463.31857779	0.712410263817	871.983019485	1.54896232324	2.04391642793	2.43577862133	1.03189912506
-3733.76027486	12.9121528745	1527.19365469	15.7559663344	3.25437813297	4.78208885291	1.79080640318
-4016.89140175	5.85122038037	2206.5284036	16.9197534023	4.3100138756	6.43599852958	2.01211962509
-4155.05061098	4.3261281625	3452.79715895	17.1781245575	6.22588125273	9.38007433948	2.4471272085
-4252.50309146	13.8881716743	5088.94727195	21.5611844814	8.52029263149	12.5336705801	2.13870213217
-5392.2832136	0.0985562433047	1348.29083996	0.302566146918	5.93187618569	8.21969496165	1.00658791221
-5052.62137577	2.92284356322	2521.25854698	4.77707117715	7.65571809387	11.0927303165	1.12172781022
-4905.03755772	12.9672999582	1089.57056818	12.810299587	4.06479252559	5.50107825547	2.06677052191
-4640.6916215	3.86702251896	1921.45195056	13.3571729711	5.31659757674	7.74797669623	2.59524210535
-4459.52211448	3.4549691209	844.17107117	8.71810844996	2.86768712588	3.63153510758	3.87421489091
-4283.52503332	1.14097811988	1331.68710803	8.14009400378	3.56191257768	4.98138865955	1.20910640374
-4034.89595202	8.5983044788	611.340566855	14.330986847	1.98722762269	2.09415188193	2.8236707297
-3888.12861954	2.36864486231	1015.29566486	7.93543759883	2.73194352577	3.67387693633	2.60996874936
-3636.98801189	5.69214559834	499.313764114	6.33090736321	1.62053269409	1.44789394022	3.2518277137
-3588.63368387	14.6398812245	649.280709462	3.90847062296	1.81479257672	1.90116209123	2.06570834432
