-783.362983703	0.952457382452	61.8271554711	0.254607895355	0.724638548399	-3.21264165097	1606.05624758
-1494.73036145	1.30478758803	94.3931909397	0.770969918816	0.553157352446	-2.60663134823	1337.03882768
-2158.96520306	1.46017803943	120.327495784	1.53444108442	0.470072716598	-2.06078850094	1139.191707
-2825.21742593	1.37819618301	198.640996646	2.77656390142	0.582026327558	-1.2191008875	1012.48080599
-3522.25442995	1.79630533664	461.602557093	4.72093344882	1.08199016327	0.191308309268	842.670916057
-3871.5673538	2.02038260058	734.686913571	5.63433714194	1.56558339459	1.19974107587	793.734105794
-4194.17545994	2.46083356632	1194.39213547	7.28766282574	2.33300721096	2.59190226147	730.855442861
-4492.97237172	2.6908742501	1871.07757408	8.29383925076	3.37381730076	4.26082830294	650.25985404
-4716.57309679	3.66596485459	2935.04994836	11.6150798961	4.91407812102	6.52338521884	529.885363439
-5589.05634025	3.51788749785	-184.573302219	12.9370668783	-0.812039912679	-3.0200302643	179.992106367
-5319.7662545	2.98033104502	793.932670418	10.2391276652	2.41075026499	2.35122221417	300.062893092
-5071.53533685	2.5937771992	-140.455041554	8.47361474458	-0.523986807062	-2.73544477023	322.308711473
-4860.90380138	2.59014711562	593.692787238	8.86201883113	1.64272941253	1.15365225082	423.454409703
-4582.42376121	2.31781512847	-79.9426922511	7.85584061186	-0.271568923889	-2.47244151595	395.00480104
-4431.27762146	2.30447549858	408.07942422	7.36613029229	1.09150507282	0.177922672313	541.784795398
-4130.31114403	1.66487444016	-58.3036478705	4.97542727757	-0.189522216966	-2.52326832436	534.409392046
-4020.66088308	1.76638971697	268.701559404	5.23744709805	0.723018437867	-0.587545816457	659.055413153
-3706.90741248	1.73789263666	-30.5554124878	4.73868460251	-0.0991681953848	-2.56469801598	645.389816908
-3625.94124218	1.59791269442	173.159384685	4.56774277478	0.483994613326	-1.20399953073	757.133903313
