-670.397812005	3.22222109618	61.5614938871	1.36743919395	0.72152489028	-3.24896869566	11.7683227407
-1307.36496045	4.19469584739	67.0816594918	2.12872149631	0.393107943409	-3.54027053675	9.3691372511
-1917.39373775	10.3695439224	43.8541750011	3.94575080077	0.171321201714	-3.22257749689	10.2541042167
-2478.2518528	9.36119322163	92.5452893608	3.14915806727	0.271161521584	-2.12579809319	1.18557178627
-3176.88468289	9.86609142991	93.3686546655	10.9544644647	0.218854866276	-1.82265224109	2.86269690369
-3531.02448355	8.44930712119	144.2961462	9.02171551087	0.307488327643	-1.46898707917	7.19868045583
-3820.39136641	0.242952641393	471.127526414	0.453678633901	0.9202538126	-0.155058668674	1.01281545265
-4183.23544531	4.47171302477	699.539946325	4.73090025227	1.26136938745	0.469138919497	3.24428289921
-4453.78604916	1.30024720454	1420.71005667	8.8487963609	2.37865805647	2.29773584209	1.14853984751
-5070.41976386	1.03436815231	-1046.56536831	0.0321154745612	-4.60441916614	-9.34058647227	2.00183990887
-4877.11551684	1.66481204876	-267.84087646	5.80184296029	-0.813289952612	-3.02211363918	1.39870455009
-4571.62489682	4.19857931571	-828.681400669	2.12360223948	-3.09150968455	-7.34396040509	1.90295579313
-4447.14694037	0.987172056471	-276.777371969	8.64090127307	-0.765834349734	-3.16954340726	1.67314465804
-4130.34886772	5.07946399987	-616.475483984	17.8151020219	-2.09419496736	-6.01635975213	2.06120051895
-4005.66801477	4.95424041228	-241.65064648	3.38867069419	-0.646351888453	-3.20117036709	2.00878199838
-3712.71302041	5.82972445952	-471.43180851	10.3348670969	-1.53243930286	-5.37192478218	2.55750145286
-3638.15308982	9.11127308031	-230.823299196	4.41245680966	-0.621096139442	-3.43874244722	5.89753313361
-3329.37165467	1.01485083565	-336.604167888	0.352889775457	-1.09245548237	-4.88234325437	1.08897735849
-3268.79530694	5.06338773933	-181.621993264	4.00020943983	-0.507648295016	-3.51780792717	5.6598840673
