-779.92918112	4.17073702642	60.0218235685	1.1583263013	0.70347934935	-3.45950599516	68.511775392
-1496.3322894	6.52179401849	71.0375032643	2.13567209686	0.416289743347	-3.40504081605	53.7459076022
-2173.84586128	12.6414531928	78.3143142964	10.3390139275	0.305943560363	-2.69905621886	6.8510062377
-2818.54886598	21.6098754684	150.955897054	11.2210627801	0.442307015515	-1.62661922787	2.57258742787
-3539.03665594	8.2126013739	222.821580376	15.0043537897	0.522290776828	-1.11464278354	8.13146025571
-3913.37470875	4.08028832122	370.978591005	13.2786235305	0.79053799802	-0.444320271798	10.9282214828
-4197.40196897	4.09651422196	839.089396028	8.41807307723	1.63899405684	1.24246150162	1.20220279537
-4603.79318035	6.21013729028	1153.80532978	10.40690925	2.080474074	1.93937187736	15.9907655695
-4864.14604746	9.98412334057	2083.65743356	46.6324931756	3.48861368157	4.147639675	2.69290105752
-5627.41231741	1.10644290482	-790.112667959	0.668524560054	-3.47614207571	-7.4601472304	2.02734731684
-5382.80065485	1.40640740007	136.195038823	8.79006948636	0.413551725691	-0.97740205636	1.53700113549
-5081.36667721	4.43750001335	-629.450661166	6.43865048574	-2.34825207054	-6.0098673908	2.67988996335
-4919.57287724	3.8312223539	27.8908406943	9.68606638678	0.0771730856996	-1.65640676471	3.54359031649
-4597.93561998	6.92347043941	-461.660358622	15.885337833	-1.5682810181	-4.99377146962	3.89762452011
-4465.486953	9.21826000933	-42.3970511126	10.5137434185	-0.113400954852	-2.16489935619	10.8113160942
-4136.50052667	4.0465443827	-365.254154965	11.7093028036	-1.18729753169	-4.63979444766	4.53636142482
-4052.4090158	4.81875688139	-72.8151363644	5.62175780925	-0.195929961345	-2.53686072153	7.05655035138
-3699.92354192	1.95353649047	-230.799501568	6.98037612859	-0.74906434581	-4.0811059457	1.37986652526
-3639.13714209	4.41940113515	-62.7301042298	5.22886328817	-0.175335761304	-2.74242041189	9.34776461968
