-681.230671426	1.0984469261	66.2673000952	0.397410043679	0.776678787523	-2.60548825762	819.172870929
-1313.64433103	1.48276533204	106.819525465	1.12104326878	0.625977417516	-2.18183961129	618.933829071
-1899.97131717	2.7548915056	155.539132565	2.80614027749	0.607630883577	-1.52585041113	393.70089417
-2510.95589364	2.40063274409	240.225613021	4.45721875428	0.703870971718	-0.863717465945	367.296558907
-3124.47147789	4.18002234676	524.611620483	10.697165462	1.22968255738	0.535920163705	190.159515622
-3429.12693895	5.68316569985	786.662479572	15.3022269981	1.67634089082	1.43468488602	133.043676165
-3727.07828225	9.62495660839	1170.31575124	26.5101826404	2.28597878842	2.50046008941	87.4164314494
-3984.36066809	6.92238761583	1792.95337327	18.8290054689	3.2329483256	4.00797880346	97.2036234423
-4219.19127557	7.05178391895	2632.66421968	23.159698095	4.40780152622	5.67960102418	99.3212061123
-5008.14531914	3.22384968335	-239.515781044	10.7192192158	-1.05376222664	-3.42289595098	58.7469249288
-4762.67105945	3.41152148501	662.57991032	11.1196866774	2.01190195831	1.68648301686	86.4179987917
-4524.9730812	2.25363048226	-100.696860971	6.56474401845	-0.375663458411	-2.46921521595	119.760943944
-4342.23433698	3.17390574671	548.052464405	11.4373580196	1.51644406374	0.926979293202	124.517664798
-4079.52610671	5.00758309545	0.506692458409	15.3608774876	0.00172125708803	-1.9410554647	62.3627021304
-3951.89137569	2.48943001751	418.676300491	8.92695899752	1.11984892826	0.233034529468	175.322225513
-3677.71779947	3.74749397381	18.3600490707	11.869485368	0.0596812949202	-1.99464656438	124.589504033
-3578.66385897	2.71808207022	319.841236289	8.45521137844	0.860624372782	-0.295649883903	197.479161471
-3301.26304598	3.14670290857	52.7724338586	7.78780633455	0.171273977529	-1.93367311258	193.872179014
-3221.35455254	3.04127191249	245.785965917	7.06185440175	0.686991835593	-0.730344474675	225.176770903
