-815.875398555	18.9111818616	58.6181836456	4.11655832276	0.68702813809	-3.65144225274	3.71376415315
-1508.97698955	4.3584922745	111.01789129	4.59552308175	0.650580430734	-2.03831932318	3.13203458051
-2122.15012122	2.57987421398	244.62821924	2.70699346931	0.955667288057	-0.17240165934	1.67287757013
-2805.40646042	6.77925097938	489.575972131	4.44151590962	1.43447782649	1.26723843819	2.43696668603
-3459.76446853	0.389610096629	970.135763191	0.808058761653	2.27398513435	2.9725997897	1.01610140141
-3724.50283201	11.1896790781	1663.75581365	13.2959015126	3.54538569612	5.39938725707	1.53078416788
-3995.1126092	5.87481386819	2395.14429853	17.0678226774	4.67843746943	7.15236220575	1.98785813291
-4118.93102242	3.83024449217	3703.16819874	14.5944614203	6.67733562179	10.1904018877	2.08426802146
-4197.5839274	14.2293966021	5429.4302651	21.9250349456	9.09035448962	13.4837622707	2.04969411017
-5383.23778041	0.0356894123874	1572.26814665	0.113582478699	6.91727608038	9.86200840276	1.00236317028
-5029.97746815	1.63199415634	2782.60148756	2.61742789579	8.44927727936	12.4153130808	1.06140005623
-4900.59068668	12.7141494907	1271.2459259	12.338737858	4.74255737873	6.71761655776	1.90109717348
-4623.53889469	3.82826296382	2131.50147003	13.9862058238	5.89779804124	8.79118898895	2.46275071274
-4457.29846115	3.02150423813	991.671095786	8.80272382312	3.36875134864	4.60580552521	3.20005474453
-4273.87905731	0.561227360289	1491.26447527	4.74065811951	3.98874004194	5.81131295461	1.11698642091
-4035.29520399	9.11972638441	724.543469287	15.195976633	2.35520571359	2.87472365065	2.53082067906
-3882.04572908	2.11784913798	1138.26238146	6.78762892409	3.06282066524	4.37574848893	2.07911330962
-3640.98888085	4.81715546722	586.677895226	4.886049934	1.90407470902	2.10948481065	2.51051600007
-3591.98966048	13.3890201502	743.926390574	3.77697231441	2.07933498033	2.51842101533	1.7832175401
