-808.990616495	1.61661415434	60.6384978352	0.374984289838	0.71070701399	-3.37518084243	786.525374057
-1538.92826018	1.65580816288	91.2365875933	0.992824707609	0.534659213624	-2.71453919633	742.322037615
-2222.11609714	1.82271521071	116.290895007	1.85943481566	0.454303287668	-2.12211287284	731.303341022
-2907.18519782	1.55199459423	189.462058551	2.91094343551	0.555131659686	-1.2975443772	764.191436144
-3627.47310682	1.73832912436	461.502309102	4.21192610746	1.08175518333	0.190760028682	727.620196828
-3979.01799118	1.95456246269	767.378591013	5.25636126218	1.6352478277	1.34751642204	698.694647916
-4310.98210642	2.62458795871	1251.29206312	7.57104187228	2.4441498898	2.80800833971	625.394781336
-4605.34187053	2.68954092806	1997.71493582	7.73434925518	3.60216236132	4.67069097289	595.264804488
-4837.97203437	2.9420587597	3098.52813015	8.93881029563	5.18778540728	6.97955855271	539.811189799
-5743.53703892	1.70331349641	-113.651974868	5.65109831407	-0.500017817517	-2.49999968223	413.172753085
-5461.81528633	2.69737038018	899.428827864	8.24535992109	2.73108585389	2.88510845278	421.290117631
-5209.49192405	1.75199609392	-80.355582091	5.2778480572	-0.299777526129	-2.33300552199	503.468320501
-4998.30338246	2.00445307594	647.499366167	5.98732752045	1.79161053707	1.42088297199	537.2443672
-4712.76583461	1.46585169156	-67.3013080482	4.67196944235	-0.228625572749	-2.38894236604	606.140974093
-4560.09508466	1.77072108191	430.720882639	5.33753518689	1.15206501595	0.295675563854	613.951773975
-4247.85063491	1.41245120762	-52.7604731535	4.06894477141	-0.171503537179	-2.48504628587	651.210722051
-4135.40953428	1.54030907223	283.234949883	4.28244747677	0.762124683862	-0.50459187882	672.882228219
-3811.58026731	1.62547890121	-28.9574599913	3.31947938913	-0.093982008962	-2.55259704537	674.545216892
-3730.58575506	1.77074473139	174.255997897	4.11115620945	0.487059736759	-1.1968476535	690.415033523
