-910.134361679	12.7127282222	53.7827108903	2.08585313781	0.63035449798	-4.31265352858	30.801207736
-1674.4840779	4.33260156463	77.7599900906	5.01945806895	0.455684460039	-3.17523396112	54.4933212545
-2415.75875234	10.4000782943	101.481289214	6.85049275207	0.39644791902	-2.34710162537	25.2243056962
-3152.32948429	10.0512227395	163.558690003	16.3309564459	0.479233719574	-1.51891536837	10.7547260588
-3914.63150724	7.93905018891	421.851221031	42.7455731468	0.988813568087	-0.0261013918094	2.94114827026
-4276.26040584	9.81541075036	874.408550491	23.3888064973	1.86332365726	1.83132118675	6.14839439492
-4653.23164385	8.89334430522	1339.85794808	27.0152774979	2.61714571096	3.14438180895	2.64592692674
-4901.6097541	8.49821793668	2374.91232045	24.9397415844	4.28230255416	5.89149283609	7.15840071781
-5126.07294525	17.0240481044	3672.40214198	41.5414672103	6.14860780395	8.58090998887	2.45069762701
-6131.60219751	1.95304533006	185.982900655	7.12735677505	0.818241514843	-0.302927171818	1.20756979466
-5835.46284539	4.47948797069	1266.69889833	8.7189849282	3.8462892618	4.74375848537	1.25125253315
-5576.33563832	5.41300888305	129.106484078	17.6015999568	0.481649456045	-0.930401285652	2.35424069057
-5335.32707402	4.81045531489	916.18197148	16.6121819078	2.53504692011	2.75529686361	5.04431781231
-5051.50019533	3.34300386092	45.5656312392	11.8883681965	0.154788500281	-1.64343116791	7.05276244475
-4886.63200887	5.50861863275	566.95909274	25.2852180939	1.51646637659	1.00421840066	5.16122194495
-4554.55228872	3.82566029979	14.2126855571	8.35182552287	0.046199848109	-2.02324401908	10.0453607111
-4424.80697955	5.20171377088	398.494851723	12.417802887	1.07226443282	0.153290583146	17.8296056318
-4100.78754887	6.90441313651	17.6919806003	13.1448365298	0.0574196728523	-2.19933028001	10.3640692291
-4051.29530095	13.3612879854	150.167697182	15.1755264274	0.419730970193	-1.35394640759	2.0249301144
