-847.859046848	2.95259231001	58.6370024791	0.573105291621	0.687248702211	-3.64886893147	434.016131126
-1601.29774783	2.22789022293	85.6934020641	1.32896665858	0.502175368116	-2.90403187451	434.683563735
-2306.21675705	2.89500060479	103.558204877	2.75785111404	0.404561620561	-2.31554895134	386.117343838
-3008.13805009	2.20945580587	164.562232151	4.07682686817	0.482174139533	-1.51033906604	461.182081022
-3752.29355915	2.54042908375	424.770307131	5.91001572902	0.995655866506	-0.0101362017216	408.246413501
-4116.75676317	3.11376652838	724.763759021	8.08249522529	1.54443761712	1.15488569635	353.640149504
-4466.10508791	5.41481304717	1194.89637862	16.0667791493	2.33399214955	2.5938173783	227.329045175
-4770.70502834	5.08092127269	1955.71541705	13.3830131458	3.52643129329	4.53475924892	224.182927606
-5013.72554228	5.75547627161	3072.32353845	17.2635666527	5.14391173801	6.90643664845	194.635594433
-5931.07416678	3.79617427569	-183.815322845	12.6608069128	-0.808705142711	-3.01447238108	95.123849312
-5651.03188071	7.82018824943	828.704570114	22.4312232759	2.51633398705	2.52719297166	70.2206671747
-5382.35056125	3.67519865464	-148.249387928	10.2632235175	-0.553064685822	-2.78763743424	138.07359516
-5168.04272588	3.57552713019	590.225502014	10.417292875	1.63313554253	1.1364319564	186.652426275
-4867.82605215	2.46766343274	-125.119014617	8.26924245058	-0.425034924405	-2.77084115739	248.300539452
-4714.10686178	2.94682100713	376.478464098	8.83530038786	1.00698082036	0.0135735230229	265.986015043
-4388.58352148	1.96725727955	-101.944750891	5.7462358348	-0.331382270281	-2.82418828526	319.977804028
-4274.29570475	1.97780289046	238.652168436	5.63513603234	0.642161952461	-0.759062250143	363.755907509
-3940.68625531	3.30713171236	-65.6194054701	5.02502535291	-0.21296907791	-2.83023053307	282.345615304
-3858.95059438	3.19460687539	132.205231007	7.00635629418	0.36952441115	-1.47109377676	316.322852236
