-771.935676316	2.14228575276	60.7879134221	1.02121098716	0.712458223361	-3.35474948527	188.488150803
-1473.87017928	4.9168506028	82.2200813178	2.75652523712	0.481821220862	-3.02276664298	92.2473760059
-2123.93106822	8.12317493761	95.1931675184	6.14335170454	0.371882673742	-2.44263128874	34.0115349975
-2772.23801622	6.75081568255	125.48501537	10.1593728086	0.367676279785	-1.84429417288	24.4717523547
-3445.11356452	9.91240732869	344.415621107	15.0398104385	0.807305567066	-0.449615474603	10.7458284781
-3779.13836373	9.70744650144	548.629846212	17.9728828797	1.16910450036	0.35871211413	9.66839489408
-4108.3797161	21.0644390403	879.886539033	49.0146280791	1.71868315223	1.39740916046	3.55931730045
-4446.74772242	8.55802992774	1326.15299826	22.5713603141	2.39124127774	2.49717626142	17.789437106
-4728.9613378	10.9637157489	2103.72556718	41.0229738621	3.52221323799	4.20363826341	4.44493334639
-5512.48510296	9.18860834962	-817.62081524	22.8125136308	-3.59716561079	-7.66185070066	5.84870966463
-5270.73035435	3.0615595889	82.850804597	11.8049686785	0.2515737248	-1.24736215019	13.0116713865
-4980.22452601	3.64273332084	-573.170808866	6.86502022712	-2.1382923583	-5.63300507535	18.0972126091
-4795.34359069	3.91730887641	91.6148642862	18.7720667805	0.253495470087	-1.33992099068	15.7663545744
-4474.06745042	7.12927362303	-331.575042731	10.7433840901	-1.12637534473	-4.13452907037	4.96362171771
-4358.10186777	3.00213205565	69.4245826404	11.9050821077	0.185692489337	-1.5833413811	17.7006690186
-4032.33060427	15.6498042215	-228.571107876	24.5764892382	-0.742994729855	-3.69731925023	4.34162871346
-3943.55697125	5.58850344654	51.5597912888	10.6780319664	0.138736372938	-1.82695135752	17.1295201476
-3670.55545326	8.94223256911	-88.8464675549	13.8481052968	-0.288352967162	-3.00612436989	1.66455764288
-3551.70475038	3.80651841792	21.4904885782	7.60223234709	0.0600676696126	-2.19315168781	33.1410220955
