-746.075908982	3.88248409769	61.7351803103	1.23461042289	0.723560563385	-3.22521850053	57.5219464191
-1437.69127522	4.71150732941	76.5032377371	2.27235289695	0.448319714789	-3.21819578659	42.121335513
-2097.82306607	12.3568365564	81.3225448755	7.81863892732	0.317695546983	-2.65335493181	12.1565255831
-2713.37113529	30.366473879	167.544569098	12.2478024599	0.49091251001	-1.48485192198	2.70742765746
-3429.2738763	8.87724739393	239.431955393	14.4244912644	0.561225271667	-1.02379661269	6.96442223659
-3795.42877882	5.03429291351	376.807814063	11.2434656532	0.802959799273	-0.417970585188	11.5081855318
-4074.87665675	2.66965438435	831.977613988	5.43989698429	1.62510260672	1.21545093431	1.12987915156
-4465.7510305	6.26596811766	1146.37610874	9.86439445574	2.06707813852	1.91532715369	11.2954338551
-4719.42238079	7.94724671293	2058.42615681	39.4075527636	3.44636960831	4.07723373148	2.09884625407
-5464.96475138	1.086492577	-760.60383412	0.495091746611	-3.3463164153	-7.24377372739	2.0294669146
-5227.08679984	1.55439261913	142.820014031	8.35340210282	0.433668243542	-0.943874929118	1.55488215835
-4932.79691114	4.69771400861	-600.609109544	5.0691919461	-2.24065470431	-5.81673799402	2.52989940089
-4775.96564273	2.99580499039	40.0192919258	9.20986450842	0.110732131716	-1.59617073347	3.03979792315
-4461.69078736	6.73217036233	-436.426692345	17.6199880405	-1.48256111796	-4.82709750027	3.56694438633
-4326.45767302	10.0922406516	-18.3245675975	11.5212358868	-0.0490133961747	-2.03970404023	7.05339660935
-4013.00325497	4.01218873694	-337.981384871	10.2775743961	-1.09864448784	-4.45173960161	4.04765714637
-3929.06223003	6.0847411276	-55.1793522645	4.53864150125	-0.148475837525	-2.43619888791	7.75110328325
-3591.99086747	1.1500349032	-213.761378058	5.18881178132	-0.693766779074	-3.95207968722	1.32959905921
-3529.52013463	4.15918700714	-47.2578932585	4.46282404694	-0.132089668809	-2.64151395546	8.53996745758
