-694.482231384	3.14120596449	64.0981277999	1.35556715137	0.751255236152	-2.90210479409	38.0012620876
-1348.16071832	3.68646846482	83.7325813669	2.38598123577	0.490684683516	-2.97106213417	27.4708143843
-1972.95048777	8.75273149341	88.6976257898	4.70014299117	0.346507119084	-2.54131209435	18.7866116787
-2544.24236053	18.9277323226	192.830918706	8.95877043787	0.565002559134	-1.26875399381	1.57077150692
-3248.54137127	9.52354187936	264.383777387	13.7535869542	0.619712005629	-0.887329044598	4.95554777496
-3599.82202632	6.29711341106	383.013765327	8.66003961974	0.816184390685	-0.389917983786	11.7996120975
-3871.9375101	1.33424853812	817.194891269	2.67145466226	1.5962275014	1.15930611366	1.06546206812
-4238.11154217	5.79093309659	1128.85686209	8.09071642818	2.03548846086	1.8586259945	6.83789532213
-4481.18650326	4.95866782783	2006.23122648	27.769824468	3.35898098813	3.93158777973	1.5982816625
-5194.28865174	1.04200418746	-711.607630268	0.372632478606	-3.1307550496	-6.88450909769	2.02441423743
-4967.7400082	1.83012827224	152.412011104	8.39421438507	0.462794025043	-0.895332542722	1.61804938447
-4686.16149826	4.52329509087	-555.155319932	3.70036587881	-2.07108310457	-5.51236938431	2.215980433
-4537.84940927	2.0561508591	58.7237575287	8.85973501081	0.162486804254	-1.50327488446	2.56073545911
-4235.96429389	5.83136391103	-393.430159456	19.0533607255	-1.33649996042	-4.54309585239	2.75096276966
-4099.17140639	7.97072051556	16.4514553218	8.52252034186	0.0440033137506	-1.85884213729	3.41313163601
-3809.46672061	4.85232681937	-297.111363866	10.6657855215	-0.965792131752	-4.16992717544	3.74277454291
-3724.51044758	7.42320603066	-27.632900566	4.21152803628	-0.0743542264707	-2.27896877429	8.41321373041
-3412.6611904	1.54182723916	-187.267248149	3.26161436778	-0.6077795566	-3.75144500746	1.32850380754
-3348.809193	4.6993883641	-23.6900731157	4.02939155486	-0.0662156879233	-2.48780966453	7.62715056534
