-789.959995356	1.03008073554	61.5735409234	0.27034477206	0.721666086278	-3.24732136216	1454.53883355
-1506.68379129	1.30425874757	93.8671039082	0.792312233524	0.550074408574	-2.62461552719	1234.63980638
-2176.87021332	1.4272333798	120.557408105	1.47252185474	0.470970894597	-2.057295654	1106.3692246
-2849.12759594	1.26199911484	198.885205678	2.46967080347	0.582741870112	-1.21701386954	1077.9813476
-3554.06232618	1.44872665166	467.378860099	3.70727959533	1.09552973954	0.222900311804	1029.30675352
-3902.33495774	1.47932740435	758.194200993	4.09443846301	1.61567632283	1.30600046077	1013.27539024
-4227.4149551	1.68787791882	1229.66845973	4.91861950568	2.40191248623	2.72588183587	1014.78010069
-4521.15128531	1.78724472446	1942.2209628	5.41337483118	3.50209888513	4.4910843573	988.788705891
-4749.27901375	2.18412471672	3015.59160034	6.86168454807	5.04892692318	6.74813052427	978.048511834
-5636.15059283	1.13008584433	-142.874712158	4.00099738424	-0.628584781168	-2.71427538251	789.796639858
-5359.5875314	1.39696210842	855.741149754	4.76548750422	2.59842966589	2.66401746042	870.341806958
-5112.0045595	1.07479421701	-99.9735744531	3.55056180743	-0.372965138799	-2.46437192975	828.738993247
-4901.59086817	1.4479441288	627.143824521	4.71021189698	1.73528738865	1.31978704316	905.42418692
-4622.30801983	1.15550107941	-66.7391526885	3.8768412453	-0.226715905689	-2.38522920505	841.849572769
-4469.79269908	1.38907329154	428.41736114	4.25633511184	1.14590370211	0.283695491184	923.992523625
-4164.90303398	1.13912432476	-45.0003610437	3.35926956695	-0.146278466284	-2.43153772466	878.887155972
-4053.99108877	1.31377200236	284.827018133	3.70038188627	0.766408599077	-0.49550464412	955.151503777
-3738.5784209	1.2467640434	-25.4336083077	3.01516469074	-0.0825452786476	-2.52591163028	891.357139967
-3656.69809368	1.2521704654	180.352007868	3.24429616124	0.50409858218	-1.15709077805	978.942903596
