-952.640619072	3.74153309071	46.7212462368	2.68528992303	0.547591358432	-5.278250956	1.46153836809
-1702.07585993	2.18312042563	89.77325646	4.59435401688	0.52608388772	-2.76456287568	2.7182765733
-2416.92349071	15.8631239295	221.886219315	7.48921707834	0.866823141371	-0.517899997699	3.98696022519
-3181.72314986	12.1105893666	437.73273264	4.463113272	1.28257499274	0.824184505253	2.48947151257
-3905.95437307	0.180436485361	925.72186903	0.418350736095	2.16987956592	2.72968942718	1.0072563451
-4224.82341492	2.48471848897	1642.14009992	3.36521796897	3.49932362281	5.30167830395	1.09738503698
-4533.61988835	6.37168395741	2415.93172413	17.0108055949	4.71904156617	7.23131290407	1.89091982829
-4693.59623986	6.78930544251	3817.06857389	12.295710181	6.88271409543	10.5590412151	2.30562913573
-4816.32473341	9.99588571303	5630.13334924	14.6863968348	9.42638646589	14.0438088409	1.42797835783
-6080.75385095	0.0072204482256	1489.45227213	0.0277364682498	6.5529233018	9.25476106207	1.00051978631
-5700.65087973	0.0869079563929	2796.71706766	0.153866464229	8.49213877095	12.4867480425	1.00307844669
-5548.24980384	1.10124795434	1176.72351576	1.42226670363	4.38992855649	6.08467363255	1.04670029115
-5237.20727703	3.63540868765	2121.7659504	13.2268646215	5.8708601623	8.74283746797	2.49949824946
-5036.22651817	2.9973263624	898.960229909	14.7020376343	3.05380836424	3.99342966798	3.5438060675
-4832.03409387	0.77058673414	1453.93048602	6.21454718032	3.88888144522	5.61714767138	1.19362868931
-4561.85795855	5.37522882849	661.983321037	6.22174851623	2.1518472888	2.44335056284	1.63632054818
-4392.1706957	7.42849314493	1093.13674988	5.66485885359	2.94139724023	4.11817962826	3.51422421773
-4116.40766227	7.06196044791	512.137347986	2.76682853247	1.6621518891	1.54500434363	2.38083170942
-4066.22597978	2.38407020362	687.281318776	0.538809740862	1.92100738134	2.14899395154	1.07039425929
