-703.328359802	1.50529285825	65.9350027397	0.540779926704	0.772784131988	-2.65092719802	469.261097177
-1353.10641271	2.23530954305	105.922016019	1.411167086	0.620717886146	-2.2125207905	334.490748284
-1978.45130739	2.3424672024	145.315475022	3.50039589789	0.567691030735	-1.68116905964	233.056850131
-2579.31516526	13.7851766674	279.659695649	25.3545239672	0.819414463142	-0.526712572508	29.0461416532
-3243.01275598	6.07839082392	535.469962197	14.564882298	1.25513436379	0.595307068901	61.2442334936
-3566.81224402	4.16435386251	791.316213311	8.80529600295	1.6862577794	1.45572103858	84.1001564689
-3816.9422287	21.3398377092	1369.04124475	51.8385467494	2.67414947007	3.25522004819	5.37430736009
-4146.30563885	4.78475571156	1874.64499743	12.2676743293	3.38024986924	4.27237429254	71.5244290098
-4336.87080132	9.28273833959	2944.86634369	38.0901614909	4.93051345751	6.55077711748	24.8950206816
-5172.77092754	3.70612719864	-39.6099858545	19.2644076612	-0.174266207885	-1.95708685076	5.07109726793
-4899.05976932	6.68423541461	937.997005014	25.7850082191	2.84819684673	3.08029109759	5.54066556701
-4682.44558917	7.35665460778	-19.8719521844	18.8028186112	-0.0741350446377	-1.92799378365	9.29068311796
-4494.35268588	3.61503511486	667.986593379	13.4533757818	1.84829805534	1.52263291803	32.0672757751
-4235.02604449	5.29174276419	24.8587932297	18.547746664	0.0844464395241	-1.78020443129	19.9674239361
-4088.39955846	7.64387097946	483.715325934	15.7487415194	1.29381120616	0.571287179416	31.0152825902
-3818.79169842	3.61098468404	13.1221297355	11.2864495896	0.0426548802626	-2.0307637652	58.7218501136
-3712.9346869	4.20233346641	336.15415736	8.87621854946	0.904518955068	-0.202538710767	65.9986370078
-3418.72950275	3.96575517658	45.434350907	13.3467825415	0.147458084217	-1.98924292854	41.6060004559
-3347.74183798	3.74128746997	238.940763049	9.08125870786	0.667858934876	-0.774987426241	73.6669702409
