-875.395633208	4.57149808669	57.0973700964	0.857944672612	0.669203605904	-3.85940104355	232.6403964
-1642.50161205	2.63593146536	82.2659449076	1.67978712046	0.482089987937	-3.02119880542	284.92701876
-2362.78284114	3.89675220781	95.5656614756	3.84725421381	0.373337862726	-2.43697232982	221.555628498
-3075.38392773	2.8213789675	148.14544244	5.33507280632	0.434072267374	-1.65063746019	298.572779824
-3835.19040455	3.29099441006	401.565913592	7.48863876676	0.941265081254	-0.137046659655	251.626047535
-4208.64057131	4.18905119986	696.220885287	10.6586798232	1.48361409036	1.02586408055	198.872027098
-4571.29161448	8.29810822225	1151.64744552	25.2783264145	2.24951397041	2.42955781409	94.9542840844
-4881.01034275	7.40574236732	1929.30537693	18.1370547608	3.47881025849	4.4492829771	101.071400682
-5129.13431315	9.31819957119	3060.34798319	27.6440569648	5.12386137596	6.87301977955	82.2478451155
-6055.39532236	5.6339717533	-228.268169288	19.1457636826	-1.00427776947	-3.34042284583	33.6701442953
-5779.03705204	12.5268538853	777.797955689	34.8137836926	2.36175773797	2.26956898275	19.431779227
-5497.70638361	5.25876164972	-192.810975062	14.2559866543	-0.719307801782	-3.0860316592	53.5073418208
-5280.40967715	4.77357963681	554.931083139	13.94059001	1.53547698708	0.961141997492	86.5954801363
-4970.82923952	3.26486284367	-163.450063606	11.5408433502	-0.555247223146	-3.02402624807	125.49827513
-4816.01511593	4.08966415909	342.295057729	12.2714066815	0.915549203755	-0.164206320843	136.862279551
-4481.59201931	2.2890217526	-132.900209894	6.86738039613	-0.432006286644	-3.03763649962	192.306185937
-4365.50939522	2.30182865696	212.021998481	6.66326398868	0.570505859643	-0.911062394971	235.103404289
-4027.97117404	5.22091565936	-89.4494984777	6.83859491289	-0.290310115946	-3.01069100094	124.017755255
-3945.3521603	4.71207831846	103.03250515	10.4602462	0.287984261325	-1.66135206604	157.401075387
