-720.605848427	1.59500167856	65.4102198707	0.569367593433	0.766633470623	-2.72268695512	369.69717482
-1383.9296433	4.88123169341	105.385816646	2.99361885508	0.617575682537	-2.23085065778	116.604476171
-2017.31418355	2.74588676764	162.606065282	5.67428878964	0.635238640546	-1.4184889865	83.1967256404
-2662.18065835	4.11445959132	285.949693708	7.55446993414	0.837844417343	-0.472958053971	83.8207061604
-3333.86848408	14.5576419448	590.554672039	45.5847244277	1.38425218015	0.896578711241	10.7891280352
-3625.94204208	6.04953913852	1023.50107185	14.698249824	2.18103283567	2.50526026481	49.7763756147
-3926.61476778	14.0081503204	1549.62308855	38.9116903866	3.02688014471	3.94107037652	23.3249309286
-4135.88968154	6.43826310847	2473.72989858	20.8542778696	4.46048461316	6.21131658993	70.2797743321
-4300.10487625	8.28894691826	3721.72606739	27.0733712968	6.23118957495	8.7185446215	51.255124697
-5255.74111654	9.79844530997	423.363667194	25.636174821	1.86261063331	1.43766712901	6.11063439396
-4965.06326889	9.086437591	1442.81234297	22.0720488712	4.38105190497	5.63501885733	14.6530426783
-4769.68886336	4.18225545292	345.275986552	14.0158575424	1.28809944981	0.517117424924	12.0119101387
-4553.09042418	6.83244903885	1081.28768066	23.3704866392	2.99188926431	3.5752954328	19.5225709778
-4321.78251184	4.17256932327	257.399121998	9.95544274014	0.874396403259	-0.244223919995	28.0230615279
-4167.05487571	6.81130457675	753.346775375	24.0303673002	2.01500437933	1.9735768303	28.845998062
-3902.63197045	3.72352724779	177.02674079	15.3925999675	0.575444274966	-0.90058680504	23.5149742272
-3783.08294359	3.33339359361	541.893090799	12.3597185435	1.45811843024	0.971781533238	45.1109569902
-3487.99010735	3.65518248755	173.509609993	6.21517684012	0.563128869943	-1.01935493148	77.5269353627
-3428.7696494	7.24419001665	333.63369161	16.319378304	0.932533398966	-0.157420364366	32.5945748977
