-791.489442021	2.22176315903	61.2659631812	0.683301968697	0.71806115432	-3.28938009801	291.984117525
-1512.32298367	3.81672483912	86.8502768211	1.5612876265	0.508954816627	-2.86448434451	181.418485659
-2180.83660515	4.13995346216	108.318017237	8.2355356472	0.423156355803	-2.24323748943	58.5506536692
-2840.47629467	9.02399085755	204.905521677	23.2298229286	0.600381644735	-1.16556406225	15.4769625262
-3551.51661045	5.12370068778	389.691588992	12.287521141	0.913431824669	-0.201990221742	46.3752485711
-3913.48389238	3.60470229805	608.431952189	11.7793462136	1.29653998661	0.629034031021	64.2254073337
-4193.95133977	21.6717771507	1156.86194658	50.1868379814	2.25969945992	2.44936250313	4.88836423763
-4571.6309873	4.23806764959	1606.32874303	10.3046405593	2.89643774208	3.40396693699	82.3979801856
-4803.63046465	9.45005177087	2643.59136646	38.1959645526	4.4260965651	5.71009238958	24.8580335408
-5635.97855005	2.77712217401	-366.863345818	12.7701020242	-1.61403450944	-4.35667187858	3.08322269219
-5364.09048783	6.43524238737	619.593602563	28.5691426316	1.88137545817	1.46894146165	3.78052263597
-5108.52232197	6.77583608961	-318.121567371	18.2402378502	-1.18679616267	-3.92513904912	11.6779472488
-4916.60818191	4.86073635994	400.430172153	15.4045455566	1.10797778851	0.193812226933	19.403587799
-4618.34574729	5.21694084252	-203.129523492	16.8905118825	-0.690040134397	-3.28611789215	12.5435213746
-4479.64335112	4.59493123376	239.479327565	9.76380532818	0.640544181743	-0.698926712906	47.5396727496
-4167.80372603	4.27794210443	-183.525449217	11.6433469973	-0.596569018847	-3.38671440974	44.6862673021
-4062.34108719	3.80734353662	151.972136441	8.88163450144	0.40892452181	-1.25381603651	38.5158447032
-3727.10754356	7.62542442938	-90.0354559839	21.7122266953	-0.292211852618	-3.01512833845	9.91998364421
-3657.29128728	4.39783401182	101.754481659	8.98575054494	0.284412081356	-1.66968706237	40.8257817023
