-948.747305973	3.13864710684	48.3224035122	1.72509415347	0.56635755065	-5.05930581898	1.2715345743
-1692.13365298	1.9605562422	100.723098906	4.28244363429	0.590251501894	-2.39024472239	2.4692734962
-2387.11004287	11.2814858084	246.215945258	5.98403020949	0.961869915957	-0.148280794739	2.36829532445
-3152.08717196	12.2001408606	498.188415304	3.58515354127	1.45971264083	1.34084064471	2.41415421342
-3864.87873322	0.105150496391	1031.48916469	0.229302645304	2.41779667933	3.30815642757	1.00390889446
-4171.13435331	2.11937814752	1788.34080545	2.67935371836	3.81087047715	5.96254558151	1.07145861622
-4465.92691439	6.40334406345	2609.89126784	17.1646349964	5.09790291387	7.96797177268	1.91784490159
-4606.64936137	6.36891250099	4071.46596161	12.3027421212	7.34142853884	11.3824000654	2.14668069241
-4707.25355405	10.7884650799	5967.94059176	15.7913670908	9.99196838401	14.9864340544	1.4823666713
-6013.22891751	0.00310014180182	1728.06970667	0.0117033829772	7.60273320593	11.0044232301	1.00021319215
-5620.18981562	0.0557730241319	3067.73411694	0.097567775935	9.31507306716	13.8582887369	1.00190643449
-5489.07073142	1.16999542295	1373.04073685	1.30181577381	5.12231689022	7.39925708432	1.04371307972
-5167.95819547	3.39101979258	2340.58801564	13.2157508258	6.47633398715	9.82961866583	2.36381973754
-4984.70391722	2.86821396098	1060.4017711	14.7253549576	3.60223254633	5.05978689854	3.12804836981
-4774.79736315	0.441867814984	1623.46553029	3.97744337655	4.34234307514	6.49885949889	1.11450382642
-4518.61722326	5.76593349301	786.325653133	7.5109197162	2.55603528222	3.30073241442	1.56646093425
-4341.95049462	6.53912914196	1226.0721934	5.60827211182	3.29909809215	4.87695085285	2.77136000331
-4078.20047007	6.58211961279	611.366529834	1.92873212971	1.98420216079	2.29644684017	2.20623197325
-4027.63006937	2.25977812939	790.723411327	0.598794773315	2.21013647288	2.82362119289	1.06498857922
