-760.310271801	5.8402764998	62.8513608059	1.62376699513	0.736642637241	-3.0725899641	87.5677625766
-1458.30426072	8.29225792004	94.6848412522	6.4565141903	0.554866464227	-2.59666134118	15.1163435654
-2094.41513768	4.10806215373	169.360867297	7.99986019583	0.661627024287	-1.31586947723	10.4293336793
-2767.24122408	9.44127768484	316.04790915	10.6422078328	0.926033432177	-0.215737771118	11.4214602652
-3458.86042521	5.28931105868	615.901097582	15.5587039622	1.4436638595	1.03520446188	1.34271908566
-3738.56977251	13.9273228538	1173.06862388	21.35352149	2.49975428218	3.18134661174	5.24107142733
-4058.43317518	7.08479020189	1704.22442861	20.1837035377	3.32886307852	4.52824668181	2.59644260956
-4230.63975274	8.10305734924	2794.87560695	29.9413318606	5.03955571207	7.25070682728	6.7698231484
-4377.82887458	12.6646405137	4185.02329786	31.0838199804	7.00687613015	10.0113400262	3.98268577221
-5400.19878558	2.06612500873	735.375779035	5.64062670688	3.23532426529	3.72549571588	1.15471617654
-5092.59504328	10.7957671217	1813.21693803	18.694842496	5.50577319302	7.50953183304	2.01587975282
-4900.69158129	10.8877766872	598.912727652	12.7687985807	2.23432611887	2.21552503669	3.49026504663
-4672.01464616	3.93346023433	1352.45492694	12.2235528566	3.74220057135	4.92204930979	3.67625138882
-4449.81424924	4.63837331538	446.033201167	8.12278919116	1.51519486083	1.00174606251	7.76982717134
-4290.86909666	6.44665839101	921.939359761	29.423130138	2.46594517706	2.85038714598	2.67283550625
-4020.47739484	5.88189314666	309.083174937	13.2335910677	1.00470777868	0.00998635305369	5.64513104378
-3890.93548381	2.61560268318	688.769374559	11.624364208	1.85333110217	1.81012452696	7.82152646327
-3607.59976048	6.68063994735	272.403190842	9.28529856711	0.884089941959	-0.270453873336	12.457640875
-3560.67444201	14.9464732635	402.9574507	9.26184641807	1.12629896377	0.294694390878	4.56395872198
