-632.885206786	1.17337935065	68.6229704181	0.384525154847	0.804288169037	-2.28336964409	637.621557604
-1224.495582	2.22689280215	116.540524689	1.10967737429	0.682943837874	-1.84952921542	363.752261088
-1778.08072573	3.34443625856	184.156622608	2.91165686549	0.719428284487	-1.09109114237	253.632114972
-2361.25883185	2.28547561209	290.908546402	3.50645915282	0.852374060626	-0.430579545016	382.211024814
-2942.53894241	2.88792818556	605.523978353	6.88489455801	1.4193400321	0.978449479208	381.965092061
-3226.8310852	3.62245271425	893.11059859	9.00124316998	1.90317684562	1.9158595723	339.911393597
-3497.17993871	3.9702827162	1315.82800057	10.9893879059	2.5702079933	3.05311600368	323.298202372
-3724.21039571	5.28314239326	1988.74478333	14.4110895198	3.58598790864	4.64165901423	220.262043564
-3923.84285846	3.77365164129	2886.91271714	11.9381699913	4.83348320137	6.38906196537	288.099416285
-4721.56382108	3.24630098463	15.8160189333	9.93227898248	0.0695834038788	-1.5506757103	121.518187373
-4473.07567738	2.69380886049	917.459502232	8.59582703518	2.78583539957	2.97635660011	205.836593222
-4265.7487806	2.38659359537	103.561507075	6.4578538645	0.386350413816	-1.10145609103	199.410184415
-4082.36682551	2.50222125554	750.783423238	7.91613201751	2.07739429939	1.93384390736	271.576299356
-3853.98070343	3.03232290294	130.459797292	8.73716870628	0.443177803548	-1.08268634884	221.751592427
-3720.12228698	1.89221862221	569.703165491	5.70025202406	1.52380604909	1.01848967661	371.649011059
-3469.94544124	2.15053489023	128.189321155	5.19756333136	0.416693041071	-1.23733710212	277.947101931
-3372.10966432	1.84485572641	431.572770343	5.35444847129	1.16127003852	0.342093299361	400.915117861
-3111.34171267	2.09155682696	129.252124196	4.21690065948	0.419490324709	-1.35450790764	289.303646477
-3035.25893332	2.87721149946	337.084433105	6.5990862729	0.942178503091	-0.134915365116	317.65748998
