-890.584098945	10.7933793785	54.1584650129	2.81191783512	0.634758483896	-4.26127223137	28.5966702172
-1645.24029578	4.54661979147	75.9990461848	6.78699502676	0.445365081501	-3.23543147301	25.0255399917
-2373.56448616	10.0515301613	119.759058177	5.43434303647	0.467852052	-2.06942425194	25.8484453454
-3105.69206588	10.5648766156	200.092587087	14.2095932004	0.586279547526	-1.20669555056	7.70500124836
-3854.36013507	5.79066009793	468.818298041	26.8383871232	1.09890376265	0.230772947135	1.65490815786
-4200.41983346	10.565041961	974.360824668	22.3637328429	2.07631727102	2.28313287318	3.78199005
-4562.50683914	7.4500274148	1477.61278832	21.2681620771	2.88622236181	3.66757506261	2.33985599209
-4791.96963536	7.97640503772	2552.27781625	22.6499662446	4.60211760972	6.46553745189	5.72699219957
-4998.44677226	15.4747689592	3905.94924416	33.8949693301	6.53962966908	9.23260527353	2.23184612048
-6025.83766845	1.09969969625	377.150770653	3.96992444082	1.65929457395	1.09881109819	1.10316699183
-5721.70272194	3.64161418228	1476.62231491	6.81398892181	4.48371476526	5.80612157031	1.18842373904
-5482.12697273	5.42473111755	283.096283711	14.3550325607	1.05612953548	0.100748407785	1.8847401741
-5235.27383353	4.51080782086	1078.72789298	13.428565289	2.98480641169	3.56258223078	4.15844639639
-4967.81218366	3.20633947447	173.059135768	11.2058942887	0.587889673795	-0.80130825826	6.3829914522
-4800.6380928	4.26886128373	687.044323387	25.2357423335	1.83766276789	1.62875339652	3.59041294901
-4481.77842163	4.63850980784	108.453409939	7.08843208061	0.352539359713	-1.37342279245	6.6189883107
-4348.77778026	5.38042213234	495.023819763	11.0050889354	1.33200324429	0.70426029708	13.2810024949
-4034.59003124	7.0536066911	90.3484529417	11.4326971428	0.293227690433	-1.64911753061	7.84494813474
-3988.83141122	12.0039219501	225.948959031	8.59676958901	0.631545782265	-0.859717198124	1.75318531034
