-751.098305519	3.29345151765	63.5922354635	1.00506299577	0.74532597925	-2.97128142564	192.613490631
-1441.38368439	6.68614391734	97.1095252014	5.41209725971	0.569075452614	-2.5137740099	36.6502954861
-2083.48465673	3.55995448957	160.262045598	7.34987767397	0.626081467505	-1.45409952684	26.0319935246
-2749.98405493	7.82305325153	289.823933536	10.3517743292	0.849196100114	-0.439848680217	24.4230079975
-3446.33346751	10.7383245044	564.058515171	34.1521261577	1.32214554608	0.751664801042	2.05227756902
-3730.67569969	11.3948826845	1081.4153115	20.4395741173	2.30444536723	2.76704850826	11.1003771423
-4056.12834622	11.477560031	1581.1503598	32.4890120107	3.08846239143	4.0608110375	3.91977763293
-4240.91036843	8.88825193062	2619.05664638	30.9041212938	4.72252927812	6.68166758312	13.7884533714
-4400.46904276	12.8622573532	3943.07662011	38.2107794118	6.60179107316	9.33620636988	7.93542144771
-5394.19744263	5.07561660367	556.228220867	13.5917962118	2.44715519781	2.41189637378	1.50159185624
-5094.5187264	12.7395269519	1608.00074683	23.4517354685	4.88264102358	6.47099068546	3.32399105972
-4893.12496338	8.74104471691	455.836747936	12.6974852263	1.70056154232	1.25745669076	5.16518866144
-4672.62254902	4.76678879337	1193.68471761	16.3485489295	3.30288835751	4.13351604147	5.31365826802
-4439.69083164	4.80157432033	332.970084373	8.62909185224	1.13111436398	0.254939068389	11.17972329
-4282.93629617	8.2530271909	817.280616705	33.6586941865	2.18601058056	2.30608167803	5.40329583069
-4010.07972615	4.73727967599	225.48873691	13.5614669322	0.732975154746	-0.566425178308	8.95735696605
-3884.82928702	2.84547106446	600.046638151	12.3932843023	1.61459719075	1.30371135699	14.455286135
-3591.83142454	5.76156434857	210.649908919	8.68087238889	0.683668444462	-0.738098970008	25.0397551104
-3542.4774897	12.9999272726	343.508131629	13.8600389696	0.960133264763	-0.0930213748853	7.83633621188
