-728.755584352	7.79847812902	65.3470033777	1.66283854167	0.765892548493	-2.73133129253	44.7864181776
-1406.06215871	13.3133505374	107.949101525	6.02734312389	0.632596891828	-2.14322528174	8.80462533496
-2013.70171373	6.34619331627	204.812278247	6.02588617923	0.800121895672	-0.777288718454	3.49002226276
-2656.94366485	11.8639217869	400.942925202	9.31899344968	1.17477933688	0.509777669622	6.25977350989
-3316.35518298	2.21781631595	766.601400687	5.28195811825	1.79690333588	1.85942098127	1.11261900767
-3567.6739149	15.4915590636	1377.08311831	19.6238002477	2.93449961226	4.10354806784	3.48046007829
-3860.62979631	5.22622140457	1969.59475464	15.2223791805	3.84721117025	5.53612389368	2.11322897299
-4000.38706809	6.97696712158	3121.96875513	28.6464759054	5.62935088551	8.30934599344	3.86477200201
-4108.72654348	9.37435787507	4610.61286042	18.8572291468	7.71942971347	11.1989150744	2.44107080608
-5167.83762682	1.00602001867	1097.08149782	2.48588724303	4.82666752438	6.37770264009	1.05935110099
-4846.39719112	10.8719523961	2203.801162	17.2255242823	6.69176925606	9.48616820769	1.88776342623
-4686.8545449	10.1489768735	900.853072813	9.31040287483	3.36075601155	4.23738424484	2.24202070088
-4454.69981761	3.72836851901	1664.20525476	12.6128573737	4.6048039984	6.47035932294	2.78465145759
-4263.42516411	5.12985902387	694.836859099	6.66592043081	2.36039208577	2.6451494745	5.88314978397
-4104.01640974	4.76085421816	1157.07776653	20.2038713242	3.09487853801	4.07328660753	1.60931632836
-3856.59626244	6.41947276697	492.731371762	15.0214559107	1.6016758017	1.27630192216	3.1209059975
-3723.96099401	1.67838484295	880.116582232	10.7693154045	2.3682055208	2.90229942963	3.41168543157
-3463.40889709	7.98986553551	423.951013667	9.69111754041	1.37594139741	0.877187094848	7.75650292641
-3415.42994906	13.7656044733	555.599510636	7.30547196862	1.55294597982	1.29019331467	3.98095669651
