-727.694714809	2.49559104019	64.990146926	0.783152478811	0.761710050703	-2.78012848809	208.152051409
-1398.5523955	7.36045651117	103.016542423	4.43935470983	0.603691402922	-2.31184381878	50.1422579249
-2031.37664831	3.79971353506	166.474905746	7.4979968277	0.650352695196	-1.3597132431	28.5557727222
-2681.32378009	6.73168119726	301.735836219	9.38468760042	0.884098467148	-0.338049190363	33.2956059355
-3365.89286827	13.4996587422	581.404585815	41.5527647771	1.36280450154	0.846534669762	2.6517461653
-3641.65622661	9.50026709603	1087.19907776	18.3304501151	2.31677030217	2.79319271765	16.1739607187
-3956.08321216	14.343569819	1594.67892271	39.6648210358	3.11488774529	4.11219255581	5.68130471523
-4138.7679899	8.74668265638	2608.52838077	29.687077106	4.70354532728	6.64759278091	21.8114634197
-4293.25264849	11.5793041049	3911.82952519	37.4415857174	6.54947487132	9.24901374694	12.5540316433
-5274.66962096	7.74447542944	561.367152377	19.5519927242	2.46976419621	2.44957758539	2.01996097895
-4976.47899093	12.1587947924	1600.68823036	23.2189321489	4.86043680944	6.43398410617	5.51156091096
-4783.57116708	6.44714823629	460.829986155	11.1048281947	1.71918950272	1.2908925162	5.38014868226
-4567.43152241	5.66058472368	1191.34575506	20.2138015953	3.29641652115	4.1218995689	6.58529938544
-4339.4621816	4.77548889523	343.382792069	8.38447323249	1.16648680071	0.323717315048	13.7329606382
-4184.51092659	8.90458899924	827.869726393	33.4334886217	2.21433366243	2.36115314302	8.00140938656
-3920.85034726	4.13559092434	233.654704014	15.5703805185	0.759519500525	-0.510118111539	9.80089284689
-3797.89784899	3.05203395877	605.251817381	13.485663462	1.62860321499	1.33342156907	16.6314546109
-3506.56114599	5.25399850138	222.783561026	7.85453639027	0.723048452287	-0.646213280118	36.5103504437
-3455.8319364	10.1512938524	359.642385419	15.5976899575	1.00522982097	0.012202783459	11.6435557738
