-739.025051784	0.796035740898	63.9957735889	0.254075281361	0.750055604593	-2.91610089372	1479.50205507
-1416.57900762	1.0940799255	102.827942732	0.770232356015	0.602586182252	-2.31829106114	1282.59408279
-2058.50512626	1.14715001321	142.243641952	1.42095094839	0.555690573922	-1.72783660098	1179.00251223
-2706.38436147	1.17367876635	239.325619438	2.35612863263	0.701233953333	-0.871408839027	1130.36462679
-3377.34111767	1.37172939922	539.078491184	3.56124066964	1.26359270703	0.615042989404	1071.37162997
-3704.56514526	1.48239509583	849.932260191	4.04373579003	1.81116582929	1.72068164314	1047.70021211
-4006.90485488	1.7187632605	1345.3505489	4.93918487698	2.62787441297	3.16524272162	1024.22112737
-4275.88669799	1.83463127862	2081.40335487	5.46063353716	3.75306440833	4.94154910199	973.551450266
-4476.70984667	2.34228685328	3182.91381461	7.30538832804	5.32907017348	7.2150303361	932.574165986
-5364.60687532	1.19478374943	40.1056121039	4.03377333901	0.176446741534	-1.37257228576	788.182216163
-5088.21246084	1.46273310496	1031.43024726	4.8700693021	3.13190379304	3.55313033146	846.386572643
-4867.14885131	1.10434141324	47.9341926776	3.51433308116	0.178825083759	-1.47394886863	878.750699606
-4656.07500959	1.48149234174	772.783573208	4.62156246821	2.13826802771	2.04310779403	908.243248663
-4402.23998905	1.13153764266	48.1696415608	3.56711582743	0.163634440553	-1.62623110147	930.599613829
-4249.25989258	1.41130142609	545.929746078	4.17718004074	1.46021840819	0.894849722599	959.153425648
-3965.0657977	1.11918322476	47.1967224125	3.14601211088	0.153417972834	-1.79580808383	969.427588183
-3854.54002113	1.29518684557	377.976524287	3.48455548876	1.01705400127	0.0361757187914	1005.15557305
-3556.49156645	1.12322285791	46.0480464177	2.80942991413	0.149449845131	-1.98459553673	998.729756878
-3477.9992006	1.19185011436	252.022417885	3.03768650147	0.704423227858	-0.689671666507	1037.46004445
