-811.904670416	2.3785634658	60.3277573211	0.609841327673	0.707065013104	-3.41767206141	494.801127229
-1542.47718061	2.19848512838	90.7196220663	2.10683831655	0.53162972305	-2.7322115585	331.461674615
-2230.14085622	3.15700745397	120.690223925	3.24549162395	0.471489754335	-2.05527790512	259.23246163
-2924.06347879	4.42344250825	199.777996768	7.86632543175	0.585357784895	-1.20938404918	136.31349701
-3646.60472924	7.18657700964	486.253312019	27.3546962267	1.13977120009	0.326129268527	45.7072819829
-3992.19851664	6.09613289593	841.618703208	14.9438655068	1.79345002882	1.68310208598	72.0898128588
-4338.33713107	13.9337425572	1311.33557163	41.6909164978	2.5614329279	3.03605374649	20.573126525
-4594.7810806	7.3983271393	2197.03005958	22.347136326	3.96155569816	5.31577570668	54.9324186255
-4804.80310991	11.5786825951	3405.17712534	34.1734788886	5.70119987878	7.83523906571	37.442023791
-5758.74423912	8.80960323527	69.1275656391	27.1586354534	0.304130346536	-1.15976883222	5.27263411761
-5476.36672517	13.9950810965	1085.68516592	33.2961252873	3.29664705706	3.82769914183	6.83858630835
-5227.4355881	6.56984463373	55.222728744	17.0776630874	0.206015967755	-1.4251432221	18.9915154667
-5006.77291414	5.99384394045	802.608504618	19.6639279078	2.22079268205	2.19123350817	27.0020857506
-4732.45691556	4.68396856383	14.6342817999	14.0380535844	0.04971331398	-1.84773959982	33.8344654608
-4574.74374224	5.91113354657	525.542744373	20.1270217281	1.40568854351	0.788821729345	39.9571369699
-4267.14813227	3.22441099938	-3.09483664477	9.98273682717	-0.0100600961258	-2.14258515722	55.0929486381
-4147.46544865	2.87403019754	359.838108221	9.11794521132	0.968247402315	-0.0673550462632	93.8431509094
-3826.00510925	3.88198925991	18.2229515763	7.64788046816	0.0591429496535	-2.19530934435	94.3247901437
-3759.0855738	10.2118677656	188.263794615	19.2827579896	0.526212671891	-1.10549179416	34.5409863971
