-845.900880646	3.25277989982	57.8953255806	0.91217350505	0.678555957623	-3.75028716979	132.251347131
-1608.03768531	7.55173239192	74.1124480586	1.94477093171	0.434309351588	-3.29992444907	48.9014393942
-2298.42667057	6.04809136335	89.9185741694	15.589678328	0.351276889434	-2.52276334588	13.6937238718
-2984.23093883	10.6071838375	171.746405474	25.7455930782	0.503224064202	-1.44894289796	6.3023893575
-3722.58581479	5.34905778484	309.198109456	12.2958103978	0.724756195109	-0.642228590016	29.4655455271
-4104.18596289	4.04053890811	509.868548001	14.9184960908	1.08650598974	0.183500417776	43.0248054373
-4402.74761626	22.0175903206	1036.75280296	49.7339553052	2.02509016382	1.99318765267	5.10601851363
-4804.97661989	3.9018549232	1461.15132907	9.35712223501	2.63466234715	2.93409926378	82.9877396214
-5059.46199268	9.28283195784	2480.33161197	36.6972982285	4.15275498601	5.25452856036	25.0885436761
-5890.45423685	2.44957621422	-548.888215823	10.6626607305	-2.41486246109	-5.69136910768	2.71182401863
-5619.21685114	6.80583525346	445.075158353	29.995471668	1.35145598099	0.585752936092	3.1739791071
-5343.48345486	7.02188221424	-483.039269518	19.2664624225	-1.80204428207	-5.02946439026	12.9157627785
-5149.0905137	5.89427095832	251.74295037	15.9163434566	0.696564886519	-0.544643818718	15.8533502101
-4829.42893057	4.93028085334	-328.543068119	18.8562398791	-1.1160755905	-4.11450220475	8.61595501562
-4693.47408801	3.56332459812	111.060517008	9.60591178125	0.297057657187	-1.36680269472	35.6277990144
-4360.97722753	5.05557889838	-295.304955081	11.7992090326	-0.959920207606	-4.15747138438	39.3612603146
-4255.99535424	4.96955533851	50.1901152402	10.0163887785	0.135050867579	-1.83476921817	21.348626195
-3897.14639023	10.4386177384	-171.604158096	24.3356339877	-0.556944688135	-3.63283159885	6.73188999997
-3830.72344221	6.35052768862	20.6847933132	8.97785517629	0.0578156855867	-2.1984062603	27.8212019201
