-807.591239758	2.89278382133	60.4075693799	0.900094714478	0.708000441784	-3.40675841638	330.443184408
-1534.40799938	2.87534427039	89.8572695783	3.68586242125	0.526576216389	-2.76169090419	133.867575015
-2218.76677593	3.9081826974	128.221828789	4.01187277286	0.50091280462	-1.94085714289	135.071977791
-2914.33557146	6.5801771943	215.263587822	10.6547898231	0.630731206512	-1.07704370765	51.4006540455
-3637.35862521	11.9053900723	486.65684538	46.3861007461	1.14071707684	0.328336290379	7.66596354588
-3968.88612108	8.88786045891	905.601159932	19.9006176888	1.92979364669	1.97232033451	24.7191593333
-4319.42812741	14.4802613067	1368.56963738	43.2699273687	2.67322827897	3.25342888213	6.72847408206
-4550.33540141	8.51257232555	2332.82506119	26.9839887546	4.20641327763	5.75527713944	23.4308648743
-4748.00927673	15.356593803	3590.44057514	43.7819957089	6.01138167511	8.35220251987	13.2722717744
-5722.5836375	6.75563143919	212.527489302	20.6185165601	0.935025823237	-0.108288994547	2.12640343319
-5435.06791893	12.9370596298	1245.05778568	27.0962033639	3.78057673982	4.63423893023	3.14691931856
-5195.21872203	7.96207799554	170.712615804	18.2393443467	0.636866840028	-0.651797442562	7.94881783058
-4971.65140469	5.82139758686	918.740966431	19.7298673826	2.54212757928	2.76800612854	10.5255526163
-4706.94901734	4.72139168101	97.1546951057	12.5799959247	0.330038872319	-1.30267394479	15.7019788631
-4547.59157724	7.04485645513	605.009181609	27.5180275206	1.61824035136	1.20210794933	13.7114553555
-4245.4413757	3.90848817001	54.3349912047	10.2187390178	0.176621675797	-1.74658733968	22.0113286957
-4121.93858854	3.28953798391	426.817747783	10.5826207273	1.14847528961	0.314952499323	41.5676040887
-3807.29887803	5.00959774461	65.1581959274	9.02975364962	0.21147221322	-1.83987824501	40.5097057023
-3750.68000984	14.7832091537	212.305270611	20.9327121378	0.593410559544	-0.948698420891	10.2649411166
