-934.654432479	13.8625655319	50.1505021181	4.22456426694	0.587783584405	-4.80932831466	8.51417928605
-1691.11213737	5.53989298375	69.7564807816	7.65191613528	0.408782771733	-3.44883231099	10.1242604072
-2440.84978184	13.2679923121	131.386485887	5.18270848955	0.513275888795	-1.89277941129	12.1618362321
-3185.63097797	10.8925624153	227.735574084	11.3604217501	0.667274641573	-0.970457726158	4.00599521657
-3938.03614339	2.38193198337	535.763837079	10.2325410649	1.25582320255	0.59691434193	1.18328162465
-4288.75214895	7.83987525683	1090.79695929	15.7579171301	2.32443721917	2.80945612874	1.93092809269
-4644.0099538	6.52003202464	1658.07549354	17.5579478624	3.23872032299	4.35297290234	1.97555587584
-4867.11715909	7.4791724327	2806.99173192	17.0753344199	5.06140279774	7.28992074694	3.71244999554
-5064.79648938	11.1476981212	4262.66493174	19.6437059476	7.13686950711	10.2279930535	1.56249975233
-6146.75098956	0.294214119477	582.975526745	1.13286840653	2.56483137128	2.60802097499	1.02582909167
-5824.40590381	1.17308116745	1737.6828869	2.14233180691	5.27641654784	7.1272753469	1.0507245227
-5597.50338164	2.90305331747	440.850773089	8.22873390562	1.64465430665	1.15710729486	1.31436430091
-5333.47430084	4.40585697108	1277.14966609	12.4343481513	3.53383326493	4.54804524623	3.26203559437
-5073.4554141	2.91024186502	298.482481043	11.8743569313	1.01395842314	0.0271407897944	5.14593958904
-4897.49596058	2.99127114041	822.365781017	20.6216157425	2.19961205692	2.33252841969	2.38658971559
-4580.80537569	4.8560866951	201.635543952	5.30637319692	0.655437810579	-0.730900899486	3.6351309212
-4440.22452426	6.73747345507	597.869098839	9.44667208349	1.6087378981	1.29128236044	7.80380257788
-4128.99036518	7.2085863506	155.363936124	9.91904844896	0.504236726617	-1.15676844452	4.25596344321
-4082.61415537	6.36446453676	302.278937156	2.53321775147	0.844894301119	-0.361909378253	1.25711353685
