-775.375612909	1.07618805593	61.9422656031	0.277471308253	0.725987684362	-3.19690128366	1292.37637506
-1479.45750338	1.49639599241	93.3290926328	0.814135079097	0.546921586959	-2.64300733402	1049.0603128
-2130.09693302	1.57535217623	119.007907323	1.59524821703	0.464917597822	-2.08083579767	996.504842395
-2788.01478613	1.37104122582	188.100909818	2.41544342813	0.551143437659	-1.3091767965	987.24625932
-3471.84089167	1.38201529583	425.158260132	3.67994741601	0.996565223102	-0.00801439264056	982.122803752
-3818.67617231	1.67281070535	665.274916162	4.58874254193	1.41766967989	0.885979814654	928.773019927
-4145.87781385	1.82214467365	1070.08853806	5.3917965258	2.09020488458	2.11979686423	891.280524561
-4448.85839982	2.37315390962	1686.63779144	7.21254280801	3.04124630625	3.66388771039	803.894177386
-4691.91354732	2.5798195846	2635.97204947	8.16659341065	4.41333973997	5.68883126963	749.838695615
-5521.52418459	1.38692297891	-373.776673964	4.82711005991	-1.6444500588	-4.40736385227	526.409796269
-5263.6132841	1.8988261873	571.189140276	6.2595479578	1.73439691121	1.22398015758	605.935783327
-4997.81934389	1.38992267444	-238.636261529	4.73793466523	-0.890265321518	-3.39288789387	598.740507175
-4805.57702539	1.70157720064	437.705684358	5.27596543648	1.21111796738	0.378941298635	682.669373632
-4517.29110116	1.33625721524	-149.504295244	3.87207984766	-0.507872820303	-2.93191135112	701.270649361
-4371.77642772	1.5382292973	315.879256431	4.44050284741	0.844893886658	-0.301588680566	779.970202909
-4070.51369817	1.3019518389	-98.7810707012	3.68808349534	-0.321098390879	-2.80237365517	785.563412152
-3965.8588194	1.552569384	206.35558057	4.07672612719	0.555258740737	-0.943405273165	832.188937435
-3654.54497599	1.28835278692	-40.4721675564	3.20341474746	-0.131353220038	-2.6397955936	798.722053363
-3574.04933633	1.40187627796	146.237530913	3.43376417372	0.408745834693	-1.37957811286	885.451976165
