-744.849497766	6.95762716905	64.0157579916	1.70343595699	0.750289829642	-2.91336819041	61.8682056839
-1433.16312799	10.4777047381	100.387026737	6.28321499435	0.588282071796	-2.40173328163	10.8537866488
-2053.71661304	5.15608346872	185.812419922	7.46455301595	0.72589684046	-1.06593613302	5.43609460313
-2713.13601023	10.4767067966	357.36013749	9.97618520804	1.04707996814	0.137317813835	8.16736310476
-3389.04019854	3.36054726818	689.008980607	8.81632677064	1.61502775052	1.435049211	1.18735323196
-3654.66159773	14.8305350997	1273.42336302	20.2228806774	2.71360552993	3.63497755018	4.09527836171
-3961.1432701	5.8803904735	1835.2239966	16.9136922556	3.58474465015	5.02578339333	2.30261318967
-4116.93853946	7.56339987283	2957.34327491	29.5593972572	5.33250787856	7.77653452344	5.0061983134
-4245.10634514	10.9690005381	4396.14248306	24.4857473989	7.36034751467	10.6004519279	3.05699597871
-5285.47051992	1.41272788397	916.028864396	3.67812310791	4.03011697853	5.05013433506	1.09324126912
-4970.91316202	10.7437330421	2008.48039914	17.7743808424	6.09868422709	8.49770502635	1.93326564345
-4795.14389337	11.0216502076	749.163840643	10.9047442729	2.79485851474	3.22163965901	2.81800817663
-4564.7375281	3.77491477309	1507.3486409	12.2272786844	4.17078664349	5.69132993885	3.1272697483
-4357.83911327	4.84436260267	569.934883482	7.35578719864	1.93609445261	1.82014418881	6.69969452438
-4198.78518016	5.63967887689	1037.82035624	25.0202384164	2.77589634831	3.45305691032	1.98453891421
-3939.67156026	6.31156807897	400.51169582	14.4679331366	1.3019059233	0.640416498604	4.11726509735
-3808.50198198	2.14463108753	783.595980537	11.3429994204	2.10848922136	2.35137746926	4.97144309733
-3536.54168988	7.28524760057	347.600291489	9.42410579999	1.12814361894	0.298998539653	9.57570607205
-3489.39484446	14.4357845759	478.357996754	7.83580500087	1.33704964413	0.786440653219	4.23264122216
