-784.879899385	14.309471644	60.5722862266	3.44975246719	0.70993098793	-3.38423473734	14.6875839278
-1488.49620496	7.20040036709	97.5802042181	5.73540562294	0.571833697739	-2.49768394274	5.04949029838
-2110.72728507	3.85198154103	200.108851049	5.69405800376	0.781747435321	-0.848743572332	3.0578126132
-2792.45312049	8.94088785412	391.663173928	7.78092344328	1.14758928222	0.430472627357	4.20485843036
-3464.75230465	1.32237764921	778.85052611	3.11542967346	1.82561512053	1.92641442	1.06498541142
-3739.48409181	14.2628021486	1399.22440969	18.0419768899	2.98168166692	4.20363277607	2.24851464634
-4035.36930516	5.81272613454	2026.68938525	16.6937025169	3.95873416255	5.75296945427	2.06892477293
-4186.28847948	5.1950616477	3215.73144356	21.0846962086	5.79841826399	8.61280956291	3.06376452874
-4301.68656728	13.3260813606	4765.28643983	21.7857493972	7.97839568196	11.6305198403	2.32979129337
-5398.24570274	0.274337987553	1134.09003603	0.809001266446	4.9894885271	6.64906772009	1.01852462718
-5070.90113598	4.94454578561	2272.32543842	8.13967619741	6.89984095243	9.83295020503	1.24058672755
-4906.49505718	12.8958901172	917.265302913	13.0505678587	3.42198408818	4.34728416078	2.31659700603
-4654.70932099	3.88686792547	1720.83426846	12.6798832562	4.76149471185	6.75160768459	2.77782053575
-4459.14670055	3.88964397556	703.722814929	8.54080071538	2.39057807769	2.70384318604	4.74537375845
-4290.03451532	2.22445637601	1182.7124782	13.398194784	3.1634446459	4.20660670412	1.38579655021
-4032.32340503	7.88493739523	504.024543211	13.6459092294	1.63838545826	1.3541721059	3.30008308866
-3891.82775452	2.50609042428	898.599757297	9.21651615594	2.4179397925	3.00779801607	3.46660027146
-3630.19203988	6.45872928671	417.482703637	7.79318469279	1.35494836931	0.828203893061	4.56333557161
-3582.58673956	15.4907171467	560.071615102	4.44253846917	1.56544587681	1.31935942514	2.49639604457
