-848.151522	5.62856033293	57.8649661919	1.39769314948	0.678200133662	-3.75443856742	141.947965712
-1595.01317413	3.36282085903	84.0325252314	4.35312146418	0.492442396677	-2.96080861372	89.445211657
-2302.76095214	6.24044858155	116.683274184	4.78219243597	0.455836160469	-2.11615181603	74.7651705124
-3017.35590418	8.48632031936	191.938441718	13.5887183944	0.562387564685	-1.27638112983	24.6403064712
-3758.53582735	10.5730695814	452.688269196	46.6024826348	1.06109519276	0.142553906044	4.53431097312
-4102.34024762	10.1318589947	888.062783866	22.7916094851	1.89242018892	1.89304206563	12.3095800224
-4467.10112304	11.7785310986	1343.61652604	36.0332264071	2.62448734459	3.15865689814	3.92700444646
-4703.58127311	8.87921273381	2342.03029182	27.2041341561	4.22301160941	5.78506993007	12.5815946117
-4912.52648215	18.713953971	3617.07087583	49.7360943645	6.05596809792	8.42651233244	5.47797464821
-5899.53797422	4.03242897992	196.691189344	13.274568703	0.865353191927	-0.224408652661	1.48964301535
-5609.86852314	9.29282163687	1246.68207059	18.6954916327	3.78550882715	4.6424589771	1.78372269211
-5360.29897761	7.6672706634	149.277356741	19.3106137106	0.556899664548	-0.795332669339	4.07332859531
-5129.40033993	5.23623706554	912.10203306	17.6498462698	2.52375785785	2.73503382314	7.09931641825
-4856.25857462	4.18017920646	71.2132585522	12.3649572726	0.241914644692	-1.47402289399	10.1927669981
-4694.60252386	6.59024793657	583.573637477	27.9051373621	1.56090591161	1.09062673392	8.04882734917
-4378.96727988	3.99592427192	34.3775768623	9.17787721817	0.111747974935	-1.88420036795	15.1413924238
-4252.53866455	3.9794312308	412.292141294	11.1214338507	1.10938998867	0.232042991281	28.9850452393
-3933.95592613	6.14670780519	42.4888547887	10.8328302724	0.137898418326	-2.01154857407	21.1230144522
-3882.0460069	16.8634554952	180.308153	20.7343081248	0.503976004244	-1.15737679013	4.28264252166
