-651.046133979	1.26732604029	67.7619374411	0.478376741775	0.794196524324	-2.40110884812	548.152941579
-1260.04343779	1.90089722821	111.108031404	1.36456810027	0.65110866446	-2.03523790158	374.240837945
-1821.19786222	4.08202312569	169.162455847	4.07279834098	0.660851907938	-1.31888376033	159.486257753
-2417.44126769	3.32375872616	260.091195383	6.08607806589	0.762077948838	-0.693945582823	173.303777774
-3005.43940705	5.61704767262	565.383827797	14.3358311508	1.32525206099	0.758913257329	70.8974802826
-3296.93658589	8.01852150639	833.67115178	21.5138106153	1.77651416905	1.64717697429	42.4157705725
-3579.25073365	17.3307829153	1227.34096496	47.5916412857	2.39736618865	2.71704200448	16.6762884055
-3830.12845021	8.89229756885	1826.64538244	23.4438233809	3.29369977974	4.11702321693	30.8657966973
-4059.89642008	9.85644280306	2645.38730132	33.2727524922	4.42910345233	5.71510380814	29.1691530269
-4836.83699225	3.50199142239	-189.165003409	11.0831630775	-0.832241342616	-3.05369890999	20.9198521099
-4597.22893686	3.77506581511	693.747965074	12.2373190742	2.10654272454	1.84421573358	34.3276023257
-4370.38004467	2.47809089888	-62.5518272335	6.93404273305	-0.233358175437	-2.21378764907	53.8478223957
-4189.84838833	3.54460995236	584.840688644	14.2041011712	1.61823593201	1.10968824608	51.6083963577
-3931.99157203	5.67116562082	57.4974046064	17.4060411397	0.195321271472	-1.56461915515	20.3376314893
-3813.82432946	2.74125525039	451.753461684	10.4494373567	1.20832163013	0.405061052779	85.1970699861
-3546.419988	5.13125902524	59.9077950518	18.3118463865	0.194736668227	-1.70816099847	41.1331453831
-3451.8069985	3.29840858891	354.472962166	10.5063131546	0.953810941551	-0.0979783197441	89.331636443
-3182.45436546	4.90136710498	83.1481724336	12.1727522059	0.269859037677	-1.70364379657	66.9075361478
-3102.65231433	4.17075610025	280.801513223	9.12987583056	0.784863148255	-0.501980551431	90.77345455
