-928.350374937	4.85566183838	49.4337987063	1.92660535727	0.57938353889	-4.90733163333	1.34257446861
-1659.34660513	2.07128054858	102.314382957	4.25785747141	0.599576649867	-2.33584699834	2.52035201678
-2336.79175413	8.13321825977	244.751827065	4.83997301561	0.956150175743	-0.170523799073	2.04828329042
-3089.477487	11.5796691947	496.268535693	3.5084009185	1.45408731424	1.324433294	2.45460479747
-3791.24941777	0.132856907532	1020.23062059	0.284929926766	2.39140680393	3.24658071843	1.00502414383
-4090.92476017	2.96390258797	1764.40081803	3.69149709511	3.7598554855	5.85433027399	1.10068183771
-4380.31673769	6.41846300926	2570.82773973	17.5030993094	5.02160008997	7.81960838785	1.95798421654
-4518.03013326	5.91256995109	4003.63219565	12.2065896207	7.21911467204	11.1628556273	2.12473128691
-4615.08656061	12.445110865	5869.05150959	18.4204323342	9.82640095462	14.7104916516	1.62237364716
-5898.67829102	0.00465200297449	1699.54707216	0.0173745616815	7.47724638114	10.795281033	1.0003235778
-5513.08631613	0.10293275362	3015.38917527	0.178136649836	9.15612938501	13.5933857803	1.00354902327
-5383.83201465	2.01798803038	1352.76561556	2.13721490002	5.04667776791	7.2634903962	1.07681029291
-5068.97545261	3.46011905633	2302.76289198	13.3948625075	6.37167305054	9.64175994529	2.39136268341
-4889.14633089	2.676020589	1047.80305733	13.852485068	3.55943414858	4.97656959634	3.07343650474
-4683.78233568	0.386611439754	1598.98574896	3.8912950827	4.27686610197	6.37154592291	1.11057616206
-4431.12648688	6.76488133437	775.661425984	9.1659330904	2.52137007609	3.22719901139	1.72365652842
-4257.91619204	5.55029852665	1209.85230697	5.7938486918	3.25545384619	4.78437070444	2.59209178173
-3999.02253564	5.95840988245	606.458018528	2.25398358123	1.9682714903	2.25927567821	2.20133549271
-3949.92307039	3.35063207002	782.275083561	0.896431804082	2.18652270722	2.76852300304	1.10201424535
