-830.644357846	17.5096434423	56.4082644612	4.33417869692	0.661127017172	-3.95363059241	3.96584834231
-1535.07907836	4.31345853412	100.304773795	4.88812746598	0.587800058011	-2.40454508183	3.38869352618
-2164.67759812	3.12906799932	219.845989425	4.16774135358	0.858852756874	-0.548895338442	2.12964644723
-2865.26252123	7.85237381233	437.164692662	5.10240704132	1.28091061213	0.819330017981	2.89047615592
-3537.14720218	0.562346650669	880.899592134	1.22706160989	2.06481675387	2.48454552041	1.02467546792
-3817.34554383	10.5027697515	1544.6355971	12.8036709723	3.29154609515	4.86093121525	1.54219109255
-4103.07756693	6.08121517724	2241.28772238	17.381149026	4.37790928362	6.56801451578	2.02069861924
-4245.17014172	4.57427706994	3511.43873516	15.5334206981	6.33162030232	9.5698681939	2.38884144541
-4346.88534747	14.8473467524	5177.91648836	23.1874904579	8.66925148655	12.781932358	2.11979268635
-5507.04083894	0.058275209244	1372.02096607	0.191149037778	6.0362781187	8.39369609437	1.00407820796
-5161.39310713	1.65690227218	2566.45279014	2.73461872181	7.79294891677	11.3214456089	1.06462767188
-5014.71115239	10.7299278972	1101.76951768	10.8533072931	4.11030238076	5.5827651144	1.70413653788
-4740.1078492	3.8404146566	1955.00306619	13.1525444452	5.40943246652	7.91460852832	2.59727952961
-4556.27255526	2.94912591834	852.843903963	9.90295731683	2.89714912925	3.68882109414	3.67321513101
-4375.17318546	0.750551644337	1351.55484245	7.07084421387	3.61505353903	5.084716066	1.19096803462
-4122.89245165	8.75858255766	619.9379098	13.6094148264	2.01517420158	2.153433429	2.72304152054
-3971.73834842	3.02277787229	1028.06234315	7.44365157811	2.76629592708	3.7467468036	2.70482321802
-3717.7639282	5.1405747525	500.722730301	5.30743675777	1.62510552171	1.45856375579	2.91131138146
-3670.60530537	12.3743628045	655.55961787	3.00410690694	1.8323426382	1.94211179124	1.68152651237
