-826.808735919	1.97440100549	59.7757776253	0.432843945358	0.700595594246	-3.49315076172	603.812150102
-1568.53985805	2.1605239234	88.2314757567	1.20888747478	0.517048836321	-2.81726833775	525.860568594
-2259.84442856	2.46656194515	108.128742806	2.05109539731	0.422416934233	-2.2461129622	535.878886592
-2948.91414878	1.58289737056	175.346524429	3.0417811567	0.51377256149	-1.41817616969	704.145445421
-3678.82078821	1.61817366273	427.897319741	3.84723976174	1.00298554185	0.00696618889014	820.65733942
-4038.40987545	1.5482602823	716.770334107	4.22659977357	1.5274040031	1.11875322393	858.987349961
-4378.12067915	1.72990840687	1182.25079007	4.98623457846	2.30929151029	2.54578939899	885.645089742
-4685.16843556	1.99271360661	1897.15612023	5.80368432022	3.42084060508	4.34523169232	874.672925584
-4930.28324538	2.21809015899	2965.87886629	6.84777405044	4.96569417994	6.60941095093	856.48761158
-5824.54125224	1.01089487625	-222.84231637	3.39612097624	-0.980406445303	-3.30063778319	790.652960226
-5545.48752171	1.41900407981	785.812146459	4.56391718998	2.38609256288	2.31012653735	823.013949654
-5281.51544676	1.07073049272	-164.268254675	3.44940255059	-0.612825266479	-2.89490330234	801.234388467
-5072.04835846	1.43456683697	560.605634612	4.40629688632	1.5511782939	0.989324693973	834.96162426
-4776.5411399	1.10511491129	-125.772498673	3.56940273595	-0.427254839157	-2.7751575647	797.158654886
-4624.24479056	1.36303383252	369.565902797	4.08155573598	0.988491537931	-0.0223770798974	840.732185337
-4305.27827999	1.21803428307	-95.1177354851	3.43902073727	-0.309190329599	-2.77711373703	738.069158089
-4193.13832428	1.38669082974	238.141444001	3.88028365276	0.640787702219	-0.761977371909	785.381585268
-3866.43732923	1.99713686974	-64.0718852385	3.24246134717	-0.2079465704	-2.81851147579	597.815082157
-3782.0653145	1.47533853984	142.67537165	3.55195618107	0.398789308812	-1.402809755	750.428675361
