-923.145433642	14.3642827487	52.0450197534	2.99074046435	0.609988075275	-4.55026855233	15.8334395097
-1683.43724122	5.20971637374	73.3501091082	6.97198482458	0.429841938301	-3.32598485217	22.0572557106
-2430.13915906	12.0721393979	113.900926914	5.91704228292	0.444966612065	-2.15842146521	15.940252262
-3171.34260812	10.7385335604	189.995887133	14.3344283973	0.55669579949	-1.29298226158	5.81185252797
-3929.51770346	4.74203777695	463.344981269	23.8764384492	1.08607438202	0.200838049816	1.52957026189
-4285.01635348	9.43707589415	975.265632163	20.8918996272	2.07824537341	2.28722285115	3.05223759089
-4651.69399328	7.05645020265	1489.69560877	19.7450054483	2.90982374565	3.71346564718	2.15168145415
-4887.51960805	7.84195035058	2581.48142472	21.2052409758	4.65477584306	6.56005512641	4.84809202338
-5100.11281305	13.2893057493	3953.57045926	27.5221674914	6.61936063631	9.36548862358	1.80332556493
-6140.98577641	0.765688958044	378.453936911	2.8865111017	1.66502792217	1.10836656384	1.07178536331
-5832.19531207	2.32929079411	1495.88833329	4.33871392104	4.54221539213	5.90362144456	1.11114278182
-5588.76531875	4.08785058006	279.247027115	12.7931378609	1.04176935552	0.0749729358464	1.63132798199
-5336.5796696	4.51019896635	1089.05169404	13.5710889602	3.013372047	3.6138554553	3.81795143999
-5064.20359893	2.99393255883	166.339825447	11.38766615	0.565063874189	-0.845690795078	5.78272349319
-4894.49776147	3.97031908749	687.77307627	23.6330764578	1.83961199008	1.63254346859	3.3166212178
-4568.94737003	4.43008320043	102.827497874	6.54108990566	0.334251733363	-1.41221533254	5.62819601445
-4434.28207212	6.07007428903	492.638932398	11.3260444015	1.32558602237	0.690647795714	10.911686516
-4116.38108545	7.02515380126	81.9578709747	12.1940037973	0.265995890757	-1.71265770844	6.16104589916
-4069.81306279	9.20047225073	219.57350691	6.33326699246	0.613725873228	-0.901296535611	1.46109134972
