-661.250112685	2.83365239843	67.5305058928	1.01185300289	0.79148405567	-2.43275521592	106.984278701
-1281.12710534	3.90588768944	103.712063448	2.36944244249	0.607767253786	-2.28806757296	74.2033832186
-1883.96905729	4.14790940983	139.425392445	5.41518295811	0.544680769446	-1.7706516799	34.6654699885
-2428.38263898	12.8542336178	307.78021786	19.6938301595	0.901808755094	-0.286393717362	1.69815210588
-3099.41357646	8.48432629822	465.664801546	17.0788432092	1.09151200943	0.21352570973	7.57582777659
-3425.13104615	5.34606387361	641.170650293	6.56965366167	1.36630461855	0.777021923477	18.1456216356
-3665.81287633	4.12660734192	1171.11220968	8.97179311872	2.2875345114	2.50348504072	1.21095833745
-4007.02601504	5.7952469837	1559.93481163	10.5047552231	2.81278292705	3.25381266712	11.5632949666
-4208.26614583	8.49330333887	2537.42950579	45.043561034	4.24835251101	5.41385585588	2.84750477431
-4975.50473241	1.02232058335	-281.026745457	2.42471604589	-1.23639188928	-3.72727506784	2.18007876737
-4727.7718075	2.22772627896	621.726970534	12.0431930599	1.88785335938	1.47973783404	2.22202189213
-4490.61464573	4.38387528712	-199.997247103	6.79422246597	-0.746117175796	-3.13415252324	2.34959253146
-4328.30738762	2.61848039335	436.915570197	10.8930500831	1.20893174616	0.375017191558	5.45688905627
-4059.48219397	4.96060772605	-101.825558751	19.8877238993	-0.345906006361	-2.61698270866	3.49099698927
-3915.19621489	7.89294873594	327.557643318	11.2383081887	0.876130498387	-0.240852141472	4.0421886893
-3654.31378384	4.2999826915	-72.2049543852	15.4390125064	-0.234709894335	-2.61912246926	7.85123938818
-3557.88011626	5.99194808535	218.822219028	6.28623166933	0.588803798993	-0.872247978473	11.2645876963
-3270.73304312	3.73169999024	-5.98378223313	11.784361674	-0.0194204835517	-2.37862203673	3.6403079463
-3204.37654699	5.66492466414	166.658913072	7.17714741253	0.465825264605	-1.24639421865	11.6486989409
