-643.268333276	3.70393079355	65.0860893672	1.37904283147	0.762834533801	-2.76700914544	19.3466186668
-1256.41663722	5.8376552129	83.5809692442	2.53705817769	0.48979621519	-2.97624496397	15.223201093
-1846.09860141	5.82783800793	83.6461279796	4.30467593923	0.326772882258	-2.61805486568	9.92540608834
-2389.0057337	4.2575864855	172.87067252	2.14973433513	0.506518213099	-1.43933487691	1.09437953023
-3061.0865426	7.99518393831	225.987784124	10.5922530317	0.529712315677	-1.09732604708	2.9020142107
-3397.21563561	7.13815060425	305.898512951	7.87805857736	0.651855400525	-0.738500069709	8.03137400718
-3668.03680337	0.400187561904	686.755385189	0.769458483963	1.3414398992	0.663896518806	1.02069614638
-4012.1651903	4.55452229308	963.485128559	5.19878199818	1.73729985372	1.32339927066	3.74795473617
-4254.41553692	1.94508167109	1753.06363817	13.4571154189	2.93510905118	3.22514303266	1.24022916345
-4902.96475622	0.980585957308	-778.339702774	0.131557023089	-3.4243462986	-7.3738219716	1.99586086858
-4698.06178936	2.01798326766	20.6856974052	8.1621555799	0.0628114352252	-1.56196218923	1.62233793715
-4420.90724138	3.65475189123	-605.569752545	2.25584790116	-2.25916106377	-5.84995555468	1.77597532854
-4288.43594442	1.16828177839	-37.9590083476	8.82680010022	-0.105031391359	-1.98345046455	1.96524014968
-3994.05675679	4.34960088194	-428.66085535	16.535123584	-1.45618022014	-4.77580242237	1.92898142637
-3865.21622998	4.46930242971	-46.3656793539	3.12147374785	-0.124015991045	-2.18553925677	1.97060977033
-3590.71707223	5.35814629046	-320.375252497	11.4063818614	-1.04141387944	-4.33033944674	3.001514278
-3508.69044126	7.26080329674	-72.3256844116	3.58838446762	-0.194612950803	-2.53406701921	5.67405939831
-3219.52293803	2.44596190091	-213.008502008	1.00976268654	-0.691323304968	-3.94637830938	1.26951231348
-3156.19117108	5.95379921209	-55.3203117249	4.21692576814	-0.154624786471	-2.69409532726	5.98219592481
