-704.36747759	3.25404585164	63.6665546612	1.33643926431	0.74619702944	-2.96111888436	41.0978273993
-1365.54830303	3.67087462083	82.4478440683	2.36294219169	0.483155942559	-3.01498061934	29.3964021532
-1997.42061814	9.56126543603	86.8838331581	5.04046224242	0.339421336868	-2.56886738159	19.1047940455
-2576.18977259	22.7848180365	188.660089915	10.319570034	0.552781858447	-1.30439802605	1.7659532482
-3284.45486032	9.54704477393	259.710498945	14.0107009454	0.608757904041	-0.912888338188	5.35028602226
-3638.86322687	6.10796967684	382.119361684	9.08808412826	0.814278458421	-0.393960933502	11.9393034289
-3912.4422151	1.53401553485	820.23814931	3.08383703567	1.60217190001	1.17086441589	1.07496984065
-4283.40929528	5.93205509741	1132.87956699	8.53780187675	2.04274196631	1.87164550587	7.47950069647
-4528.60368351	5.49018634255	2017.77826705	30.0056773684	3.37831389912	3.96380891122	1.66998190927
-5248.42593823	1.05339536923	-721.487443911	0.397687763898	-3.17422180732	-6.95695282416	2.0262150622
-5019.59480525	1.77613872925	150.560802686	8.26191025784	0.457172891982	-0.904700985352	1.60231379837
-4735.39166926	4.6104848709	-563.803976632	3.96002735649	-2.10334810524	-5.57028269887	2.28447882131
-4585.39283982	2.21498817055	55.2668021337	8.87637638061	0.152921516571	-1.52044387572	2.63961642211
-4280.9551973	6.05703807303	-402.002106452	19.0925624711	-1.36561925019	-4.59971546585	2.91184842552
-4143.99186395	8.57968538903	10.2118828342	9.36176365901	0.0273140993028	-1.89129268393	3.84964388872
-3850.01477504	4.7047108921	-304.859154286	10.5116639274	-0.990977149679	-4.2233507745	3.79312757396
-3765.28455417	7.31613940479	-33.0178783161	4.23482050012	-0.0888440500859	-2.30970524347	8.49583296281
-3448.51016459	1.33365924303	-192.710188169	3.54260844079	-0.625444726056	-3.79266328984	1.32083093384
-3384.83960533	4.52102495279	-28.3570159094	4.06955884435	-0.0792601739438	-2.51824646897	7.79546403736
