-784.654114513	17.071188852	60.9353533303	3.76506007943	0.714186277001	-3.33458828599	9.35991487524
-1481.56436457	6.64540736432	104.965092285	5.18260001377	0.615110178704	-2.24523303515	4.07894823682
-2093.12197837	3.70152506098	221.555570115	4.05385858827	0.865531423574	-0.522923247614	2.16387625087
-2767.46865829	8.35731748887	439.206379952	6.56214268898	1.28689284025	0.8367783409	3.23241540019
-3426.38728581	0.80296501195	867.475295814	1.74640298131	2.03335038449	2.41112478695	1.03631967729
-3691.65213857	13.9995897663	1519.07000042	17.0373811106	3.2370670063	4.74536770811	1.95088770942
-3973.78558481	5.71804017764	2189.67861567	16.5670843185	4.27710117	6.37200298973	2.00524640743
-4109.82633425	4.3431179037	3423.72046238	18.5177755911	6.17345185948	9.28596741617	2.50457945823
-4205.28686983	13.1235188452	5044.97516088	20.6783303189	8.44667126465	12.4109697751	2.12361985845
-5334.87258657	0.133286263048	1336.79620178	0.393337828948	5.88130492282	8.13541053542	1.00865587355
-4997.94666137	3.8199546019	2499.51221598	6.15692874644	7.58968607988	10.9826782811	1.16699272567
-4849.99426324	13.4351451443	1083.95799992	13.4546606633	4.04385406949	5.46349525937	2.20688351905
-4590.99087103	3.8721699879	1904.77508106	13.2661146098	5.27045319932	7.66515091631	2.59422733811
-4411.01019231	3.77972565302	839.908979161	8.14701899838	2.85320860748	3.60338304339	4.02543951509
-4237.63951847	1.4136070319	1322.36524457	8.8376849638	3.536979046	4.93290784368	1.22247246904
-3990.86840209	8.3654098481	607.133598108	14.5776514065	1.97355242272	2.06514342927	2.82661026999
-3846.34870971	2.076956728	1009.04411364	8.13547986992	2.71512193826	3.63819422412	2.57198704838
-3596.30715927	6.12983570522	499.028908414	6.8584908623	1.61960818928	1.4457367857	3.50372290836
-3547.30209305	15.3679743217	646.542120679	4.37412361837	1.80713799755	1.88330159991	2.31483399383
