-829.533279585	16.3349486537	56.1260536416	4.42341498212	0.657819395512	-3.99222060946	5.88432398554
-1542.96713842	4.81810593665	91.9704523618	5.35723690144	0.538959764208	-2.68945217738	4.02511542992
-2184.13780197	4.33460120035	197.645819473	5.83633010858	0.772125329115	-0.886162151156	3.1029600495
-2891.34278499	8.64378313695	386.678939768	6.42310964775	1.1329852702	0.387877207612	3.57305513784
-3575.74276618	0.926234236211	788.476629221	2.19979971054	1.84817857629	1.97906191332	1.04432783386
-3866.10715743	11.1684404031	1418.75454716	14.4192713564	3.02329947492	4.29191435262	1.71515427732
-4165.55025146	6.14640332374	2072.14281168	17.4592447549	4.04751838046	5.92560169008	2.05087500812
-4323.63192843	5.17947103459	3292.84898294	17.3208287347	5.93747208631	8.86240099591	2.80979814719
-4445.81610642	14.8475437125	4885.244762	23.4412338811	8.17923879427	11.9652543422	2.19011170605
-5570.68563018	0.122546101927	1161.72055235	0.404430090334	5.11105043115	6.8516684612	1.00890284801
-5235.69600667	2.26320707269	2329.62520492	3.82059373225	7.07382979609	10.1229281298	1.09429436369
-5071.09223353	10.0666111437	929.140628552	10.8515288809	3.46628662012	4.42680396289	1.72033874371
-4804.49741995	3.89983224764	1764.0895992	12.4888616054	4.88118086197	6.96643556361	2.76460478621
-4604.72924847	3.12629356395	711.316799442	10.187838557	2.41637518489	2.75400314013	4.31173566381
-4428.33363991	1.22549874745	1205.51519157	10.7518725611	3.22443590357	4.32519824464	1.32356376815
-4164.32942672	8.15625552532	512.801393028	12.2015034217	1.66691554336	1.41469141272	3.06375232083
-4017.79214434	3.55972656334	913.274057247	8.17813875292	2.45742519575	3.09155623922	3.639402523
-3752.4543104	5.73621315982	415.192948379	6.3531562849	1.34751692335	0.810864040257	3.61721134834
-3706.40980591	12.7461419943	565.379008017	2.89756682844	1.58028047319	1.35397310854	1.75854468732
