-818.899367173	4.94087862308	56.7684354635	1.25308344529	0.665348362798	-3.90438015919	46.4528813117
-1567.30368999	10.5493504465	56.7084309101	2.16525713302	0.332319367438	-3.89487726153	32.176190057
-2263.65131395	11.2825666613	59.2275430017	10.2524149396	0.231378969992	-2.98902402242	2.82889762581
-2933.51868746	11.5440381393	98.4027948984	10.5077244334	0.288324254828	-2.07573966916	1.88445821516
-3670.22249325	8.54921034504	138.458892827	15.8716428135	0.324545775915	-1.57604278915	6.62016690506
-4058.59748356	3.53483611783	275.773133476	15.1320446264	0.587659628161	-0.874675045388	7.16720136305
-4356.57067844	3.76828129779	717.243960328	7.62312500835	1.4009932599	0.779692209172	1.1828625566
-4783.15710514	6.30711971293	1004.15695444	10.2935699533	1.81063690384	1.4550339077	16.5419033279
-5062.78112176	10.2937136756	1910.81090294	46.3419501891	3.19922121147	3.6653246819	2.56508735101
-5819.3801703	1.13590381467	-966.337669778	0.432580670377	-4.25145320342	-8.75231693017	1.98174789608
-5577.56076882	1.12108454183	-38.6790968938	7.14075845493	-0.117447796974	-1.86239063611	1.38424084369
-5255.00008973	4.01589853016	-776.83018596	5.99637002538	-2.89807161257	-6.99675322462	2.41360308966
-5095.11030788	4.34069030802	-119.634157806	9.59462023323	-0.331023980744	-2.38909062093	3.24394560731
-4756.92259542	7.12138624806	-585.087234674	14.712804481	-1.98756767164	-5.80903339511	3.50267070882
-4629.63394452	7.8907401482	-169.919634354	8.27108993754	-0.454490307186	-2.82811427086	10.3145236645
-4277.7534105	4.19693437982	-466.112446386	11.6117024561	-1.51514814975	-5.33524600618	3.61705334543
-4198.79644575	4.25597490542	-175.130392746	6.39633469987	-0.471238437423	-3.12085751218	4.72123878146
-3825.11118065	1.82929613123	-310.728216226	5.3849159224	-1.00847456962	-4.68638991328	1.23838516945
-3767.89635174	5.24761418404	-144.243791739	5.44493652925	-0.403173170975	-3.27403527757	8.13691077975
