-648.160192496	2.15430653424	68.8473899152	0.686562640534	0.806918453697	-2.25268211683	265.747356314
-1247.22146099	3.64690684042	116.102044202	1.78109434576	0.680374280656	-1.86451858233	129.819744327
-1842.6912091	2.5519307184	166.716156444	4.0269123051	0.651295167823	-1.35604814261	162.089309495
-2394.94625658	15.5081136526	344.734665829	34.715842491	1.01008681452	0.029420141363	11.2313201772
-3026.75132086	7.83203240778	621.195510237	19.523205044	1.4560738913	1.06416088918	31.2335758794
-3327.0970807	5.04556493784	884.934965749	8.84855116261	1.88575495504	1.87890347008	47.9696461236
-3549.91597289	18.9668196179	1486.18131603	46.648208925	2.90295927453	3.70011835389	3.37005297294
-3858.37081161	5.41832181422	1990.30018294	13.882294006	3.58879251396	4.64669307549	41.3361600919
-4024.07536975	9.8230635409	3065.73842242	42.5361988569	5.13288644876	6.88806138697	14.7623667695
-4851.42724329	3.26455087218	121.643668635	19.1863491832	0.535177692919	-0.774694544575	5.73993710733
-4579.11881763	5.74802690593	1089.70993445	19.7437156151	3.30886813344	3.84806735794	4.50990733518
-4384.52272614	7.21459170959	137.390634724	18.4010778074	0.512554616857	-0.874928784102	4.84981587017
-4203.45251688	3.18582681195	795.314749454	11.8914229362	2.20061108916	2.15500902613	27.9578936956
-3967.11450663	4.9455263342	148.640596507	20.7366839329	0.504938796818	-0.962598132658	14.3586704743
-3815.27838002	9.34006993745	617.15555603	19.4082301383	1.65072870659	1.26527838134	11.1420872231
-3575.91818112	3.82429105496	118.549908803	12.8558364305	0.385359104585	-1.30380406531	36.7609220757
-3471.45762353	5.16283014615	434.957683181	10.6672791141	1.17037811515	0.361413763424	36.4773430677
-3201.3483093	3.81110136916	121.53189753	12.0352565504	0.394434176417	-1.41297162055	42.9016915238
-3132.40470051	4.80076887956	312.566785442	10.9002216489	0.873649676763	-0.294814228326	51.2654674236
