-757.031700051	1.06722558129	62.650101529	0.312067992151	0.734283799459	-3.10011052103	1135.79775054
-1447.15552046	1.43592093406	95.085559321	0.881726488813	0.557214728374	-2.5829628749	919.426385967
-2084.76037438	1.43824111677	124.722060735	1.72487346194	0.487240572301	-1.99402590779	851.623310052
-2733.31906869	1.37647632882	191.885506342	2.50720347593	0.562232461847	-1.2768335172	847.118721304
-3403.90414964	1.49787382421	429.191647008	4.02975011963	1.0060194275	0.0140451787318	852.546235132
-3740.51149066	1.68999358111	668.717234736	4.77972944044	1.42500509951	0.901540038499	874.852249408
-4064.84022303	1.69093306835	1055.51353861	5.09466272487	2.0617355253	2.06444097712	883.789251841
-4358.18695032	1.98049522036	1665.16691351	6.05985614765	3.00253127892	3.59439707007	889.822178686
-4606.21651116	1.96634263479	2560.29145812	6.25151919265	4.28662968573	5.47765038122	911.750389616
-5418.96427611	0.967162709601	-397.910395316	3.65662291878	-1.75062763022	-4.58432434682	724.567147966
-5165.83333572	1.26681346024	532.645110887	4.35399242697	1.61735924224	1.02891971775	822.563152426
-4899.82241888	1.11253313374	-236.571659703	3.79057861172	-0.882563041081	-3.37906286425	738.315820414
-4711.44428727	1.32667512091	423.869458954	4.28704806115	1.17283356353	0.310223595956	832.518164497
-4430.23128191	1.24733413186	-147.976417399	4.17118898862	-0.502682550493	-2.92181937867	730.937969595
-4287.02681159	1.34492592057	308.307947779	4.2769604104	0.82464262842	-0.340965273275	823.140931352
-3990.88906707	1.23547537714	-88.5831188517	3.74311958197	-0.287948862271	-2.73205537585	730.599401677
-3884.75236228	1.35848326359	217.590997111	4.14337955047	0.585490844096	-0.879275568233	807.64271631
-3584.11364295	1.30255192104	-26.5532551636	4.57322550006	-0.0861791146565	-2.53439048915	660.69889321
-3502.36689375	1.32166023914	155.820652457	3.40428123598	0.435531441576	-1.31707904027	818.803804066
