-787.886040515	3.41128089099	60.4422458313	1.00321722269	0.708406863415	-3.4020166958	109.501528431
-1509.13003602	5.91903754563	76.4536430328	1.92941237441	0.448029082859	-3.21989117155	77.085826528
-2183.03918157	9.86733505849	91.1561444559	11.224145713	0.356111595107	-2.50396207603	10.7895185789
-2835.29109085	16.898532952	178.788731994	16.6880973257	0.523858371878	-1.38875895706	3.38305906884
-3554.0685035	7.47047559341	282.160029375	15.1120200225	0.661379300352	-0.790106409739	12.573923864
-3924.8735288	3.65295387363	454.668733393	13.7974051043	0.968877770777	-0.0660178801721	16.9358939685
-4201.93035227	8.02258255657	965.836801403	16.8693930457	1.88656987548	1.72384848807	1.43861416228
-4608.01295075	5.69499119937	1309.21003214	10.6497461333	2.36069071532	2.44234023803	25.8128662421
-4858.77481898	11.7308928858	2280.09607607	52.671286085	3.81750581366	4.69578664773	4.65379955881
-5649.35790943	1.10687461137	-652.555260034	1.75881456621	-2.87095105308	-6.4515076352	2.10270110508
-5393.36970341	1.7483394322	300.993505191	12.0288871038	0.913956812003	-0.143403591703	1.76677282513
-5104.89282378	4.56049668883	-523.345726519	10.3110036641	-1.95241305114	-5.29936532447	3.36906786975
-4934.35124896	4.61287866541	154.745353185	11.6481125426	0.428175562502	-1.02638301053	5.29424879369
-4619.1363007	6.48561055998	-372.981407574	15.223721737	-1.26703462985	-4.40802730519	4.71873555045
-4485.47754916	7.59447111355	52.3385859546	10.0859514273	0.139991944419	-1.67220162488	16.0228124086
-4160.15117889	4.94066006678	-305.149499654	14.4560069055	-0.991920948221	-4.22535280265	7.98381085103
-4069.08092517	4.49352163963	3.75028819737	7.34125321456	0.0100912235866	-2.09983926647	10.6520042704
-3718.29503186	4.17150672277	-176.677419676	13.2634561332	-0.573410058904	-3.67125038127	1.88231248142
-3656.80708669	4.77546871978	-4.82418093743	6.7816818573	-0.0134839794659	-2.36477034386	13.202871358
