-852.037031835	4.97607806849	58.0476040235	0.968097179753	0.680340720791	-3.72946434054	226.165285783
-1603.9354777	2.81044886741	85.4180301599	2.57200151237	0.500561650093	-2.91344540746	208.339100531
-2314.22013085	5.15290328882	107.989716548	4.61265974236	0.421873812728	-2.24822506057	124.452412269
-3026.6181676	6.32207599889	174.796287485	11.3145946258	0.512160344508	-1.42287851168	60.2710063944
-3770.41693267	8.20035335915	448.153486167	35.5340092215	1.05046572255	0.117752077464	20.7416790509
-4128.03101725	7.82034400254	813.104780176	18.9483816224	1.73268819465	1.55421133529	31.8128780926
-4495.28961288	14.8486006024	1256.26646725	45.8576667485	2.45386639776	2.82690113995	7.8803642924
-4753.1376748	8.95565303919	2187.22051169	26.1225289381	3.94386769697	5.28402703921	23.6778803012
-4973.16953108	17.6101731414	3413.62275858	49.7711248403	5.71534018381	7.85880595783	11.6278598229
-5940.13354031	6.98712837844	33.3518084998	22.919030844	0.146733028755	-1.42209454585	2.49816467336
-5658.27303231	12.6120539652	1059.67205063	27.9259549527	3.21765909385	3.69605411694	2.69644629826
-5394.96507969	7.34854489323	19.9122732058	19.8646926804	0.0742854677411	-1.66158982759	7.86890803277
-5169.46826214	6.01539268023	776.718835215	20.4598150409	2.14915677486	2.06265229816	13.3314137215
-4884.61173727	4.74324280257	-25.4010706945	15.0667102538	-0.0862885804805	-2.11218199362	16.9596302114
-4724.7002345	6.90838347438	491.562374313	24.0894948453	1.31479999561	0.612097829487	18.0883148628
-4403.11536356	3.30882784934	-34.3509352438	9.99192497611	-0.111661373517	-2.35810638187	32.7384490724
-4280.3719086	3.43812151791	336.009347689	10.3500058076	0.904129303208	-0.203365257916	56.4799579942
-3953.97830886	5.44366868618	-10.0809430708	9.98604747378	-0.0327179000611	-2.40964900592	42.5759732172
-3892.06096527	15.0311247689	144.660759178	25.9078057279	0.404338628998	-1.38986148145	10.7313792019
