-800.268965764	1.91301183935	60.0325360027	0.507544315942	0.703604903286	-3.45804115757	438.958212362
-1523.27478456	3.02314550169	83.8279623039	1.47198677925	0.4912436292	-2.96780155609	243.178099179
-2180.89072394	2.63831629679	103.172265629	4.89939167266	0.403053906055	-2.32141217223	153.871509349
-2849.23743825	2.91996708665	144.09303456	5.52865008104	0.42219854485	-1.68526946364	190.022758129
-3538.87081315	3.54620473139	361.179801437	13.7039589871	0.846600579481	-0.357928105189	139.908753746
-3885.58000773	4.5133123221	580.75988175	13.6260216435	1.23757210087	0.50394868489	171.852587329
-4234.33833216	4.96272996745	919.064421142	13.9469245843	1.79520934389	1.54620686206	211.825959977
-4547.55790563	3.90459755235	1488.87723354	11.8003409857	2.68465607135	3.02383433941	254.487747032
-4827.44463771	5.5673110092	2310.91154504	18.2742431516	3.86909935534	4.78177485153	218.207343932
-5629.25472426	3.00350274471	-626.262623091	8.19459608583	-2.75527521941	-6.25871689362	24.9372553144
-5378.10221199	2.79913937222	294.921736317	9.67971989746	0.895520086867	-0.174131098033	162.2531409
-5088.55285818	2.32587611959	-417.494080953	7.54297359221	-1.55751896141	-4.59055933774	104.583343285
-4900.96602276	2.70162898394	236.333795061	9.194592371	0.653928234717	-0.621173487908	196.857548159
-4595.42924713	4.9858715738	-263.517021595	13.5579186217	-0.895179183561	-3.68499072725	64.7366658089
-4454.60969893	2.85177213484	176.329668239	10.1398240948	0.471635461014	-1.02735321476	149.658976422
-4147.86317649	5.61321428514	-180.692137072	12.073512662	-0.587359035961	-3.36717777751	41.4528541013
-4035.12018047	2.7184350758	124.600261767	10.5908055803	0.335272660199	-1.41004969637	125.600518524
-3732.31340599	3.86493586158	-38.3128704129	38.7201851525	-0.124345178464	-2.62344367367	7.51219220244
-3641.00318833	2.6001708136	73.1432696058	6.46844355965	0.204441408444	-1.8562832785	196.831826261
