-938.643702557	3.90943895122	48.821569368	1.80666638133	0.572207970556	-4.99104897854	1.30108895175
-1675.74728438	2.00630660002	101.469149026	4.30063638276	0.594623460349	-2.36474114965	2.49270448365
-2361.7381509	9.61825230721	245.448757677	5.3613490809	0.958872812527	-0.159935971738	2.18831268166
-3120.79804365	11.939258483	497.198917267	3.6438798279	1.4568133707	1.3323843638	2.44143829909
-3828.06856267	0.118082810908	1025.81149295	0.255754315819	2.40448829342	3.27710386337	1.00442665773
-4131.05857751	2.50837956769	1776.457307	3.13053309992	3.78554729867	5.90882891002	1.08472319954
-4423.12586913	6.41662658352	2590.26098484	17.2728632586	5.05955906477	7.89341590505	1.9385519586
-4562.3430122	6.14764229482	4037.61615732	12.3051147897	7.2803925578	11.272844947	2.13633141392
-4661.23513037	11.6204257219	5918.55886088	17.0541018327	9.90928983081	14.8486381201	1.54845260737
-5955.94803702	0.0038224183022	1714.22114709	0.014299128358	7.54180574255	10.9028786769	1.00026454767
-5566.64209931	0.0756583234068	3041.83183858	0.131728269085	9.23642165659	13.7272046263	1.00259903566
-5436.48712736	1.54797086047	1362.45900045	1.68395395791	5.08284027045	7.32839944135	1.05816760192
-5118.47884739	3.41998384064	2321.58739333	13.2591194993	6.42375985825	9.73525195263	2.37608418217
-4936.91785005	2.76374841567	1054.26125495	14.3058273992	3.58137293659	5.01922742579	3.09379653887
-4729.29276795	0.414011541155	1611.21639483	3.92486233388	4.30957986117	6.43515463092	1.11234768738
-4474.89196371	6.2667763764	781.030524411	8.37593657535	2.53882290236	3.2642207358	1.64134878766
-4299.89237293	6.02945186615	1217.84906113	5.71559120196	3.27697140161	4.83001471617	2.67495802505
-4038.6042803	6.27120389655	608.915630258	2.07850208467	1.97624771776	2.27788667408	2.20269543934
-3988.82211072	2.75525029271	786.373494408	0.732374721289	2.19797810005	2.79525196351	1.0813678783
