-749.468220836	1.0235238146	63.6380513294	0.315776742671	0.745862959195	-2.96501648141	988.533553271
-1435.35040607	1.31796198163	101.09059814	0.849009708692	0.59240509901	-2.37768183524	981.409483546
-2085.57061451	1.2457720708	137.854770813	1.51249014437	0.538544961729	-1.79451269326	982.98637383
-2738.82668186	1.31427008973	232.237270336	2.52803283964	0.680464797591	-0.93198609034	982.117360896
-3419.27396223	1.38400792123	525.482470119	3.55022524901	1.23172381717	0.540683051641	979.609261351
-3749.90768949	1.49220874262	836.55296559	3.98524041951	1.78265517928	1.66020356291	976.601162583
-4057.40721352	1.68648508341	1330.48342631	4.83735846532	2.59883444932	3.10877735006	970.971350098
-4330.80918004	1.7429708168	2067.20586548	5.18788537225	3.72746432847	4.89559883243	967.471815217
-4537.92409105	2.08780924393	3165.75241655	6.53822004561	5.30033728912	7.16714277041	955.255665445
-5428.2209512	0.98675347127	13.1573645462	3.37012166759	0.0578865146191	-1.5701702917	935.485187504
-5150.30286747	1.31676680889	1009.65480085	4.36567152507	3.06578337105	3.44293095114	944.138587367
-4924.01317317	0.987407085836	26.8379890735	3.15241143243	0.100122801197	-1.6152137052	957.894583735
-4713.32331514	1.34420494719	751.15647255	4.20584366214	2.07842651519	1.93569665917	956.477853106
-4454.12439509	1.03319825264	28.5364525365	3.26447126425	0.0969396137251	-1.75591267488	966.613348185
-4301.42483494	1.31649254633	525.392229756	3.85011690347	1.40528595652	0.788038938278	966.289145402
-4012.32919042	1.0745756452	30.1897870822	3.01548765487	0.0981351182394	-1.91307657523	971.531993467
-3901.61758743	1.25083383558	362.407833936	3.41879938574	0.975161984712	-0.0526875213605	973.311836404
-3598.87188499	1.09509295009	33.2444105153	2.71511927413	0.107895391651	-2.08155487821	975.803947368
-3520.07578601	1.17483358787	239.302605453	3.00543181166	0.668870313928	-0.772627567341	978.849938533
