-820.601816841	2.9631236378	59.3259130987	0.85701089134	0.695323005284	-3.55466604939	158.827533803
-1564.31246666	6.39801748675	77.6400335295	1.73379650021	0.454981497748	-3.17933465194	79.053622976
-2245.5257749	6.04101077783	95.6742571294	13.333004977	0.3737621037	-2.43532253569	16.3289086713
-2919.62600081	10.2500153151	183.597530759	24.8915840611	0.537948350947	-1.34766281364	5.99366613257
-3646.3398256	5.84806984791	323.35265677	13.1641276263	0.757934262962	-0.564813936688	26.3584036249
-4020.79348624	3.78847818434	522.817200368	14.444492286	1.11409896132	0.242031877025	36.0602766422
-4305.43338557	19.4627354191	1063.40980215	43.2461799898	2.07715930385	2.09443100731	3.1209492886
-4708.47170549	4.41579568938	1462.98940067	9.94601116371	2.63797665002	2.94004819484	62.7015850421
-4956.51599265	10.5745593062	2476.87536662	43.342008698	4.14696828393	5.24488417267	16.0909694464
-5779.92852904	1.74934442295	-528.584648489	7.31645660646	-2.32553585292	-5.54249321473	2.47847753334
-5510.5465596	4.72701888914	458.866105499	23.5831673835	1.39333173536	0.655545022145	2.60201790604
-5236.14764856	6.57097941743	-450.192625212	18.2822466542	-1.67950536796	-4.80951600869	7.94158894218
-5048.73475412	5.58887560579	266.994850064	15.2745625752	0.738766416946	-0.468895160551	12.270200047
-4734.86158427	5.27821373729	-306.838290809	16.7773514076	-1.04234348502	-3.97113733069	7.55316620741
-4599.64784117	4.36048959283	128.252301342	9.19845357782	0.343041156224	-1.2773922743	31.4286110221
-4272.85428837	5.28182370975	-271.512645346	13.4845371752	-0.88258077084	-3.99341547333	26.9095726794
-4170.97355383	4.60072464591	64.4693610679	9.53226556538	0.173473264662	-1.75326589177	20.079652561
-3817.36946695	8.92916203496	-149.714000473	22.9635599672	-0.485899748747	-3.46706186874	4.66674237085
-3752.64089254	5.65918128147	35.5476403452	8.7399522913	0.0993585561351	-2.10147394538	25.5137716373
