-774.883931762	1.68408300602	62.2981954683	0.542964547563	0.730159322195	-3.1482307912	483.032584674
-1482.35851793	2.45430328836	92.8270283531	1.37577633525	0.543979419787	-2.66017030005	333.569472586
-2143.22955219	2.63064739154	118.211311709	4.81139380748	0.461805608648	-2.09293774393	180.667229232
-2796.69540436	6.56892986865	213.803621769	16.4509069252	0.626453445653	-1.08952062283	57.5407101322
-3496.10497923	4.20148141071	440.670486748	10.5257921691	1.03292567291	0.0768257381776	98.3729481325
-3848.28017055	3.34528951025	682.527007199	9.52153959298	1.45443307767	0.963963996705	127.990743572
-4136.94297946	20.0142678672	1214.10739439	48.6812187724	2.37151704358	2.66678086786	14.1003155212
-4482.92953184	3.73068181194	1741.80595823	9.89402503913	3.14072230775	3.84243985191	137.484879546
-4703.22355925	7.52794619229	2802.12091913	28.8907485538	4.69151848978	6.15245695327	53.7647795877
-5548.23552027	4.90839514005	-229.843405958	22.5759353539	-1.01120810572	-3.35197326758	5.47807901607
-5274.98723457	8.78928604027	754.436443561	34.279042876	2.29082127994	2.15134297206	8.11660172468
-5033.93450346	6.31593581075	-207.737229524	16.7725661422	-0.77499224237	-3.18598115423	25.7067594471
-4834.70554861	4.16488965919	516.998973928	14.5339380684	1.4305200248	0.772751932531	41.8624922581
-4549.76716534	4.75485410017	-120.02341075	16.1153283087	-0.407724928708	-2.73718356228	28.7275795471
-4407.10566185	4.08122270122	334.975111637	9.57631243206	0.895970274218	-0.202275636094	86.1748375201
-4105.36686212	3.24759805479	-111.154006665	8.97645467098	-0.361317936993	-2.88768917537	95.2542235669
-3996.79357532	3.17350300183	224.571171441	8.16393015494	0.604273000594	-0.839434008422	85.7161233574
-3675.57271054	5.46828032115	-47.4260685471	16.1910290226	-0.153922243199	-2.69245607738	34.7618729903
-3601.22157807	3.45340069909	152.180056408	8.61005345726	0.425355678475	-1.34082223039	84.8475278454
