-621.95415871	4.5306023002	64.6054665818	1.29789481174	0.757201445963	-2.83273037296	13.7533303123
-1217.08128883	7.38876360313	79.9987932385	2.61667267887	0.468804160831	-3.09870092751	10.7906183328
-1792.17234694	4.83334213653	73.2113220668	4.2040700998	0.286008154873	-2.77658129764	7.26622888897
-2325.78318412	1.86986557164	143.725871725	0.897258426826	0.421122742574	-1.68840724861	1.03993542803
-2981.18459851	6.73370021274	177.29172012	8.48896747501	0.415569398936	-1.36365663537	2.31484415969
-3310.91919306	7.27036375961	232.053524007	8.30118620887	0.494495188537	-1.07229966821	6.12762926871
-3584.02857294	0.191650840013	574.874443557	0.355943923056	1.1229027573	0.238972401627	1.01037634131
-3920.74013659	3.78169080498	821.621645057	4.01233724692	1.48149994376	0.864257155589	2.87735867517
-4167.39656216	1.04211428949	1547.95158468	8.34748484257	2.59169525171	2.65279357153	1.14386515231
-4773.37889485	0.956799798706	-863.795791849	0.399367140286	-3.80031483943	-8.00042868361	1.98208168759
-4582.55491802	2.03569930674	-104.636866533	7.573933755	-0.317726380486	-2.19618426796	1.59160071772
-4302.94300447	3.15662393676	-674.766167189	1.79597261105	-2.51730778438	-6.31331002308	1.60942352801
-4180.72315504	0.843638216693	-135.151698692	8.4520739086	-0.373960532059	-2.4661585878	1.72355417957
-3886.75187253	3.63550958618	-483.468608502	14.3793187297	-1.64236462456	-5.137819803	1.67387385556
-3764.96521869	3.32352604655	-120.081649088	1.57394813051	-0.32118681157	-2.56891864993	1.67236338985
-3493.42916061	5.39829645763	-362.171469181	11.3417817325	-1.17727693323	-4.61853830102	2.64418630671
-3414.77447446	6.79833918829	-127.286950024	3.20264693219	-0.342501963782	-2.84777588202	4.45909888086
-3133.71044614	2.50681563611	-250.171693768	0.603178492225	-0.811937178633	-4.22780763365	1.22394344028
-3071.41734645	6.4553086882	-96.5104331083	4.72422518455	-0.269754537643	-2.96272850428	5.2378562417
