-837.293737704	1.73170106384	59.4542019752	0.371300340878	0.69682660131	-3.53712359676	786.992223174
-1588.63936938	2.95475442685	85.6881113338	1.00435471613	0.502144363694	-2.90421273706	436.857957547
-2281.03830621	4.12313295214	99.2273640428	2.1771095648	0.387642710192	-2.38134344245	337.813514201
-2966.7834228	1.85624051397	160.181349377	3.31785340739	0.469337971996	-1.54777822613	581.231127565
-3694.82272471	2.07032112527	390.424542643	5.14652179324	0.915149858134	-0.197981520402	596.043177082
-4064.42159368	2.15371907736	642.157598209	6.00665800092	1.36840775832	0.781483198681	607.163392963
-4408.3488922	2.54117819054	1078.63397389	7.6394849539	2.10689669191	2.15225245249	626.110714394
-4731.04336557	2.69757896492	1731.05251927	8.4965896073	3.12133233755	3.80763627465	577.101772165
-4980.8238481	3.56049328968	2766.71025481	11.4219103276	4.63223133151	6.05364620908	509.761668366
-5851.66245399	3.86929454537	-365.167629204	14.5453106145	-1.60657411536	-4.34423803773	125.491302509
-5582.80891992	2.98462189917	618.560152583	10.4636512794	1.87823742153	1.46371146336	235.386415978
-5309.3913632	2.95172765698	-289.102191531	9.95629416294	-1.0785353988	-3.73081890212	252.692852145
-5098.04732277	2.73738239518	452.610812686	9.6574717194	1.25235999226	0.452967714574	317.213554046
-4796.13472839	2.52193744783	-190.518818963	9.26021717699	-0.647201003489	-3.20282138831	239.20687453
-4645.57212159	2.43328738771	293.490956506	8.29740991581	0.785011075885	-0.418024954419	379.618412855
-4325.05672421	1.94589227412	-149.908603444	5.83861601656	-0.487293881339	-3.15491504595	311.222366607
-4216.04768084	2.15931552764	178.668091022	5.87324969522	0.48075762699	-1.10144040506	360.381898589
-3885.79126649	2.60274990286	-99.4111485772	5.92524368373	-0.32264084831	-3.08612855953	294.858377854
-3800.63808525	1.91072571953	103.998283364	5.39390491293	0.29068369026	-1.65505346673	426.787352761
