-707.610880242	1.75622160831	65.614605667	0.677728310615	0.769028952441	-2.69473887227	319.850947736
-1363.24859412	2.40998625385	102.435424881	1.67849386978	0.600285972533	-2.33170920463	218.334581416
-1990.82720374	3.19096399528	137.354342034	4.23352004075	0.536589981163	-1.80211524855	119.501394232
-2584.50021613	19.6241780885	279.384498877	31.6328388453	0.818608125229	-0.529064412663	9.19611099809
-3262.55775909	7.20864983743	492.325804799	16.2861165457	1.1540050412	0.359341204803	28.7099928308
-3594.72883559	4.37062307248	718.076378567	8.84937846973	1.53018712266	1.12465690301	47.8483204373
-3839.42389126	15.7638524257	1298.03089652	36.4232220833	2.53544489428	2.98552255465	2.30262328687
-4191.7591072	5.38205070083	1736.18528907	12.4543146777	3.1305874469	3.82424851851	38.5688632452
-4392.82515568	10.7719917919	2776.42719867	47.7258194628	4.64850015898	6.08076059602	10.5782398297
-5210.65573702	1.97024875399	-169.347991651	9.99122520832	-0.7450553612	-2.90839068545	2.91741595809
-4942.79672291	3.91709922543	793.215947599	18.6972131091	2.40857395989	2.34759508253	3.18754196698
-4711.34913333	6.31615189122	-123.209714643	15.0275733669	-0.459650748456	-2.61996625412	4.9499936228
-4531.89027461	3.7353477101	553.691873447	13.7514624247	1.53204813254	0.954987454566	14.5210305509
-4260.95259404	5.64176087732	-50.4461363989	19.3736595431	-0.171367795986	-2.2776102143	9.13402715844
-4116.54703288	8.64749306047	395.506366731	15.6964412575	1.05787545267	0.112533162173	16.3190996755
-3841.22693791	4.19148303245	-46.7504900643	13.8027720385	-0.151967447061	-2.44360544797	26.0130645689
-3738.33308755	4.79154607328	270.205487042	8.4423736309	0.727065185546	-0.578961672262	34.2605059065
-3436.91549496	4.51321073532	10.6677672483	17.450224669	0.0346224495324	-2.25252322506	11.3568161552
-3368.08501497	4.2745144431	196.748527118	9.18499841572	0.549928191754	-1.05015618037	33.3100932879
