-694.636371257	0.76759206036	65.7712931482	0.239614867201	0.770865391269	-2.67331314317	1477.31366267
-1335.87733488	1.18820672125	108.97910193	0.755647873971	0.638632838826	-2.10801492582	1142.32689798
-1945.00359567	1.31373010749	155.882869656	1.66022575344	0.608973730673	-1.52062832889	1012.62118879
-2561.86269039	1.52771977427	260.790392974	2.87944799468	0.764126626668	-0.687970218523	866.698911811
-3196.46605835	1.96092609777	561.627696252	5.10305379151	1.31644773935	0.738370062631	756.83259713
-3509.88636013	2.32279791682	848.000143999	6.44868337131	1.8070485802	1.71194794816	679.172631177
-3797.94325012	2.61936694262	1313.10302982	7.5622132195	2.56488530552	3.04276655743	592.204527227
-4059.59248063	3.76484055887	1991.04077852	11.3496966221	3.59012791246	4.64909001806	531.904529664
-4249.48983443	4.05293399843	3035.6546281	12.6575305111	5.08251793099	6.80411486518	427.805351794
-5097.75104217	4.11099449116	8.07147225057	14.2538249966	0.0355108650208	-1.60746259332	115.368545944
-4835.71576438	4.24257535383	955.558538856	13.639996343	2.90152186274	3.16916505731	215.815584145
-4620.03572833	3.88350861016	40.7396244155	13.2601515529	0.151984759552	-1.522125286	154.989994996
-4420.18238747	3.00023146942	741.840947406	9.86388460813	2.05265074786	1.88943104348	305.186603618
-4171.91502531	2.71936661133	78.0106200034	8.59549742065	0.265005587499	-1.42912481212	264.196275351
-4025.50867171	2.64082465986	553.772624119	8.08407710532	1.48119604308	0.935638683731	406.506875104
-3760.91017328	2.17545593447	66.6317478974	6.42186513192	0.216593593078	-1.66179710096	406.401093082
-3656.09823507	2.04030531696	382.389917012	6.04034434656	1.02892949735	0.0613665581505	523.645682194
-3370.56662537	1.83185846145	76.6698410877	5.3700404418	0.248833485201	-1.75270288775	459.186328155
-3296.92220034	1.79945339374	273.720455366	5.03595060705	0.765071013595	-0.548161698872	610.148418938
