-803.776708293	2.3341747881	60.6356374384	0.68677054628	0.710673489017	-3.37557197825	277.798270481
-1533.37619123	4.29349084942	85.0973796116	1.56512004681	0.498682592859	-2.92440678171	160.494158819
-2207.12646939	4.10954230617	105.231645973	9.05434262588	0.411099103927	-2.2901258962	53.326943538
-2874.17141164	7.88105607571	197.291893316	23.4283524553	0.578073399061	-1.2306303664	16.1643210684
-3590.18796631	4.78367841032	381.626791818	11.6900352317	0.894528048949	-0.246098554104	52.0568215021
-3955.77475026	3.57856739351	601.418531737	11.8578924349	1.28159471619	0.597331447483	72.5689453903
-4244.57808235	22.0327326172	1139.35616095	51.5125301486	2.22550539342	2.38287548223	6.75337344762
-4620.35205279	3.9547609493	1605.30893909	9.8870414627	2.89459889146	3.40066633471	98.4831930095
-4855.78196224	8.75379101095	2645.03848142	34.7058830011	4.42851943221	5.71413045295	32.2205968014
-5691.94506238	3.32165592584	-377.295804906	15.1184548478	-1.65993265974	-4.43316787738	3.34060431057
-5419.62453377	7.53599541455	610.656526891	31.9659288378	1.85423832382	1.42371344737	4.40409532916
-5162.76263036	6.73363611021	-334.610994253	18.0969248969	-1.24831223249	-4.03555589176	15.6945552286
-4967.23749048	4.91116339326	392.576030079	15.5328814981	1.08624562253	0.154804579684	22.9415754181
-4666.33843977	5.03471886546	-214.985557212	17.3611640309	-0.730315614596	-3.36442962772	14.1995202543
-4527.36294756	3.97862508981	229.833694427	9.41595625846	0.614744651369	-0.749091378612	54.3475623055
-4212.04434559	4.11513392939	-195.068941421	10.778210099	-0.634092369681	-3.46631063857	54.7463884887
-4105.30047673	3.77799124724	144.333704139	9.06131420109	0.38837113387	-1.29741481257	41.0252713186
-3767.35389348	7.97682195056	-101.007196608	21.5937299393	-0.327820853751	-3.09821510801	12.2204337647
-3696.40224331	4.49445859556	93.9728350603	9.00258778388	0.262661743982	-1.7204373	45.2906838161
