-752.545731163	16.4872135035	64.6776612061	3.15892523741	0.758047595318	-2.82285834968	12.5815200696
-1435.26155716	9.03294538038	117.179860786	5.15492074094	0.686690437169	-1.82767364003	4.16277216356
-2028.17241115	4.70665468954	246.2970954	2.84437600839	0.962186937992	-0.14704795509	1.80293601616
-2674.72553509	10.1626958979	489.660619068	6.78128259223	1.43472584551	1.26796183354	2.94787649643
-3312.32935334	0.637460127058	948.137632617	1.3094595468	2.2224218132	2.85228667657	1.02752442803
-3556.6867004	15.6983168092	1624.92742684	18.4565001479	3.46264422284	5.22387230186	2.10971901391
-3823.86762414	5.31172479168	2317.43145971	15.990396941	4.52664091287	6.85720863494	1.92867303537
-3940.52902134	3.81018932981	3574.74845301	18.3001970725	6.44577667099	9.77477051997	2.19924900309
-4012.27551569	10.8121237025	5235.62914243	16.8501053311	8.76587828869	12.9429750949	1.87365341326
-5154.08405641	0.12387634	1516.41839207	0.32830910194	6.6715621592	9.45249011724	1.00713911395
-4812.45895042	5.09663699588	2683.37182082	7.87097492482	8.14796968199	11.9131397807	1.23026987115
-4680.58534694	12.4918829853	1239.74369292	11.8092582928	4.62503397557	6.50667065124	2.055721784
-4425.57029701	3.8657806802	2054.94446728	13.9701771613	5.68596720407	8.41096814122	2.44906392368
-4263.52061589	4.49292078341	967.82718066	6.57198668564	3.28775249571	4.44831117083	3.75368239403
-4091.11137255	1.37844519683	1444.4683063	7.04494066036	3.86357260447	5.56793710369	1.15571714854
-3859.4557011	7.80109792264	701.455587919	14.8540961035	2.28015609625	2.71552500814	2.37100833989
-3715.69569114	1.23584707187	1107.2313552	7.43361303057	2.97932280918	4.19862906034	2.00020580676
-3478.79275812	6.99798095249	580.614483184	7.19808677329	1.88439578535	2.06356781932	3.31662450227
-3426.78989127	15.7599223624	726.718447255	5.52836247829	2.03123737426	2.40619448313	2.69870456472
