-951.193500564	8.49069575296	46.7283148244	4.97723993966	0.547674205055	-5.27728438456	2.7337779378
-1705.07631397	3.92149404632	73.097912056	6.00031772035	0.428364028164	-3.33460615749	4.00090475541
-2450.13862231	16.1776824218	175.08883959	5.9616031199	0.684003983759	-1.22884964977	8.83673589943
-3204.06167906	11.3767785943	324.163157878	6.87127275531	0.949811446254	-0.14638460374	2.77312975255
-3945.00125237	0.605752161674	720.452786831	1.78355148229	1.6887316079	1.60702301589	1.03097701121
-4283.70232008	4.24814559435	1354.72732065	6.94815177531	2.88686045476	4.00249373241	1.2497574082
-4616.98595348	6.33831693833	2028.08491871	16.694934938	3.9614600593	5.75826969414	1.87509507491
-4811.57042471	7.2073614698	3301.92597875	12.4839420076	5.95383919259	8.89177875368	2.71070928152
-4974.61244734	9.55999843902	4938.92457879	14.4469799306	8.26911352141	12.1150437558	1.40848612105
-6148.78575647	0.0433730837035	1021.9958358	0.169797137345	4.4963242207	5.82713707708	1.00344009751
-5797.05239317	0.282943893625	2255.9602853	0.507698707133	6.85014870687	9.75013079004	1.0108536824
-5605.23545877	1.45917706283	794.65459244	2.92847158422	2.96456800698	3.52625577567	1.09336146431
-5316.71588718	4.11531645616	1687.37019272	12.7713719579	4.66890065872	6.58540813666	2.77909811258
-5083.86603154	2.98184112271	586.502655273	13.3193919506	1.99237591912	1.92957800066	4.31085782873
-4893.19772868	1.77802001946	1125.04003415	12.7420413036	3.00918603467	3.9066659086	1.52664271878
-4597.66876652	5.11498357795	421.412875185	4.82424818776	1.36984743288	0.784537101471	2.08874460303
-4442.98148891	7.66243765211	834.708806404	6.33071110398	2.24602290593	2.64312014111	5.10372062164
-4146.94141584	7.36463879111	323.106688814	5.38210400144	1.04864914716	0.113513447459	2.82330689278
-4098.46620949	3.39003438457	486.594097068	0.64377523292	1.36007021673	0.840154740953	1.11036148042
