-897.269995426	9.91810870013	50.2281711704	3.3216196506	0.588693896207	-4.79870770821	1.86577506381
-1619.50786036	2.5836220342	94.4293369031	4.55407383091	0.553369172866	-2.60539570577	2.89848798763
-2286.49879966	7.632378005	218.97208442	5.33288898068	0.855438749983	-0.562171775351	2.50376021066
-3024.49049059	10.6072050904	436.760799457	4.41145007576	1.27972718835	0.81587833412	2.74605644959
-3721.6007279	0.316240581706	903.237129476	0.706746839909	2.11717563989	2.60671493149	1.01323924844
-4022.70958404	5.3727303147	1591.38212207	6.82192078901	3.39116074989	5.07223832611	1.22044053439
-4318.37206297	6.38833772054	2328.28161278	17.6490472019	4.54783452642	6.89841754548	1.99063722486
-4469.60674313	5.69538320439	3662.67090651	12.8913350107	6.60431328052	10.05933213	2.33182548229
-4582.52822819	13.8961079827	5402.25852656	20.7916238622	9.04486155142	13.4079416173	1.79815831097
-5793.91605771	0.0189210123327	1430.73975008	0.0689546619183	6.29461448515	8.82425153612	1.0013801387
-5431.49313154	0.375804381599	2680.72032612	0.648111648204	8.13991850613	11.8997213153	1.01368187536
-5284.08255637	4.00727235787	1136.60908217	4.38962459616	4.2402761571	5.81605852949	1.17832029194
-4988.66897398	3.70256176824	2038.47233276	13.1395840644	5.64038932197	8.32915917892	2.55787452164
-4796.81108094	2.66021359588	875.381730035	12.6633640947	2.97371113886	3.83768844027	3.50500429453
-4603.76617621	0.538979199714	1402.15560102	6.0091038852	3.75039725251	5.34787869119	1.17850421246
-4342.91528478	7.61220379798	641.716954394	10.1987333437	2.08596930558	2.30360720542	2.1296625532
-4181.36348876	5.06781172483	1060.407832	6.56719275862	2.85333072087	3.93136894446	3.07011578645
-3917.73932223	5.68240841527	505.580809608	3.62399104376	1.64087251416	1.49535300644	2.53476915319
-3870.87320084	6.03211172068	671.533762811	1.35935803521	1.87699167711	2.04629175385	1.21553302334
