-723.704390577	3.52677101513	65.2809791442	0.976808024336	0.765118718542	-2.74035956543	124.500137018
-1393.40805985	10.4279082244	103.959779697	5.2528271427	0.609218905785	-2.27959944301	25.5925302172
-2018.18400479	5.10961298871	176.554604718	8.29213785272	0.689730157906	-1.20658162507	11.9074639086
-2664.07881807	8.82151296388	330.447807027	9.94691003941	0.968225727927	-0.092675797157	17.4836353082
-3343.98832518	8.23262043991	622.728517241	23.6901932954	1.45966723903	1.07254527641	1.5810422575
-3606.82366301	11.832476426	1171.93652013	18.9953641098	2.49734182213	3.17622919238	8.32121369116
-3918.68612416	9.97694803809	1692.62561998	27.452650641	3.30620711541	4.48419437546	3.28781214939
-4082.46401044	9.29981107994	2759.7621345	33.0396079324	4.97624115876	7.13706183839	10.9159517874
-4223.19158558	11.3727720846	4112.81001887	35.5712199782	6.8859713072	9.80983440717	5.82346656068
-5224.49844435	4.84185456801	727.307508842	11.8696773015	3.19982748789	3.66633513047	1.40425870618
-4918.70986055	12.827479264	1786.38892915	22.2935836431	5.42431083238	7.37376286194	3.69611840684
-4736.70929049	7.72149334114	598.119419528	9.05617844279	2.23136657405	2.21021287036	3.42926687077
-4518.45869362	4.28925774622	1331.0199865	15.4509789465	3.68289076015	4.81559253988	4.16636547717
-4301.08731816	5.00584132413	452.668937033	7.24843086497	1.53773675425	1.0455765715	9.73175597626
-4146.45320144	8.84212237912	925.140920754	34.1181691237	2.47450851022	2.8670377105	3.87940191727
-3888.05357067	4.75382024403	312.158980192	15.7845348694	1.01470601125	0.0311950561548	5.80141494483
-3762.79685145	2.60728136331	687.681356592	13.4816428364	1.85040347848	1.80391431918	8.58441749082
-3480.07718072	6.45912072008	286.394300684	8.83323049476	0.929498365587	-0.16450203223	21.5970170854
-3432.92873647	11.1684710272	414.823510504	12.5943361878	1.15946556943	0.372082299359	7.22330010788
