-827.964984851	4.14105840273	57.3328380449	1.14591815444	0.671963382754	-3.82720273109	65.5857271928
-1581.94446058	9.66385968848	62.8019332715	1.96383090036	0.368028146852	-3.68657211354	35.3767389078
-2273.33695947	9.78318633769	74.0101498512	13.0243495825	0.289128864269	-2.76444544006	3.84943621755
-2949.51643116	11.327144104	131.468701624	15.571128146	0.38520872774	-1.79315740453	2.30677855747
-3686.50553443	8.08950114376	199.367619307	15.7950183906	0.467315008658	-1.24291818684	9.52415805337
-4071.60327209	3.47949464497	359.685876669	16.3358170657	0.766473752807	-0.495366437082	10.817057104
-4362.70158994	7.30232885828	844.776322807	15.0457778318	1.65010233593	1.26406046482	1.38513661929
-4789.67531242	5.6868780757	1159.53795439	10.1100689831	2.09081080634	1.95792555532	25.7211320786
-5059.84643223	12.1338726239	2107.70887014	52.7327781976	3.52888237899	4.21475336497	4.29515616232
-5844.05983074	1.11968495135	-829.86011355	1.12485828688	-3.6510130449	-7.75159534676	2.02909710588
-5590.734009	1.41460639125	126.162813622	10.2196663999	0.383089206055	-1.0281723129	1.54800867845
-5280.92630369	4.03790975836	-671.687308456	10.1183107388	-2.50582167936	-6.2926933053	2.9832718025
-5112.48882995	5.36309687386	7.65224821147	11.5760261662	0.0211735319667	-1.75692186477	4.63936280948
-4780.21270644	6.55984434846	-495.299569065	14.4025394739	-1.68255493012	-5.21596592479	3.91517903737
-4650.89405754	6.18453989752	-74.2458090254	7.89424893773	-0.198588001201	-2.33053724341	13.661608903
-4303.97221481	5.74208139042	-406.494266995	15.2354269348	-1.32135290807	-4.92415877488	6.24458745082
-4217.51170381	4.85794004588	-98.0731225437	8.28210312387	-0.263893801047	-2.68102869206	6.89870171517
-3844.91815186	4.06348267907	-255.418222749	10.8334946367	-0.828964892176	-4.267538535	1.54501371608
-3787.97950224	6.12572405497	-85.9844544095	6.96162664469	-0.240333568057	-2.89408031865	11.120308645
