-720.510339438	1.16327107787	65.1018120528	0.392036307887	0.763018809852	-2.76485919702	758.642705867
-1383.10627686	1.71470842851	105.184740088	1.05876482198	0.61639734567	-2.23772441935	634.429527708
-2017.40269403	1.58668931391	144.658349397	2.21848769563	0.565123896551	-1.69115216633	574.741359073
-2644.51914067	4.24840351577	255.830459486	7.98977071932	0.749593816615	-0.730357963975	309.107545342
-3307.84097191	3.17149334392	542.847682511	8.02965722904	1.27242764063	0.635657611221	301.275312936
-3631.14391492	2.9505462812	832.826066352	7.05985214249	1.7747133316	1.64335695643	303.008998943
-3916.31580237	10.3831723687	1348.71480309	26.7970826837	2.63444581365	3.17802016808	94.2476097695
-4204.55784698	3.17486551621	1996.32560559	9.02349141611	3.59965720257	4.6661943963	270.030852749
-4396.23034328	5.35069927	3091.95524321	18.6856015	5.17678059288	6.96121741557	149.739622916
-5260.13340126	4.33616356551	21.9583470161	19.270934849	0.0966068980676	-1.50563709403	41.3309063364
-4985.43638095	7.0361245105	1007.71190714	24.6720459778	3.05988383863	3.43309851514	46.5385559931
-4771.49230773	4.77387250277	26.4958978043	13.0558150426	0.0988465827719	-1.61750442386	82.7850751294
-4566.66324531	2.90810541975	743.729433689	10.011591294	2.05787613047	1.89881022278	154.833834385
-4314.61663227	3.29472126969	48.0302919008	10.6811857933	0.163161063486	-1.62715153692	140.530363271
-4164.67040918	3.9550017305	528.600611222	9.64423662617	1.41386753265	0.804724974474	184.23280012
-3888.40068346	2.20888488156	39.9438329693	6.17962762887	0.129841683239	-1.84581917558	266.221516572
-3779.7261148	2.52929048766	368.380207991	6.45493372346	0.991232366175	-0.0185983013969	277.304937917
-3485.20805923	2.30393128386	50.0578050028	6.36145085335	0.162463595902	-1.95423044709	272.216336607
-3410.17618633	2.20440721181	251.463175344	5.8527182187	0.702860099311	-0.693318926952	324.298094249
