-709.561880727	1.51010964002	66.0251169222	0.562686000793	0.773840305604	-2.638604822	357.964097163
-1362.99168245	5.26994381838	107.712905136	2.82290655814	0.631212747826	-2.1512996076	108.162620254
-1990.8888089	2.79087405196	166.703643784	5.65944091387	0.651246285727	-1.35623823597	87.8838130049
-2628.3309902	3.59596794525	292.91294651	7.29064574313	0.858247035758	-0.413449879519	93.2056060204
-3290.14276611	13.7318041085	608.821399597	42.062018439	1.42706914298	0.996483875982	15.4063714341
-3580.29921125	5.32417425335	1031.79715722	13.7559918802	2.19871140494	2.54276084548	61.9135056592
-3871.62641162	12.3029510631	1570.96921551	33.9966413779	3.06857555332	4.02214302412	37.5641359096
-4082.59377987	5.6696329588	2476.42356842	18.2177161966	4.46534168058	6.22003467043	96.3856857314
-4243.73384745	7.21614615524	3716.09464805	23.5867072485	6.22176103538	8.70283057755	75.2995098762
-5192.93431983	9.11926527383	436.245653047	23.8483568876	1.91928560495	1.53212428107	9.44529047418
-4903.1735061	7.62838316334	1452.18824273	20.5204128386	4.40952151414	5.6824676363	20.6086321508
-4713.96414213	3.62862703736	354.406301768	15.1763894541	1.32216134367	0.578256031235	13.2962278486
-4496.98167427	6.714102781	1092.27455105	22.6839985145	3.02228959175	3.6298617954	27.0228500038
-4270.47488213	3.89091097578	268.169552914	9.96740778931	0.910984041868	-0.173082832029	33.1792562513
-4116.19679294	6.15015015123	764.596219589	21.2669906479	2.04509368228	2.0320825396	39.530516037
-3856.1594159	3.75464720122	187.983443009	16.0105120178	0.611060202461	-0.825036688862	27.1845875413
-3737.54674959	3.44740596326	550.759239092	12.2990506493	1.48197533938	1.02238788787	53.9408922164
-3445.38964501	3.33202492644	181.33124031	5.82411234405	0.588514125789	-0.960123309264	85.4835024858
-3384.65980477	6.37203571539	347.598049508	15.616238494	0.971564919051	-0.0663478037314	42.3578872355
