-752.403379774	0.917780156611	62.9562939686	0.26949195134	0.737872495126	-3.05824121395	1454.24689031
-1438.93354102	1.20589329714	96.9702778788	0.759164578716	0.568259443752	-2.51853415151	1256.17606326
-2076.44659331	1.26611056703	128.058521517	1.49064861702	0.500274826637	-1.94333812044	1165.77189284
-2723.11907152	1.21216496831	202.566397233	2.25774010688	0.593527913468	-1.18555429231	1110.91730458
-3393.13640825	1.25789486793	448.16273192	3.3480668505	1.05048739447	0.117802644731	1067.34763741
-3730.04228815	1.47577988297	695.341469476	4.07840613152	1.48174009646	1.02188887995	1042.56379803
-4049.28459259	1.58398258503	1101.36123565	4.70892985018	2.15128987235	2.23857065379	1020.27478429
-4341.07719136	1.9119358384	1724.31516434	5.80424811401	3.10918393443	3.78583078026	976.15577013
-4577.39616402	2.03626388929	2664.57448381	6.4023204446	4.46122805509	5.76864416996	950.369744753
-5402.19843661	0.937084372273	-325.221380324	3.31388102192	-1.43082850068	-4.05133219639	842.466836121
-5145.32099356	1.29853713311	615.077056342	4.36426572996	1.86766111513	1.44608449764	880.701083255
-4887.77453039	1.06419635959	-192.024953337	3.58231816801	-0.716375439869	-3.0807682842	875.317839324
-4696.56939274	1.34192060418	479.872048784	4.21058204538	1.32779098169	0.588360819426	921.553701861
-4418.04413017	1.04663323343	-113.613809243	3.18928183157	-0.385951223886	-2.69484672096	928.347139162
-4273.583319	1.25161234162	349.967385098	3.71189922465	0.936070660479	-0.124304353582	966.002218077
-3980.06542836	1.08275884631	-67.1259254871	3.12838260861	-0.218199969965	-2.58410087101	972.761006046
-3875.3364219	1.2961577038	239.291172285	3.55030124766	0.643881375176	-0.755414932917	1004.96768195
-3572.57082976	1.09653530102	-16.7186873764	2.82444688648	-0.0542608304494	-2.45991529916	984.040463308
-3493.11705124	1.19484895494	172.11293082	3.0710268405	0.481069689361	-1.21082427941	1029.51858633
