-731.826777122	1.78122547784	64.7285407484	0.609808182679	0.75864392354	-2.81590098919	343.160467068
-1404.38001962	4.64280232075	103.084053931	3.31703774403	0.60408702984	-2.3095359515	112.844951315
-2043.64416507	2.73397135283	158.704509514	5.6617219347	0.619996779934	-1.47776174347	79.0540862274
-2696.18186896	4.68705326453	278.99608169	7.96241275953	0.817470046823	-0.532383837989	73.6044150168
-3377.10351269	14.909978234	573.375975614	47.6856435442	1.3439855476	0.802624252733	7.90483251028
-3671.41524649	6.8870143337	1015.89763852	15.8050611769	2.16483027544	2.47089066126	39.9028296446
-3981.28474193	15.0872644325	1529.06638658	42.2130090381	2.98672672064	3.86299596716	15.222557945
-4188.88990649	7.14198454627	2471.92870639	23.361120349	4.4572368091	6.20548701936	51.5018044102
-4355.97778025	9.4143138393	3728.78319909	30.4340195172	6.2430051478	8.73823700651	35.6615059665
-5318.03521469	9.7461376055	412.00380072	25.7616120222	1.81263230564	1.35437091622	4.19850352677
-5026.524884	10.6464000667	1435.39625662	23.8892288269	4.35853320433	5.59748814017	10.432119567
-4825.14131179	5.0299652365	337.395098129	13.3902377319	1.25869871406	0.464345256244	11.0069505398
-4608.58912104	6.71554807463	1072.18212426	23.1617349897	2.96669447393	3.53007262819	14.7407867255
-4372.92944675	4.42763804145	247.226627944	9.98879939488	0.83983998308	-0.31141550221	23.7291630571
-4217.62184478	7.33063896208	742.974583686	26.497983328	1.98726149602	1.91963350473	21.4275536454
-3948.68205242	3.77773424626	167.192257471	14.6668277072	0.54347623953	-0.968398847604	20.6743617687
-3828.1610917	3.21052677428	534.085433963	12.2843702154	1.43710969526	0.927216854458	38.6490406689
-3530.62743271	3.97994441952	165.774170606	6.69863119342	0.538023348463	-1.07793384725	67.4530325976
-3472.84730173	8.34579193583	320.244714149	16.7862523086	0.895110114164	-0.244740416643	25.0528439345
