-871.908030507	12.2299556519	53.4163392097	3.18275092532	0.626060477969	-4.36275185373	1.86449022725
-1576.79081811	2.78860186068	106.748225177	4.35673319482	0.625559587819	-2.18427699723	2.74457017798
-2216.25398338	3.20235314197	243.834332818	3.08361817487	0.952565882641	-0.184462447335	1.70513253205
-2932.51246285	8.67873022256	491.722996282	3.45827209979	1.44076869596	1.28558697319	2.39374056142
-3607.11887347	0.240493544884	992.446110357	0.50488546708	2.32628028697	3.0946204911	1.00953420373
-3888.86738675	6.55810774088	1706.79287056	7.8728615571	3.63709564822	5.59392655518	1.247964721
-4166.29180463	6.23891560718	2473.17217807	17.7539858524	4.83084939531	7.44871230208	2.00749709294
-4296.4564414	4.68553553988	3835.64079136	12.8320814402	6.9162024283	10.6191503214	2.07740805553
-4383.3930973	15.075707253	5623.8253793	22.7863289108	9.41582519517	14.0262069343	1.98817823595
-5612.33432132	0.0132825096158	1629.43145907	0.0461887122148	7.16876906805	10.2811583501	1.0009243838
-5245.12866133	0.47659604237	2885.44950482	0.793700583001	8.76157187827	12.9357978303	1.01691138115
-5118.09555639	6.88588655524	1304.54837914	6.91002647886	4.86679675061	6.94061713657	1.32546803466
-4821.47201518	3.68046701687	2207.62954667	13.6746358046	6.10844205328	9.16927957243	2.44385516731
-4649.74404426	2.4148861686	1016.0619017	11.2766870477	3.4516080142	4.76691221471	3.03096628765
-4456.17179121	0.304524498552	1538.45434033	3.96674231752	4.11496051288	6.05673632619	1.10664916272
-4211.46781474	8.85014350873	747.524485287	13.261185755	2.42990795366	3.0331854208	2.24983629068
-4048.73269413	3.40677794876	1169.92317098	6.35447716686	3.14801307959	4.55646249117	2.24557807555
-3800.71597425	4.51509696513	595.037152876	3.35533932994	1.931204845	2.17278777577	2.24903510646
-3753.29053365	8.09918671231	761.348220384	2.17392071158	2.12803041661	2.63204246956	1.31703693907
