-885.475507492	11.921205128	50.9201614715	4.84019436515	0.596804294356	-4.70408370493	4.16653347635
-1619.8748827	3.43950575463	78.9455752971	5.86393207344	0.462632155815	-3.1347049702	4.31123851561
-2309.97744711	10.8138911218	175.659818409	6.85714900136	0.686234575883	-1.22017529247	7.17432002899
-3045.33001649	10.7107137879	330.982748247	7.25823224476	0.969793127803	-0.0881041728994	3.67356942945
-3760.27234558	1.01269643768	708.463018509	2.79621186681	1.66062775278	1.54144806407	1.05288316867
-4078.88773746	7.89673085834	1320.81695019	11.5851381652	2.81459904391	3.8492095596	1.51624639871
-4399.54566631	6.41495459518	1960.41581812	17.3790793443	3.82928194546	5.50126226809	2.0132596112
-4582.75601653	6.40806174312	3176.93299879	15.2718611694	5.72845918479	8.4872381364	3.0407751463
-4734.77228856	13.6476816138	4747.47121804	21.6998299052	7.94856811747	11.5808078296	1.82922347878
-5861.40452325	0.108800430449	985.728614258	0.396680104896	4.33676467952	5.56120770106	1.00858797725
-5525.40602897	1.08646293788	2167.48370999	1.90805002005	6.58149251558	9.30237584673	1.04389089001
-5340.3022855	4.56830267723	773.741172527	6.46015732075	2.88654762406	3.38621489905	1.28337442845
-5066.43520113	4.03221448501	1626.27832774	12.0333843104	4.49986137505	6.28199499533	2.91515125457
-4843.94845681	2.92852634645	578.59306867	12.0564626087	1.96550669741	1.87733342468	4.60260140219
-4663.39163807	1.35325310292	1090.48226579	13.226840691	2.91675309826	3.72693909621	1.50671436335
-4379.08798059	6.74584311287	414.541841485	7.95271117892	1.34751240605	0.737159032423	2.82805851112
-4230.77407142	5.65167419456	816.572735538	7.5874448327	2.1972226174	2.53960276203	5.36763631288
-3946.82324865	6.62802651658	327.448294148	6.17129034317	1.06273991311	0.146391545316	3.59102319387
-3901.73697364	8.05536769723	481.14439352	1.64906309457	1.34483785051	0.804612937999	1.34069389023
