-794.691908443	2.3193207438	59.4473942409	1.02290112873	0.696746811989	-3.53805449865	185.163808099
-1514.16009304	5.05535515431	77.5324189476	2.45748140245	0.454350861188	-3.1830134347	95.2907481586
-2176.03066666	7.37244875158	89.6203564955	7.68481348109	0.350111868994	-2.52729389338	24.0303771002
-2835.26063325	6.37300809976	113.051346556	10.2170710814	0.331245116428	-1.95055269228	26.6397658249
-3519.78780873	8.67048102384	330.589882567	18.35080539	0.774898222544	-0.525231792967	9.97381782781
-3859.23949435	9.08206844428	533.195827494	18.9490972456	1.13621532951	0.28894611748	12.2503795882
-4201.91653593	21.8030877824	850.690784128	51.1950218971	1.66165505844	1.28652360482	6.18525481246
-4541.99160841	8.28538427838	1315.32671544	21.8984533089	2.37171995975	2.4621369245	26.2658081138
-4827.86000796	12.7282122334	2103.31682785	46.0328117884	3.52152889633	4.20249770766	6.11760507137
-5625.61210114	10.6973383981	-855.195331269	24.5577341012	-3.76247666254	-7.93736581256	5.22054214863
-5375.36509597	3.4266126857	66.3620539837	13.1994156762	0.201506179538	-1.33080705716	16.0328156902
-5079.27916656	3.11235108365	-595.522770698	7.66886208861	-2.22167941925	-5.78267874624	18.6792456943
-4891.89418369	4.41014923358	70.7131578963	19.1399654323	0.19566110087	-1.44372945023	20.8157353838
-4565.91844979	7.55694361255	-355.22069857	13.1417000633	-1.20670070193	-4.29071387813	6.20376778892
-4444.89236571	3.32893097661	54.0638241328	12.4427641598	0.144606502545	-1.66322906753	20.3607384653
-4125.29384244	19.4636037497	-257.433559573	23.8451800789	-0.836815203058	-3.89633548114	6.42260317508
-4024.4115637	5.41726418187	37.1457606121	11.8345167642	0.0999512986478	-1.90922401121	16.9722360369
-3744.82122348	5.92740565328	-93.2611130181	12.3480886324	-0.302680786301	-3.03955558586	1.43656284597
-3626.55195515	3.38747743453	4.63108835266	7.98374154613	0.0129442699314	-2.30310509638	34.4784487369
