-656.744959305	2.66529110641	68.0698664058	0.881994583111	0.797805572749	-2.35900208546	152.138003544
-1269.5063831	3.73279024229	108.341031484	2.21125673122	0.634893656423	-2.12982723519	98.6211204387
-1870.28571414	3.4124282546	150.839515094	5.47573988493	0.589271306351	-1.59724738731	55.6096056196
-2413.24251942	15.456561741	332.185061669	29.6076119027	0.973315955807	-0.0778291650959	2.33140346213
-3073.37181775	8.47189918841	525.257838725	18.5631886786	1.23119728421	0.53945448805	10.4880187087
-3391.69773187	5.19226215926	726.327990696	6.86247761374	1.54777092154	1.16195645244	22.8625617678
-3622.70945673	7.09364548805	1290.24393886	16.0267529863	2.52023462301	2.9559476685	1.39300262808
-3957.58482597	5.80683598578	1707.0723547	11.9027352227	3.07809271178	3.73002431133	16.0784458237
-4146.61589677	9.8003351106	2718.54559756	49.2590862327	4.55159049317	5.91924642538	4.26378032027
-4934.72548795	1.22557609095	-140.69536717	5.31444062044	-0.618996638719	-2.69829533694	2.42930372458
-4678.4106656	2.56815345408	781.936581563	13.132927847	2.3743245384	2.29051339868	2.54811542089
-4455.29278102	4.82284233479	-84.6724596623	9.31267834866	-0.315882230311	-2.36191228721	2.64045514924
-4287.1791301	2.85519829534	560.012835348	12.1623737523	1.54953803684	0.986380552604	8.59201925227
-4028.2992614	4.9333539678	-12.0122954543	21.2669736491	-0.0408063083455	-2.02374615994	4.65139126643
-3881.47603199	8.45150159478	427.874136038	13.7001725738	1.14445071792	0.280870305396	5.03637163132
-3628.06620573	4.19154361135	-5.04233965096	15.8928059465	-0.016390662064	-2.15601383999	11.8678447626
-3528.36307552	5.77421841787	295.841038619	7.88897156816	0.796044972994	-0.432638627424	14.3828853381
-3246.58171743	4.21038956444	42.8830451435	14.4879161936	0.139177770916	-2.00856345035	7.28202578342
-3179.40677503	5.72422746626	222.208960532	9.1913408361	0.621092181206	-0.884108669792	15.9256891313
