-751.99483105	1.07711063246	63.5651853758	0.368512958329	0.745008941597	-2.97498030347	877.035233947
-1440.18477619	1.66025415004	100.800506298	1.43556112724	0.590705120081	-2.38759856631	559.063644863
-2092.72271819	1.65223028423	142.5717779	2.45369646905	0.556972473424	-1.72285153258	481.533295392
-2753.85769599	2.12266931511	241.1106658	4.29842021496	0.706464212928	-0.856153777442	388.330868906
-3436.61056325	3.88022558105	554.033018319	12.5499267969	1.29864591678	0.696832926455	232.474837935
-3762.21658539	3.05396314994	900.512731015	8.29157205679	1.91895044305	1.94931924055	291.312913546
-4069.28426009	5.69742796789	1420.27977857	16.3808008568	2.77423374333	3.44982413741	211.822190636
-4324.56438596	3.67072052621	2235.72618193	11.3147968003	4.03133027558	5.44101596599	284.71742868
-4519.63794605	4.18095524607	3405.19051564	12.9852684767	5.70122229783	7.83527643034	264.615556746
-5445.46269324	4.81889313584	161.22392588	14.7079181695	0.709313108229	-0.484472336642	62.5103730318
-5159.80377352	5.54810979145	1176.41826445	16.1204297642	3.57215510639	4.28687371146	96.3009528335
-4941.72758399	3.05902885883	138.231036975	9.90677633002	0.515689852783	-0.869301265099	115.256278662
-4726.13416736	3.69604006383	873.634058114	11.7904761721	2.41731817179	2.54398237755	163.324398668
-4473.38675095	2.78922216962	96.1744612206	8.62607829268	0.32670897369	-1.30914860728	155.272873384
-4319.68669942	3.15041430548	597.313091025	10.4095716812	1.59765533429	1.16208239519	196.822804268
-4033.7102567	2.49636587551	67.3623824861	8.30426356992	0.218968598624	-1.65675913179	177.796872658
-3919.00431878	2.2368566523	416.558855473	6.92330958238	1.12087080415	0.256396616297	262.753554929
-3612.50036972	2.00404418622	70.5462945195	4.6248131058	0.228959393737	-1.79907526566	291.541883304
-3539.24239219	3.44397413007	264.336564461	8.85347651755	0.738842272607	-0.609361431774	227.845827228
