-726.025978298	5.05841096195	59.1186957723	1.41727211466	0.692894336822	-3.58300132076	15.9941622202
-1404.63673736	5.13958900568	58.6627289641	2.29625674181	0.343771828433	-3.82806997711	12.9240550545
-2068.39414255	17.6300379998	33.4103212342	5.97002403386	0.130521127882	-3.38124138461	6.40451818001
-2663.75110218	31.1939966354	66.3401345409	9.81261829786	0.194379335225	-2.3497481592	1.96950235483
-3387.50421553	10.7954904539	60.2895615852	11.7216624147	0.141317918587	-2.00356982653	3.65190362723
-3762.73140488	7.39969150564	128.473487465	9.94479028991	0.27377098313	-1.54050983526	5.9881916091
-4061.87552813	0.49262078371	469.434332719	0.944298202506	0.916946495865	-0.161489422877	1.02472539119
-4451.40977653	5.71295949463	703.117586457	6.86732611632	1.26782037822	0.480717975758	4.60880636976
-4736.30944494	2.51233798662	1467.07400288	14.211638115	2.45628401095	2.42711087968	1.23889284764
-5390.78317706	1.09512164283	-1127.05827537	0.0917935920094	-4.95855192765	-9.93080065566	1.99733821316
-5185.57187641	1.3516297733	-305.050352757	4.87964007545	-0.926275295307	-3.21042028296	1.30576076288
-4862.45800456	4.89845131391	-898.617325373	2.47018753586	-3.35241524892	-7.81226679611	2.16151873601
-4728.62232683	1.47598536184	-316.939020958	8.82959861383	-0.876960379003	-3.36900649591	1.80699263137
-4395.64256762	6.49046783656	-681.594843773	19.1535622724	-2.31540836366	-6.44648758447	2.72828175424
-4267.22505105	8.97409535295	-288.322602012	8.05249835695	-0.771187087679	-3.44390021321	3.23097291661
-3950.56680035	4.84884998078	-526.088661058	7.91243274683	-1.71010722324	-5.74880201014	2.30561710919
-3879.4489751	8.5170378386	-273.831689381	4.24847161213	-0.736822520621	-3.68422648086	4.47397584556
-3540.1997467	0.422314288933	-376.485875703	0.625277475397	-1.22189235364	-5.18435935012	1.0613067106
-3480.33820848	4.49550142419	-217.219146334	3.30537404096	-0.607145243257	-3.74996495903	5.66457898732
