-766.70588854	2.52585722066	62.7008061278	0.842638237987	0.734878077273	-3.09317708264	304.779638004
-1466.95407085	4.3227999221	95.2201551562	4.48500742492	0.558003478866	-2.57836174345	74.5612671106
-2123.73404748	3.06948250244	147.838298242	5.50283448596	0.577546719632	-1.64284212124	69.6985706871
-2799.01338038	6.55645566067	258.138318104	9.88196018352	0.756355937722	-0.710634932631	43.0694692713
-3503.20386367	13.6350853237	529.489751623	46.8959343886	1.24111683092	0.5625998464	3.92511271022
-3806.70618697	9.60259958488	997.194135022	19.7723453853	2.1249739857	2.38634569692	19.9480541961
-4139.61351539	14.2044536127	1481.84984478	40.8535008713	2.89449860794	3.68366741446	6.04840556405
-4345.59387797	8.48410034077	2473.31121237	28.3267283838	4.45972966277	6.20996150923	22.4582759876
-4521.11868744	13.0538450614	3757.09745712	39.0498320869	6.29041097678	8.81724577293	13.8153845613
-5500.73517749	6.92679930697	389.136276268	19.2983835306	1.71202543381	1.18669480954	1.98451101184
-5207.55601635	13.0288153126	1426.14788907	26.0193823921	4.33045084249	5.55068476566	4.06765729003
-4991.04349152	7.93743462213	318.346794616	14.930263658	1.18763640382	0.336793610779	7.86312817307
-4770.93233579	5.67178276451	1057.1488117	19.5004300957	2.92509776729	3.45540958447	8.23730914789
-4524.99382574	4.75332769927	221.0543885	10.2992825029	0.750931707647	-0.484288955755	14.9559753865
-4367.44903987	7.7984761579	717.162796417	30.9705012904	1.91822175751	1.78539247968	10.1293218444
-4084.61818756	4.25021278032	144.626245377	12.0742049809	0.470123013848	-1.12399902742	15.1783365225
-3961.00060876	3.05324540598	516.76443766	11.6456490339	1.39050259809	0.828351772074	27.1926322165
-3658.42663826	4.98052272548	143.383139582	8.27798861794	0.46535281455	-1.24749659017	37.9341907878
-3604.84719971	12.8499253962	284.920260363	17.028595827	0.796375382679	-0.475118961993	11.2303299249
