-764.288759131	5.66013469603	58.554262606	1.3752658499	0.686278958398	-3.6601829311	29.1177102827
-1470.04920419	7.10055781438	59.4137294075	2.39314294512	0.348172796478	-3.80239717858	25.2921551629
-2155.63699919	16.0060802493	46.6791243553	7.85365355916	0.182357179887	-3.17966063334	4.09437081412
-2784.95307559	29.4321297265	83.7040639483	9.06330399495	0.245256365826	-2.20135547983	2.15407503727
-3509.44012852	9.32371311554	101.653328875	12.8093647504	0.238274030799	-1.77734134788	4.60731826473
-3890.87612073	5.58560632036	201.789048492	11.5647429535	0.430003009028	-1.20910339612	6.15545969131
-4188.96304521	1.21566515294	588.226622372	2.41597602585	1.14898357995	0.28968401267	1.05870807459
-4593.43946341	6.47416615701	849.286338453	9.03642573516	1.53138329574	0.953794121164	7.65846014882
-4874.62816076	5.20499849434	1684.61841596	26.2316711421	2.82051298813	3.03415188718	1.51332378469
-5578.21999073	1.11873988031	-1047.70963677	0.153180711625	-4.60945343519	-9.34897681995	1.99014673939
-5356.19512743	1.26464060385	-177.471499047	5.51779402433	-0.538886330413	-2.56477975935	1.32858313652
-5033.66889257	4.82365570702	-836.279205124	3.16860249966	-3.11985433671	-7.39483698103	2.25341033618
-4887.52547784	2.37995259855	-220.142324884	8.91198218137	-0.609126942089	-2.88826508076	2.2025672059
-4553.16575191	7.0755478257	-633.596414206	17.5517372062	-2.15235553796	-6.12944729826	3.22377893289
-4423.65984271	10.9341891356	-227.191048183	10.6953025868	-0.607676268085	-3.12596940263	5.88194239183
-4091.97044303	3.69980967131	-491.278427766	6.84457930322	-1.5969528525	-5.50877384138	2.5192839202
-4018.17035651	6.23326651305	-223.560615802	3.54965550841	-0.601553811465	-3.39728837729	4.20061718858
-3664.34652065	0.401713103512	-342.583814216	1.69921248056	-1.11186254276	-4.92762590491	1.1000562487
-3604.28195535	4.31260674664	-179.062847936	3.43797753815	-0.500495274949	-3.50111772775	6.27082861202
