-797.61504086	-0.0	58.5228343598	0.0	0.685909617927	0.103366875031	1001.0
-1527.88686493	-0.0	81.8767406815	0.0	0.479808504643	0.188539916425	1001.0
-2206.96960502	-0.0	98.0795794446	0.0	0.383158209762	0.188986571101	1001.0
-2898.94495892	-0.0	157.781076065	0.0	0.462304405377	0.316671547009	1001.0
-3611.69853546	-0.0	412.268702333	0.0	0.966350880125	0.849846907211	1001.0
-3957.55378032	-0.0	702.837141548	0.0	1.4977108628	1.39179536025	1001.0
-4276.50483732	-0.0	1179.461548	0.0	2.30383995917	2.20675436898	1001.0
-4550.42419869	-0.0	1914.74298248	0.0	3.45254722466	3.36292506678	1001.0
-4751.80019132	-0.0	3021.73022338	0.0	5.05919736542	4.9759803398	1001.0
-5890.84848694	-0.0	29.3901407189	0.0	0.129303277351	0.0460862517365	1001.0
-5503.92818429	-0.0	982.989132165	0.0	2.98480964695	2.90159262134	1001.0
-5292.88497767	-0.0	-27.4677485427	-0.0	-0.102472057554	-0.192094215432	1001.0
-5019.65571903	-0.0	659.924518937	0.0	1.82598791391	1.73636575604	1001.0
-4760.96972591	-0.0	-50.1010923064	-0.0	-0.170195420251	-0.267281010443	1001.0
-4571.44714188	-0.0	416.692218377	0.0	1.11454042355	1.01745483336	1001.0
-4277.32825872	-0.0	-61.3244986327	-0.0	-0.199341526651	-0.305257029199	1001.0
-4141.47497476	-0.0	250.65014079	0.0	0.6744449579	0.568529455351	1001.0
-3828.65793583	-0.0	-55.6108614396	-0.0	-0.180485890105	-0.296989863018	1001.0
-3730.51444137	-0.0	146.016670942	0.0	0.408127924528	0.291623951615	1001.0
