-711.999985679	-0.0	64.7941919238	0.0	0.759412286034	0.176869543137	1001.0
-1362.24689375	-0.0	105.728354841	0.0	0.619582111019	0.328313522801	1001.0
-1965.43507964	-0.0	148.832774105	0.0	0.581430911539	0.387259272879	1001.0
-2576.5294017	-0.0	244.637792448	0.0	0.716797806117	0.57116494775	1001.0
-3197.59885424	-0.0	542.701258139	0.0	1.27208258953	1.15557861662	1001.0
-3493.57463151	-0.0	855.570927161	0.0	1.82317893542	1.71726343287	1001.0
-3759.4621893	-0.0	1355.27376816	0.0	2.64725362856	2.55016803837	1001.0
-3979.52963911	-0.0	2109.46295748	0.0	3.80365435258	3.71403219471	1001.0
-4123.51539441	-0.0	3237.39094952	0.0	5.42027201367	5.33705498806	1001.0
-5108.0247517	-0.0	221.015180164	0.0	0.972366461692	0.889149436078	1001.0
-4802.43346442	-0.0	1183.1834675	0.0	3.59269224079	3.50947521517	1001.0
-4631.13046331	-0.0	166.874494295	0.0	0.622547303324	0.532925145446	1001.0
-4405.07505818	-0.0	853.418336852	0.0	2.36137849691	2.27175633904	1001.0
-4187.90479073	-0.0	130.154204537	0.0	0.442139053639	0.345053463447	1001.0
-4027.81794022	-0.0	593.164779107	0.0	1.58655740373	1.48947181354	1001.0
-3777.36700769	-0.0	95.580374647	0.0	0.310693739448	0.2047782369	1001.0
-3659.97004157	-0.0	405.759582831	0.0	1.09181069637	0.985895193818	1001.0
-3389.58565584	-0.0	78.7402326298	0.0	0.255552613381	0.139048640468	1001.0
-3304.22607495	-0.0	278.593104819	0.0	0.778689343649	0.662185370736	1001.0
