-880.941253617	-0.0	55.9935313091	0.0	0.656265235386	0.0737224924899	1001.0
-1687.23333208	-0.0	71.378853379	0.0	0.418289499775	0.127020911557	1001.0
-2434.96544986	-0.0	74.9391432391	0.0	0.292757657885	0.0985860192244	1001.0
-3193.66973477	-0.0	117.834576098	0.0	0.345259678755	0.199626820387	1001.0
-3972.23172794	-0.0	343.620240652	0.0	0.805440044572	0.688936071659	1001.0
-4348.15152586	-0.0	610.668236804	0.0	1.30130352789	1.19538802534	1001.0
-4698.5329595	-0.0	1042.65221934	0.0	2.03661056225	1.93952497205	1001.0
-5000.50973738	-0.0	1709.00395533	0.0	3.08157121708	2.9919490592	1001.0
-5237.54701699	-0.0	2682.54839339	0.0	4.49131482997	4.40809780435	1001.0
-6426.71919142	-0.0	-468.949072301	-0.0	-2.06316303617	-2.14638006178	1001.0
-6013.68922024	-0.0	534.427965102	0.0	1.62277048	1.53955345439	1001.0
-5792.49287661	-0.0	-342.814721385	-0.0	-1.27891551815	-1.36853767603	1001.0
-5495.19381052	-0.0	386.426675593	0.0	1.06922900877	0.979606850892	1001.0
-5223.91081353	-0.0	-264.451863836	-0.0	-0.89835358931	-0.995439179501	1001.0
-5012.40258584	-0.0	240.604359967	0.0	0.643552419364	0.546466829173	1001.0
-4698.6809573	-0.0	-204.809415708	-0.0	-0.665753858734	-0.771669361283	1001.0
-4549.17166368	-0.0	127.796762332	0.0	0.343873263823	0.237957761275	1001.0
-4212.68489824	-0.0	-159.179672438	-0.0	-0.516620029306	-0.633124002219	1001.0
-4103.63402185	-0.0	57.3019346975	0.0	0.160163353463	0.0436593805495	1001.0
