-705.697463272	-0.0	63.3933290242	0.0	0.742993646254	0.160450903357	1001.0
-1350.98222961	-0.0	101.196299733	0.0	0.593023670046	0.301755081828	1001.0
-1952.18239903	-0.0	139.134851471	0.0	0.543544955095	0.349373316434	1001.0
-2563.825212	-0.0	229.608352258	0.0	0.672760988881	0.527128130513	1001.0
-3190.5134256	-0.0	529.750916658	0.0	1.24172720767	1.12522323476	1001.0
-3492.80404825	-0.0	850.863870755	0.0	1.8131484332	1.70723293065	1001.0
-3763.67063066	-0.0	1378.77704744	0.0	2.6931625385	2.59607694831	1001.0
-3995.19669392	-0.0	2172.00687539	0.0	3.91642971313	3.82680755525	1001.0
-4137.77048673	-0.0	3408.6055162	0.0	5.70693171544	5.62371468983	1001.0
-5195.06242307	-0.0	494.084162403	0.0	2.17374602241	2.0905289968	1001.0
-4850.35798489	-0.0	1431.39349406	0.0	4.3463726809	4.26315565529	1001.0
-4670.81766805	-0.0	303.268892975	0.0	1.13138459116	1.04176243329	1001.0
-4432.17507833	-0.0	959.514380121	0.0	2.65494251396	2.56532035608	1001.0
-4200.28567028	-0.0	202.745644494	0.0	0.688735087006	0.591649496815	1001.0
-4039.65023978	-0.0	633.790672052	0.0	1.69522081988	1.59813522969	1001.0
-3781.02175687	-0.0	117.374684469	0.0	0.381538362545	0.275622859997	1001.0
-3661.03317365	-0.0	415.777985622	0.0	1.11876803709	1.01285253455	1001.0
-3381.92904925	-0.0	87.4513935708	0.0	0.283824817688	0.167320844775	1001.0
-3296.06324206	-0.0	278.260041006	0.0	0.77775840445	0.661254431537	1001.0
