-651.146232229	-0.0	67.5314661297	0.0	0.791494168692	0.208951425795	1001.0
-1245.31092639	-0.0	116.862471483	0.0	0.684829503768	0.39356091555	1001.0
-1797.7415547	-0.0	172.430602385	0.0	0.67361831374	0.479446675079	1001.0
-2356.93901527	-0.0	286.629727506	0.0	0.839835733427	0.694202875059	1001.0
-2923.25862014	-0.0	615.135239618	0.0	1.4418666196	1.32536264669	1001.0
-3191.97639582	-0.0	950.705931909	0.0	2.02590688137	1.91999137882	1001.0
-3426.79804029	-0.0	1492.75487469	0.0	2.9157952079	2.81870961771	1001.0
-3621.63050206	-0.0	2295.0373787	0.0	4.13827077828	4.0486486204	1001.0
-3723.8188667	-0.0	3541.32199343	0.0	5.92913515596	5.84591813034	1001.0
-4687.07750316	-0.0	592.300994198	0.0	2.60585549625	2.52263847064	1001.0
-4391.19577095	-0.0	1544.44733925	0.0	4.68965644335	4.60643941774	1001.0
-4242.74836506	-0.0	417.9742066	0.0	1.55930788751	1.46968572963	1001.0
-4032.33490867	-0.0	1077.27629974	0.0	2.98078560021	2.89116344234	1001.0
-3830.45287435	-0.0	314.853355612	0.0	1.06956947861	0.972483888417	1001.0
-3687.53986776	-0.0	744.966086775	0.0	1.99258536942	1.89549977922	1001.0
-3459.47218614	-0.0	216.621027357	0.0	0.704148705015	0.598233202467	1001.0
-3350.45267367	-0.0	514.82544926	0.0	1.38528319736	1.27936769481	1001.0
-3099.85609704	-0.0	174.070985324	0.0	0.564950010023	0.44844603711	1001.0
-3021.58349381	-0.0	364.334374816	0.0	1.01834284584	0.901838872931	1001.0
