-832.802909995	-0.0	58.8048017957	0.0	0.68921438227	0.106671639373	1001.0
-1594.59347095	-0.0	82.1603585077	0.0	0.48147054253	0.190201954311	1001.0
-2300.68416998	-0.0	98.1336478704	0.0	0.383369433763	0.189197795102	1001.0
-3016.55716093	-0.0	157.354012711	0.0	0.461053093908	0.31542023554	1001.0
-3748.83745554	-0.0	403.847481648	0.0	0.94661168097	0.830107708057	1001.0
-4100.78133393	-0.0	683.003331768	0.0	1.45544600427	1.34953050172	1001.0
-4426.38412136	-0.0	1129.97786049	0.0	2.20718356811	2.11009797792	1001.0
-4703.70699008	-0.0	1814.80339564	0.0	3.27234228523	3.18272012735	1001.0
-4914.90142406	-0.0	2815.69820058	0.0	4.71424378257	4.63102675695	1001.0
-6026.10746323	-0.0	-308.623174608	-0.0	-1.35780186713	-1.44101889274	1001.0
-5654.18771577	-0.0	684.940624155	0.0	2.0797965264	1.99657950079	1001.0
-5446.62974644	-0.0	-214.798230811	-0.0	-0.801333121126	-0.890955279004	1001.0
-5174.42248002	-0.0	505.541988328	0.0	1.39881688614	1.30919472826	1001.0
-4919.55928084	-0.0	-160.145157776	-0.0	-0.544019524807	-0.641105114999	1001.0
-4724.67698762	-0.0	336.796970444	0.0	0.90084196809	0.803756377899	1001.0
-4429.67833577	-0.0	-120.573871654	-0.0	-0.391937646219	-0.497853148768	1001.0
-4290.86296055	-0.0	207.07023804	0.0	0.557180927716	0.451265425168	1001.0
-3974.13925122	-0.0	-90.8308229202	-0.0	-0.294792806645	-0.411296779558	1001.0
-3872.65829396	-0.0	122.087925215	0.0	0.34124522362	0.224741250707	1001.0
