-851.154568732	-0.0	59.7786532876	0.0	0.700628287833	0.118085544937	1001.0
-1628.97695855	-0.0	85.4987979303	0.0	0.501034238078	0.20976564986	1001.0
-2348.7237493	-0.0	104.602307473	0.0	0.408639933973	0.214468295312	1001.0
-3075.22256763	-0.0	168.573322448	0.0	0.493926087593	0.348293229225	1001.0
-3814.1280088	-0.0	416.985971035	0.0	0.977408078346	0.860904105433	1001.0
-4166.95331238	-0.0	692.208925584	0.0	1.47506266514	1.36914716259	1001.0
-4492.7976859	-0.0	1125.72803803	0.0	2.19888239813	2.10179680794	1001.0
-4769.49646701	-0.0	1781.26432483	0.0	3.21186668777	3.12224452989	1001.0
-4982.5920281	-0.0	2722.23850454	0.0	4.55776685941	4.47454983379	1001.0
-6076.63682387	-0.0	-492.799884254	-0.0	-2.16809578156	-2.25131280718	1001.0
-5714.68378851	-0.0	527.451316776	0.0	1.60158614892	1.5183691233	1001.0
-5511.97720338	-0.0	-308.94060034	-0.0	-1.1525436433	-1.24216580118	1001.0
-5241.52012283	-0.0	432.930047688	0.0	1.19790220239	1.10828004452	1001.0
-4991.25436824	-0.0	-207.039675633	-0.0	-0.70332208303	-0.800407673221	1001.0
-4794.05437996	-0.0	308.564846285	0.0	0.825328574197	0.728242984006	1001.0
-4501.8793873	-0.0	-140.164228728	-0.0	-0.455618096511	-0.56153359906	1001.0
-4361.16308512	-0.0	199.240950923	0.0	0.536114020657	0.430198518109	1001.0
-4044.69594541	-0.0	-96.8312735958	-0.0	-0.314267359874	-0.430771332788	1001.0
-3941.1959477	-0.0	124.212847191	0.0	0.347184545413	0.2306805725	1001.0
