-797.819776643	-0.0	60.3630952797	0.0	0.707478167678	0.124935424781	1001.0
-1527.44213232	-0.0	88.2965319041	0.0	0.517429328347	0.226160740129	1001.0
-2203.89135086	-0.0	111.45497014	0.0	0.435410582607	0.241238943947	1001.0
-2890.01747443	-0.0	180.14078409	0.0	0.527819179271	0.382186320903	1001.0
-3591.29806834	-0.0	440.08729214	0.0	1.03155718512	0.915053212207	1001.0
-3927.8986974	-0.0	728.451349237	0.0	1.55229346071	1.44637795817	1001.0
-4237.49828881	-0.0	1189.88086834	0.0	2.32419199743	2.22710640724	1001.0
-4499.34393057	-0.0	1895.46024883	0.0	3.41777778085	3.32815562297	1001.0
-4693.03104606	-0.0	2933.01540217	0.0	4.91066465185	4.82744762624	1001.0
-5766.12382129	-0.0	-151.57783366	-0.0	-0.66687365853	-0.750090684144	1001.0
-5414.15003449	-0.0	829.508466292	0.0	2.51877135912	2.4355543335	1001.0
-5214.84028174	-0.0	-104.76232189	-0.0	-0.390829654694	-0.480451812572	1001.0
-4956.33584272	-0.0	604.421614486	0.0	1.67241333105	1.58279117318	1001.0
-4710.98898453	-0.0	-78.6751603272	-0.0	-0.267262675499	-0.36434826569	1001.0
-4526.37097408	-0.0	407.902597031	0.0	1.09103053336	0.993944943169	1001.0
-4242.85647581	-0.0	-60.3939640429	-0.0	-0.196316729223	-0.302232231771	1001.0
-4110.58596519	-0.0	261.312409312	0.0	0.703134801128	0.59721929858	1001.0
-3806.45333921	-0.0	-44.5806229156	-0.0	-0.144687084503	-0.261191057416	1001.0
-3709.86526537	-0.0	164.053085784	0.0	0.458541103434	0.34203713052	1001.0
