-704.000199767	-0.0	63.796008361	0.0	0.747713199452	0.165170456555	1001.0
-1347.52215006	-0.0	102.600431467	0.0	0.601252067292	0.309983479074	1001.0
-1946.58558583	-0.0	142.148578457	0.0	0.555318397063	0.361146758402	1001.0
-2555.52989093	-0.0	234.463039367	0.0	0.686985402183	0.541352543815	1001.0
-3178.31252067	-0.0	535.32174521	0.0	1.25478513578	1.13828116286	1001.0
-3477.94884669	-0.0	855.50125461	0.0	1.8230304667	1.71711496415	1001.0
-3746.25949662	-0.0	1379.03152486	0.0	2.69365960875	2.59657401856	1001.0
-3973.84464055	-0.0	2166.46172753	0.0	3.90643104226	3.81680888438	1001.0
-4114.92575806	-0.0	3384.27865032	0.0	5.66620193261	5.582984907	1001.0
-5153.71611179	-0.0	451.519710981	0.0	1.98648175852	1.9032647329	1001.0
-4818.97261783	-0.0	1393.14533094	0.0	4.23023356753	4.14701654192	1001.0
-4642.22152244	-0.0	284.689178388	0.0	1.06207051616	0.972448358286	1001.0
-4407.31405634	-0.0	946.479651471	0.0	2.61887587862	2.52925372074	1001.0
-4179.56045101	-0.0	194.654637758	0.0	0.661249612574	0.564164022382	1001.0
-4019.83597643	-0.0	631.62325264	0.0	1.68942355167	1.59233796148	1001.0
-3764.03463894	-0.0	118.00090425	0.0	0.383573953702	0.277658451153	1001.0
-3645.09160938	-0.0	418.363513258	0.0	1.12572512905	1.0198096265	1001.0
-3369.02687015	-0.0	89.4110085942	0.0	0.290184777822	0.173680804909	1001.0
-3283.65262049	-0.0	281.734032427	0.0	0.787468480014	0.670964507101	1001.0
