-780.561577946	-0.0	59.3647030932	0.0	0.695776635948	0.113233893052	1001.0
-1495.08723861	-0.0	85.2339266091	0.0	0.499482057184	0.208213468966	1001.0
-2159.76932083	-0.0	105.254109581	0.0	0.411186267576	0.217014628915	1001.0
-2837.05330895	-0.0	170.264108158	0.0	0.498880152437	0.353247294069	1001.0
-3534.294165	-0.0	432.622552995	0.0	1.01405996255	0.897555989637	1001.0
-3872.46891496	-0.0	728.4608161	0.0	1.55231363413	1.44639813158	1001.0
-4183.0510281	-0.0	1214.01245775	0.0	2.37132818432	2.27424259413	1001.0
-4449.37114827	-0.0	1960.49915091	0.0	3.53505194397	3.44542978609	1001.0
-4641.04409326	-0.0	3090.00591499	0.0	5.17350942295	5.09029239733	1001.0
-5763.86459931	-0.0	115.897071123	0.0	0.509894500843	0.426677475229	1001.0
-5385.47874272	-0.0	1064.32727547	0.0	3.23178986968	3.14857284407	1001.0
-5179.16775531	-0.0	32.7662895255	0.0	0.122238963301	0.0326168054228	1001.0
-4912.4342092	-0.0	714.245942475	0.0	1.97629338068	1.8866712228	1001.0
-4658.3565674	-0.0	-5.05724625376	-0.0	-0.0171796683835	-0.114265258575	1001.0
-4474.02675558	-0.0	455.638263168	0.0	1.21871069442	1.12162510423	1001.0
-4185.94682737	-0.0	-29.1170319982	-0.0	-0.0946478771043	-0.200563379653	1001.0
-4053.10198792	-0.0	280.18846053	0.0	0.753926145306	0.648010642758	1001.0
-3746.44966352	-0.0	-30.4075599685	-0.0	-0.0986881948018	-0.215192167715	1001.0
-3650.61673738	-0.0	169.165138478	0.0	0.472829687352	0.356325714438	1001.0
