-756.156957342	-0.0	60.424910025	0.0	0.708202659729	0.125659916833	1001.0
-1448.22778237	-0.0	89.5749213573	0.0	0.524920859236	0.233652271018	1001.0
-2092.66307725	-0.0	114.496180761	0.0	0.447291392291	0.253119753631	1001.0
-2749.48156717	-0.0	186.602019837	0.0	0.546750839672	0.401117981304	1001.0
-3425.56796002	-0.0	460.598400868	0.0	1.0796348778	0.963130904884	1001.0
-3753.61069128	-0.0	764.929748841	0.0	1.63002710926	1.52411160671	1001.0
-4052.86036257	-0.0	1266.47078735	0.0	2.47379493801	2.37670934782	1001.0
-4309.82075593	-0.0	2032.78713141	0.0	3.66539720113	3.57577504325	1001.0
-4487.36325	-0.0	3206.57570901	0.0	5.36867892889	5.28546190327	1001.0
-5597.82440663	-0.0	267.740040453	0.0	1.17793463596	1.09471761035	1001.0
-5225.79054748	-0.0	1206.92282624	0.0	3.66477591359	3.58155888798	1001.0
-5025.65017487	-0.0	132.943228508	0.0	0.495962242477	0.406340084598	1001.0
-4766.09999577	-0.0	802.837454099	0.0	2.22142297483	2.13180081695	1001.0
-4516.9633367	-0.0	67.0736108292	0.0	0.227851746485	0.130766156294	1001.0
-4339.62942998	-0.0	515.49468338	0.0	1.37881063628	1.28172504609	1001.0
-4059.33486316	-0.0	18.9276911538	0.0	0.0615263872465	-0.0443891153019	1001.0
-3930.19102533	-0.0	323.362076913	0.0	0.870096947334	0.764181444785	1001.0
-3631.21743152	-0.0	6.56588808578	0.0	0.0213096888776	-0.0951942840355	1001.0
-3538.42431432	-0.0	202.345262653	0.0	0.565570708823	0.44906673591	1001.0
