-766.599447945	-0.0	59.3858994289	0.0	0.69602506497	0.113482322073	1001.0
-1468.5990121	-0.0	85.7483991521	0.0	0.502496934175	0.211228345956	1001.0
-2122.90211402	-0.0	106.352921409	0.0	0.415478891739	0.221307253078	1001.0
-2790.72286883	-0.0	172.883559639	0.0	0.506555242438	0.36092238407	1001.0
-3480.20757265	-0.0	441.414552545	0.0	1.03466826111	0.918164288194	1001.0
-3816.16086145	-0.0	743.992071755	0.0	1.5854099646	1.47949446205	1001.0
-4123.66464653	-0.0	1246.66824565	0.0	2.43511467162	2.33802908143	1001.0
-4389.99568459	-0.0	2016.5955954	0.0	3.6362016155	3.54657945762	1001.0
-4575.8904741	-0.0	3203.6460318	0.0	5.36377385327	5.28055682765	1001.0
-5722.73079319	-0.0	286.538191016	0.0	1.26063796492	1.1774209393	1001.0
-5331.43977155	-0.0	1219.04663525	0.0	3.70158940515	3.61837237953	1001.0
-5124.05384536	-0.0	128.650047036	0.0	0.479945962942	0.390323805063	1001.0
-4855.02801639	-0.0	793.701349781	0.0	2.19614369578	2.10652153791	1001.0
-4597.81247572	-0.0	54.3173172296	0.0	0.184518105439	0.0874325152479	1001.0
-4415.70144739	-0.0	498.458387054	0.0	1.33324309246	1.23615750226	1001.0
-4128.07649569	-0.0	1.60000445795	0.0	0.00520097739742	-0.100714525151	1001.0
-3995.66158678	-0.0	304.498369793	0.0	0.819338818437	0.713423315889	1001.0
-3689.62047893	-0.0	-9.93458793037	-0.0	-0.0322428550651	-0.148746827978	1001.0
-3594.7876902	-0.0	184.73854804	0.0	0.516358575398	0.399854602484	1001.0
