-752.894006355	-0.0	61.2901406859	0.0	0.718343488322	0.135800745426	1001.0
-1441.59448078	-0.0	92.5976818394	0.0	0.542634634537	0.251366046318	1001.0
-2081.91120276	-0.0	120.921525475	0.0	0.472392678325	0.278221039664	1001.0
-2733.34863673	-0.0	197.149420403	0.0	0.577655114561	0.432022256194	1001.0
-3401.50764089	-0.0	473.455408558	0.0	1.10977148683	0.993267513914	1001.0
-3724.01049946	-0.0	776.763043721	0.0	1.65524326993	1.54932776738	1001.0
-4017.81602244	-0.0	1270.99852849	0.0	2.48263896602	2.38555337583	1001.0
-4267.36511138	-0.0	2025.44822032	0.0	3.65216412633	3.56254196845	1001.0
-4440.55504809	-0.0	3166.75335985	0.0	5.30200549709	5.21878847147	1001.0
-5514.52331683	-0.0	189.745298301	0.0	0.834793176628	0.751576151014	1001.0
-5161.84827341	-0.0	1139.79367589	0.0	3.46094076528	3.37772373967	1001.0
-4967.74897805	-0.0	101.166593557	0.0	0.377415316053	0.287793158175	1001.0
-4716.2794214	-0.0	780.951088251	0.0	2.16086417095	2.07124201308	1001.0
-4474.72421431	-0.0	55.7914125669	0.0	0.18952566643	0.0924400762385	1001.0
-4300.20219958	-0.0	513.78737402	0.0	1.37424403961	1.27715844942	1001.0
-4025.64141665	-0.0	21.9284024173	0.0	0.0712805047304	-0.0346349978181	1001.0
-3898.83905035	-0.0	330.063917438	0.0	0.888130141077	0.782214638528	1001.0
-3605.32572909	-0.0	12.7632094604	0.0	0.0414231889316	-0.0750807839815	1001.0
-3513.72095452	-0.0	211.314355958	0.0	0.590640020512	0.474136047599	1001.0
