-773.235912173	-0.0	61.2794589095	0.0	0.718218293889	0.135675550992	1001.0
-1480.29244535	-0.0	92.0252649447	0.0	0.539280195999	0.248011607781	1001.0
-2136.22032825	-0.0	119.561822352	0.0	0.467080854829	0.272909216168	1001.0
-2801.97529124	-0.0	194.16298374	0.0	0.568904744362	0.423271885995	1001.0
-3482.47225242	-0.0	463.503216456	0.0	1.08644371651	0.969939743596	1001.0
-3809.1545575	-0.0	758.899814546	0.0	1.61717762029	1.51126211774	1001.0
-4108.14434135	-0.0	1233.04470453	0.0	2.40850383512	2.31141824493	1001.0
-4360.17790238	-0.0	1957.1748182	0.0	3.52905771093	3.43943555305	1001.0
-4541.6174137	-0.0	3030.35233894	0.0	5.07363312939	4.99041610378	1001.0
-5596.98473209	-0.0	-17.7187404303	-0.0	-0.077954414376	-0.16117143999	1001.0
-5254.25635946	-0.0	952.496725238	0.0	2.8922205965	2.80900357089	1001.0
-5060.24688818	-0.0	-16.4079176173	-0.0	-0.0612119000507	-0.150834057929	1001.0
-4809.35530116	-0.0	682.627500325	0.0	1.88880626425	1.79918410637	1001.0
-4569.56301978	-0.0	-16.2335560868	-0.0	-0.0551460411975	-0.152231631389	1001.0
-4391.47904806	-0.0	460.608267946	0.0	1.23200413017	1.13491853998	1001.0
-4115.25752463	-0.0	-17.0947316296	-0.0	-0.0555681656876	-0.161483668236	1001.0
-3986.97744106	-0.0	299.515733852	0.0	0.805931629928	0.70001612738	1001.0
-3690.91560831	-0.0	-12.316558026	-0.0	-0.0399735749602	-0.156477547873	1001.0
-3597.47689673	-0.0	192.569852516	0.0	0.538247679028	0.421743706115	1001.0
