-790.282239659	-0.0	60.4890854123	0.0	0.708954819392	0.126412076495	1001.0
-1513.05585571	-0.0	88.8878385647	0.0	0.520894463405	0.229625875187	1001.0
-2183.4162922	-0.0	112.800120206	0.0	0.440665553054	0.246493914393	1001.0
-2863.77062949	-0.0	182.503632969	0.0	0.53474241413	0.389109555762	1001.0
-3559.59629692	-0.0	444.724125129	0.0	1.04242584339	0.925921870473	1001.0
-3893.87270014	-0.0	735.306656198	0.0	1.56690177763	1.46098627508	1001.0
-4200.97991921	-0.0	1201.5564622	0.0	2.34699791232	2.24991232213	1001.0
-4460.71348213	-0.0	1914.94575997	0.0	3.4529128606	3.36329070273	1001.0
-4651.31517671	-0.0	2968.17806781	0.0	4.96953650745	4.88631948184	1001.0
-5723.24955938	-0.0	-98.2095667632	-0.0	-0.432077510997	-0.515294536611	1001.0
-5371.83274039	-0.0	877.451063967	0.0	2.66434725956	2.58113023394	1001.0
-5173.20613177	-0.0	-72.7078131649	-0.0	-0.271246083517	-0.360868241395	1001.0
-4916.05896749	-0.0	631.773840328	0.0	1.74809597713	1.65847381925	1001.0
-4671.41581684	-0.0	-58.090371025	-0.0	-0.197335320529	-0.294420910721	1001.0
-4488.47596274	-0.0	424.108900846	0.0	1.13437806884	1.03729247865	1001.0
-4206.34237641	-0.0	-47.6249260977	-0.0	-0.154809671284	-0.260725173832	1001.0
-4075.08660565	-0.0	271.737998998	0.0	0.731187793139	0.625272290591	1001.0
-3772.76049018	-0.0	-35.9251025108	-0.0	-0.116595462396	-0.233099435309	1001.0
-3677.05471347	-0.0	171.012067907	0.0	0.477991998407	0.361488025494	1001.0
