-748.297542488	-0.0	65.3195504436	0.0	0.765569685372	0.183026942476	1001.0
-1431.22936094	-0.0	106.812611526	0.0	0.625935998268	0.33466741005	1001.0
-2062.38513819	-0.0	150.635788181	0.0	0.588474575974	0.394302937313	1001.0
-2698.53179518	-0.0	246.91977939	0.0	0.723484112503	0.577851254135	1001.0
-3340.78665183	-0.0	537.002142833	0.0	1.25872395944	1.14221998653	1001.0
-3643.94180412	-0.0	837.647054212	0.0	1.78498405693	1.67906855438	1001.0
-3918.59424525	-0.0	1304.1326934	0.0	2.54735986622	2.45027427603	1001.0
-4144.20229459	-0.0	2003.16206725	0.0	3.61197910065	3.52235694277	1001.0
-4303.16508499	-0.0	3011.33546575	0.0	5.041793717	4.95857669138	1001.0
-5264.03626721	-0.0	-133.684593902	-0.0	-0.58815152633	-0.671368551944	1001.0
-4971.55838872	-0.0	863.337556471	0.0	2.62149212317	2.53827509756	1001.0
-4799.30838708	-0.0	-30.952621838	-0.0	-0.115472836861	-0.20509499474	1001.0
-4572.88304369	-0.0	689.466439492	0.0	1.90772936819	1.81810721031	1001.0
-4357.76331003	-0.0	14.0835078087	0.0	0.0478422409526	-0.0492433492387	1001.0
-4190.91361525	-0.0	510.051526561	0.0	1.36425164516	1.26716605497	1001.0
-3938.0664193	-0.0	35.2460898134	0.0	0.114571003572	0.00865550102326	1001.0
-3817.19499488	-0.0	362.250718064	0.0	0.974737813928	0.868822311379	1001.0
-3542.24704801	-0.0	43.5925877852	0.0	0.141480401575	0.0249764286617	1001.0
-3453.10972893	-0.0	255.780116475	0.0	0.714925271196	0.598421298283	1001.0
