-724.823149395	-0.0	66.0970533533	0.0	0.774682311744	0.192139568847	1001.0
-1386.21968411	-0.0	109.976955496	0.0	0.644479471487	0.353210883269	1001.0
-1997.70052047	-0.0	157.590670125	0.0	0.615644554986	0.421472916325	1001.0
-2614.41239781	-0.0	258.868606768	0.0	0.758494619934	0.612861761566	1001.0
-3236.82326618	-0.0	556.937843501	0.0	1.30545290534	1.18894893243	1001.0
-3530.38723121	-0.0	863.825018374	0.0	1.84076799175	1.7348524892	1001.0
-3794.85193602	-0.0	1341.54080825	0.0	2.62042906456	2.52334347437	1001.0
-4010.635059	-0.0	2057.84943265	0.0	3.7105880071	3.62096584922	1001.0
-4157.60254283	-0.0	3098.46072901	0.0	5.18766507869	5.10444805308	1001.0
-5102.43671342	-0.0	-13.2145128007	-0.0	-0.058137857524	-0.141354883138	1001.0
-4818.12446714	-0.0	974.43659927	0.0	2.95884020146	2.87562317584	1001.0
-4651.86358184	-0.0	48.9647345929	0.0	0.182669398386	0.0930472405074	1001.0
-4432.08975916	-0.0	760.184065368	0.0	2.10340254965	2.01378039178	1001.0
-4223.01942841	-0.0	70.1662838266	0.0	0.238357680713	0.141272090522	1001.0
-4061.92182638	-0.0	557.269433845	0.0	1.49054693954	1.39346134935	1001.0
-3816.28378092	-0.0	74.239083244	0.0	0.241321698848	0.135406196299	1001.0
-3699.07160061	-0.0	396.146986265	0.0	1.06594529184	0.960029789292	1001.0
-3432.05962529	-0.0	72.2735357176	0.0	0.234564850955	0.118060878042	1001.0
-3345.81643637	-0.0	280.75948976	0.0	0.784744557646	0.668240584733	1001.0
