-595.629080919	-0.0	70.8669552131	0.0	0.830587354587	0.24804461169	1001.0
-1137.90324177	-0.0	130.100452023	0.0	0.762405816582	0.471137228363	1001.0
-1642.96551134	-0.0	199.693543231	0.0	0.780123864301	0.58595222564	1001.0
-2151.71757703	-0.0	334.364143567	0.0	0.979699343079	0.834066484711	1001.0
-2662.01946219	-0.0	692.01567703	0.0	1.62207306733	1.50556909442	1001.0
-2903.57653978	-0.0	1040.87384203	0.0	2.21805019663	2.11213469408	1001.0
-3106.37439672	-0.0	1609.01304762	0.0	3.14288207209	3.04579648189	1001.0
-3271.24593356	-0.0	2438.16671527	0.0	4.39635282809	4.30673067021	1001.0
-3338.90961799	-0.0	3733.4247979	0.0	6.2507674429	6.16755041729	1001.0
-4246.08676653	-0.0	832.417715856	0.0	3.66226006927	3.57904304365	1001.0
-3967.96768282	-0.0	1798.5909806	0.0	5.46135408232	5.3781370567	1001.0
-3850.47263991	-0.0	607.150577673	0.0	2.26505528264	2.17543312477	1001.0
-3658.49178123	-0.0	1252.51890759	0.0	3.46567572742	3.37605356954	1001.0
-3478.22917099	-0.0	470.936422186	0.0	1.59978991666	1.50270432647	1001.0
-3352.95387035	-0.0	877.499698331	0.0	2.34707739265	2.24999180246	1001.0
-3151.78026141	-0.0	326.499794924	0.0	1.06132082646	0.955405323916	1001.0
-3051.47417587	-0.0	617.786591411	0.0	1.66232921443	1.55641371188	1001.0
-2822.71896244	-0.0	267.881881573	0.0	0.869414689632	0.752910716719	1001.0
-2751.5925537	-0.0	451.681520979	0.0	1.26248489652	1.14598092361	1001.0
