-712.103587141	-0.0	68.5674721247	0.0	0.803636548396	0.221093805499	1001.0
-1361.12672677	-0.0	119.025248158	0.0	0.697503660481	0.406235072263	1001.0
-1959.79889291	-0.0	176.549312528	0.0	0.68970848882	0.495536850159	1001.0
-2560.82656061	-0.0	291.12045802	0.0	0.852993740407	0.70736088204	1001.0
-3162.699149	-0.0	601.944258557	0.0	1.41094718263	1.29444320972	1001.0
-3443.59066815	-0.0	911.924798529	0.0	1.9432662221	1.83735071956	1001.0
-3695.06454454	-0.0	1384.86522637	0.0	2.70505456662	2.60796897643	1001.0
-3897.06805829	-0.0	2085.05109227	0.0	3.75963637302	3.67001421514	1001.0
-4032.97201249	-0.0	3085.05607771	0.0	5.16522205052	5.08200502491	1001.0
-4935.69324825	-0.0	-84.8148859063	-0.0	-0.373146995814	-0.456364021429	1001.0
-4674.12912725	-0.0	917.848344025	0.0	2.78701208594	2.70379506032	1001.0
-4519.47528164	-0.0	37.5930107172	0.0	0.140245683109	0.0506235252303	1001.0
-4310.40389335	-0.0	762.042146509	0.0	2.10854379477	2.01892163689	1001.0
-4114.91057828	-0.0	86.6665495845	0.0	0.294409745362	0.19732415517	1001.0
-3958.16613905	-0.0	585.878337522	0.0	1.56706811804	1.46998252785	1001.0
-3725.59073709	-0.0	104.478001627	0.0	0.339616381871	0.233700879322	1001.0
-3611.23175232	-0.0	433.455140397	0.0	1.16633341196	1.06041790942	1001.0
-3355.9080792	-0.0	105.369377645	0.0	0.341977905427	0.225473932514	1001.0
-3271.19617516	-0.0	318.817916224	0.0	0.891120812517	0.774616839604	1001.0
