-745.409946003	-0.0	67.2209995488	0.0	0.787855383656	0.20531264076	1001.0
-1425.03864542	-0.0	113.740090663	0.0	0.66653194014	0.375263351922	1001.0
-2052.04135818	-0.0	164.981995116	0.0	0.644519544736	0.450347906075	1001.0
-2681.3770352	-0.0	271.439385148	0.0	0.795327466871	0.649694608503	1001.0
-3312.77663682	-0.0	570.787095655	0.0	1.33791531865	1.22141134573	1001.0
-3608.47431308	-0.0	872.622481986	0.0	1.85951494754	1.75359944499	1001.0
-3875.31479527	-0.0	1332.96560828	0.0	2.60367914304	2.50659355285	1001.0
-4092.67994672	-0.0	2014.1033383	0.0	3.63170773021	3.54208557233	1001.0
-4245.86580855	-0.0	2981.05255442	0.0	4.9910918959	4.90787487028	1001.0
-5177.8516203	-0.0	-224.107422449	-0.0	-0.985970924006	-1.06918794962	1001.0
-4901.37501185	-0.0	788.711066371	0.0	2.39489158378	2.31167455816	1001.0
-4736.90485615	-0.0	-61.0243892456	-0.0	-0.22765953013	-0.317281688008	1001.0
-4517.26513252	-0.0	673.39986847	0.0	1.86327373173	1.77365157385	1001.0
-4311.31978262	-0.0	13.8767470689	0.0	0.0471398664257	-0.0499457237657	1001.0
-4146.39020877	-0.0	522.477799037	0.0	1.39748860611	1.30040301592	1001.0
-3902.22999796	-0.0	50.5468467597	0.0	0.164307671895	0.0583921693464	1001.0
-3782.4317817	-0.0	385.46639101	0.0	1.03720613536	0.931290632815	1001.0
-3514.67562312	-0.0	64.2690589317	0.0	0.208586200739	0.0920822278259	1001.0
-3425.82784817	-0.0	281.964359801	0.0	0.788112262894	0.671608289981	1001.0
