-828.984865616	-0.0	57.8487631497	0.0	0.678009249955	0.0954665070583	1001.0
-1587.78784325	-0.0	78.8107189108	0.0	0.461841212482	0.170572624263	1001.0
-2292.12147098	-0.0	91.2883586368	0.0	0.356627590222	0.162455951562	1001.0
-3008.21908974	-0.0	145.737829934	0.0	0.427017247499	0.281384389131	1001.0
-3743.83621396	-0.0	389.229607772	0.0	0.912347631321	0.795843658408	1001.0
-4099.33436288	-0.0	669.812729541	0.0	1.4273374894	1.32142198685	1001.0
-4428.77935269	-0.0	1124.93067335	0.0	2.19732490724	2.10023931705	1001.0
-4710.9932588	-0.0	1827.24129259	0.0	3.29476953892	3.20514738104	1001.0
-4925.21141982	-0.0	2866.38598507	0.0	4.79910890513	4.71589187952	1001.0
-6065.97914571	-0.0	-202.880449824	-0.0	-0.892581880555	-0.975798906169	1001.0
-5678.22687898	-0.0	774.196993086	0.0	2.35082014439	2.26760311877	1001.0
-5464.90541579	-0.0	-167.295632565	-0.0	-0.624118415168	-0.713740573047	1001.0
-5186.32900854	-0.0	540.322848913	0.0	1.49505430305	1.40543214517	1001.0
-4925.35564826	-0.0	-141.159771265	-0.0	-0.479525405275	-0.576610995467	1001.0
-4728.78793765	-0.0	344.586127643	0.0	0.92167588382	0.824590293629	1001.0
-4428.89129935	-0.0	-117.918820569	-0.0	-0.383307132339	-0.489222634888	1001.0
-4289.01982881	-0.0	203.411054559	0.0	0.547334861637	0.441419359089	1001.0
-3968.83782552	-0.0	-94.9063952528	-0.0	-0.308020138161	-0.424524111074	1001.0
-3867.1218086	-0.0	113.581338498	0.0	0.317468653732	0.200964680819	1001.0
