-739.925376135	-0.0	64.3037003757	0.0	0.753663540709	0.171120797813	1001.0
-1415.65723606	-0.0	103.345540789	0.0	0.60561850624	0.314349918022	1001.0
-2041.31722223	-0.0	143.582830382	0.0	0.560921453306	0.366749814645	1001.0
-2674.04839867	-0.0	235.065627371	0.0	0.688751007387	0.543118149019	1001.0
-3315.94019474	-0.0	523.077471615	0.0	1.22608476513	1.10958079221	1001.0
-3620.89029183	-0.0	826.493983299	0.0	1.76121741958	1.65530191703	1001.0
-3897.1326338	-0.0	1304.86345671	0.0	2.54878726477	2.45170167458	1001.0
-4125.41442769	-0.0	2027.45294566	0.0	3.65577892423	3.56615676636	1001.0
-4283.66155907	-0.0	3087.12899518	0.0	5.16869267756	5.08547565194	1001.0
-5266.45297511	-0.0	6.19865102087	0.0	0.0272712505809	-0.0559457750332	1001.0
-4962.01414301	-0.0	985.60892709	0.0	2.99276455603	2.90954753041	1001.0
-4785.85494429	-0.0	37.1726481001	0.0	0.138677464941	0.0490553070627	1001.0
-4555.77282645	-0.0	741.913622821	0.0	2.05284887826	1.96322672039	1001.0
-4335.5610637	-0.0	45.7556212786	0.0	0.155433680861	0.0583480906701	1001.0
-4169.2557178	-0.0	527.111293552	0.0	1.40988196675	1.31279637656	1001.0
-3912.74691819	-0.0	44.7268241798	0.0	0.145389095925	0.0394735933763	1001.0
-3792.09048173	-0.0	363.571138579	0.0	0.978290778054	0.872375275506	1001.0
-3514.92754008	-0.0	43.5945246706	0.0	0.141486687766	0.0249827148525	1001.0
-3426.53359545	-0.0	249.945233135	0.0	0.69861631954	0.582112346627	1001.0
