-715.49156353	-0.0	67.9270006059	0.0	0.796129981437	0.213587238541	1001.0
-1367.7998539	-0.0	116.669578969	0.0	0.683699128182	0.392430539963	1001.0
-1969.8315186	-0.0	171.616503695	0.0	0.670437951444	0.476266312783	1001.0
-2574.94360106	-0.0	282.712317065	0.0	0.828357575529	0.682724717161	1001.0
-3182.10450792	-0.0	590.11171442	0.0	1.38321189888	1.26670792596	1001.0
-3466.21203494	-0.0	899.179368838	0.0	1.91610634769	1.81019084514	1001.0
-3720.99658706	-0.0	1373.04920174	0.0	2.68197434857	2.58488875838	1001.0
-3926.4437648	-0.0	2076.99398763	0.0	3.74510829561	3.65548613773	1001.0
-4065.15414719	-0.0	3086.54750747	0.0	5.16771910914	5.08450208352	1001.0
-4977.59477224	-0.0	-69.2280810305	-0.0	-0.304572130075	-0.387789155689	1001.0
-4710.73207944	-0.0	929.883594348	0.0	2.82355667233	2.74033964672	1001.0
-4553.19012454	-0.0	38.9983487603	0.0	0.145488481972	0.0558663240934	1001.0
-4341.60855481	-0.0	760.253202691	0.0	2.1035938502	2.01397169232	1001.0
-4142.73056515	-0.0	81.4818528344	0.0	0.27679712253	0.179711532338	1001.0
-3984.96193531	-0.0	577.779727175	0.0	1.54540649776	1.44832090757	1001.0
-3749.06931154	-0.0	96.1888103117	0.0	0.312671521525	0.206756018977	1001.0
-3634.05874559	-0.0	423.392554854	0.0	1.13925718507	1.03334168252	1001.0
-3375.75754418	-0.0	96.5011757784	0.0	0.313196022426	0.196692049513	1001.0
-3290.69448501	-0.0	308.712571717	0.0	0.86287559056	0.746371617647	1001.0
