-828.174290176	-0.0	59.9666627234	0.0	0.702831829096	0.1202890862	1001.0
-1585.28221441	-0.0	86.418912808	0.0	0.506426232677	0.215157644459	1001.0
-2286.33635533	-0.0	106.995935348	0.0	0.417990893434	0.223819254774	1001.0
-2995.52862713	-0.0	172.498098284	0.0	0.505425826372	0.359792968004	1001.0
-3718.41231579	-0.0	424.973162775	0.0	0.996129920979	0.879625948066	1001.0
-4064.29066685	-0.0	705.33885737	0.0	1.50304189433	1.39712639178	1001.0
-4383.40287443	-0.0	1149.67289074	0.0	2.24565383258	2.14856824239	1001.0
-4653.74555141	-0.0	1825.65492269	0.0	3.29190909391	3.20228693603	1001.0
-4858.92599864	-0.0	2805.45109395	0.0	4.69708734205	4.61387031644	1001.0
-5941.31461294	-0.0	-352.91842382	-0.0	-1.55268085559	-1.63589788121	1001.0
-5584.86327692	-0.0	650.336025547	0.0	1.97472096008	1.89150393446	1001.0
-5383.35757382	-0.0	-225.379191456	-0.0	-0.840806789911	-0.930428947789	1001.0
-5118.56782188	-0.0	502.418946466	0.0	1.39017553924	1.30055338136	1001.0
-4870.36855924	-0.0	-155.069211012	-0.0	-0.526776330042	-0.623861920234	1001.0
-4678.7795776	-0.0	348.309756384	0.0	0.931635596461	0.834550006269	1001.0
-4390.12930242	-0.0	-107.936659871	-0.0	-0.350859102644	-0.456774605192	1001.0
-4253.32037016	-0.0	223.604747877	0.0	0.601671693831	0.495756191282	1001.0
-3942.04760561	-0.0	-76.1026813228	-0.0	-0.246992400807	-0.363496373721	1001.0
-3841.67176886	-0.0	139.496154554	0.0	0.389902575306	0.273398602393	1001.0
