-800.485105389	-0.0	57.6454720426	0.0	0.675626601762	0.0930838588652	1001.0
-1533.77952972	-0.0	78.8031920065	0.0	0.461797103829	0.170528515611	1001.0
-2216.64792458	-0.0	91.5887570302	0.0	0.357801128193	0.163629489532	1001.0
-2913.78723483	-0.0	147.02722662	0.0	0.430795227615	0.285162369248	1001.0
-3634.3796419	-0.0	398.859007615	0.0	0.934918782031	0.818414809118	1001.0
-3985.81707366	-0.0	690.177428381	0.0	1.47073364602	1.36481814347	1001.0
-4310.39190977	-0.0	1173.48248231	0.0	2.29216106172	2.19507547153	1001.0
-4591.60427856	-0.0	1920.77345948	0.0	3.46342101129	3.37379885341	1001.0
-4798.01263747	-0.0	3058.32757488	0.0	5.12047127493	5.03725424931	1001.0
-5975.23834079	-0.0	105.972913439	0.0	0.466232712157	0.383015686542	1001.0
-5568.11133672	-0.0	1047.40132613	0.0	3.18039485908	3.09717783347	1001.0
-5350.7380208	-0.0	2.95976692912	0.0	0.0110418007735	-0.0785803571048	1001.0
-5068.70601572	-0.0	680.706206771	0.0	1.88349011262	1.79386795474	1001.0
-4802.68736478	-0.0	-40.2609041315	-0.0	-0.136767906305	-0.233853496497	1001.0
-4609.74278668	-0.0	417.674631421	0.0	1.11716811613	1.02008252594	1001.0
-4309.84332744	-0.0	-64.6597519927	-0.0	-0.210183107281	-0.31609860983	1001.0
-4171.44547646	-0.0	243.57441379	0.0	0.655405717054	0.549490214506	1001.0
-3853.43960497	-0.0	-62.4213040029	-0.0	-0.20258928423	-0.319093257144	1001.0
-3753.97187868	-0.0	136.460501321	0.0	0.381417688985	0.264913716072	1001.0
