-866.451880081	-0.0	57.8499912864	0.0	0.678023644179	0.0954809012826	1001.0
-1658.87035434	-0.0	78.2966953287	0.0	0.458828966462	0.167560378243	1001.0
-2392.92109838	-0.0	89.4660263016	0.0	0.349508456973	0.155336818312	1001.0
-3135.81550459	-0.0	142.677111258	0.0	0.418049228247	0.272416369879	1001.0
-3894.80112123	-0.0	379.449745684	0.0	0.889423799649	0.772919826736	1001.0
-4259.24991627	-0.0	650.374778532	0.0	1.38591618615	1.2800006836	1001.0
-4597.42747366	-0.0	1082.78273866	0.0	2.11499742799	2.0179118378	1001.0
-4886.74157359	-0.0	1743.3154296	0.0	3.14343956512	3.05381740724	1001.0
-5111.78691903	-0.0	2699.78337429	0.0	4.52017087056	4.43695384494	1001.0
-6251.33781435	-0.0	-484.472188912	-0.0	-2.13145770246	-2.21467472807	1001.0
-5864.88741862	-0.0	527.849054771	0.0	1.60279386543	1.51957683981	1001.0
-5652.99456227	-0.0	-328.039235627	-0.0	-1.22379362039	-1.31341577827	1001.0
-5369.60036341	-0.0	407.711919512	0.0	1.12812452943	1.03850237155	1001.0
-5108.82364544	-0.0	-237.28198669	-0.0	-0.806056426791	-0.903142016982	1001.0
-4904.70005852	-0.0	273.19085531	0.0	0.730712593516	0.633627003324	1001.0
-4601.68655221	-0.0	-173.603927271	-0.0	-0.564317241339	-0.670232743887	1001.0
-4456.72396134	-0.0	162.423650528	0.0	0.437046681072	0.331131178523	1001.0
-4130.14309672	-0.0	-128.888726565	-0.0	-0.418310307311	-0.534814280224	1001.0
-4023.95152701	-0.0	89.8888035099	0.0	0.251246180167	0.134742207253	1001.0
