-767.789686938	-0.0	60.9347596373	0.0	0.714178288843	0.131635545946	1001.0
-1470.07961881	-0.0	90.9633843593	0.0	0.533057435646	0.241788847427	1001.0
-2122.3320516	-0.0	117.395623711	0.0	0.45861837163	0.264446732969	1001.0
-2785.34750812	-0.0	190.721984334	0.0	0.558822488468	0.4131896301	1001.0
-3464.65385389	-0.0	460.834092676	0.0	1.08018733542	0.963683362505	1001.0
-3791.91086975	-0.0	758.691630351	0.0	1.61673399017	1.51081848762	1001.0
-4091.21532514	-0.0	1240.90985633	0.0	2.42386682092	2.32678123072	1001.0
-4344.72812484	-0.0	1978.59592832	0.0	3.56768294417	3.47806078629	1001.0
-4525.35207976	-0.0	3082.51093944	0.0	5.16096079756	5.07774377195	1001.0
-5596.85758737	-0.0	70.1295888563	0.0	0.308538355264	0.22532132965	1001.0
-5245.56735996	-0.0	1030.00618696	0.0	3.12757517113	3.04435814552	1001.0
-5049.40455964	-0.0	28.7159466359	0.0	0.107128625115	0.0175064672366	1001.0
-4795.86796703	-0.0	718.70516794	0.0	1.98863190057	1.89900974269	1001.0
-4553.20428552	-0.0	7.86683329891	0.0	0.0267239482758	-0.0703616419156	1001.0
-4375.2626527	-0.0	476.143326468	0.0	1.27355626371	1.17647067352	1001.0
-4097.53723936	-0.0	-7.05604967713	-0.0	-0.0229364078977	-0.128851910446	1001.0
-3969.06334094	-0.0	305.501696056	0.0	0.822038550968	0.716123048419	1001.0
-3672.11142876	-0.0	-7.86144704367	-0.0	-0.0255144450286	-0.142018417942	1001.0
-3578.91791836	-0.0	194.047008748	0.0	0.542376445308	0.425872472395	1001.0
