-723.43759454	-0.0	65.0579193339	0.0	0.762503270418	0.179960527521	1001.0
-1383.94948004	-0.0	106.348242706	0.0	0.623214735704	0.331946147485	1001.0
-1995.63240344	-0.0	150.048682365	0.0	0.586180985253	0.392009346593	1001.0
-2614.19240776	-0.0	246.238577758	0.0	0.721488166453	0.575855308085	1001.0
-3241.13675527	-0.0	541.162870705	0.0	1.26847663535	1.15197266244	1001.0
-3538.63669937	-0.0	849.284629007	0.0	1.80978314787	1.70386764532	1001.0
-3806.82918116	-0.0	1335.49097412	0.0	2.60861193526	2.51152634507	1001.0
-4027.44100147	-0.0	2068.66036041	0.0	3.73008160963	3.64045945175	1001.0
-4176.35201985	-0.0	3148.32826405	0.0	5.27115688082	5.1879398552	1001.0
-5145.48966459	-0.0	83.7868549268	0.0	0.368624126185	0.285407100571	1001.0
-4848.15635988	-0.0	1058.71707402	0.0	3.21475470331	3.13153767769	1001.0
-4677.19108247	-0.0	91.6599637529	0.0	0.341949580121	0.252327422243	1001.0
-4452.45509913	-0.0	791.33703114	0.0	2.18960170933	2.09997955145	1001.0
-4237.34416761	-0.0	86.3248670758	0.0	0.293249036174	0.196163445982	1001.0
-4075.34662491	-0.0	562.489806801	0.0	1.50451004331	1.40742445312	1001.0
-3824.84865628	-0.0	74.1951672494	0.0	0.241178945436	0.135263442887	1001.0
-3706.80672784	-0.0	390.402388776	0.0	1.0504878307	0.944572328149	1001.0
-3435.86298103	-0.0	66.3879931033	0.0	0.215463233573	0.0989592606597	1001.0
-3349.49870707	-0.0	270.751134903	0.0	0.756770429285	0.640266456371	1001.0
