-721.243858254	-0.0	64.1540394215	0.0	0.751909458068	0.169366715172	1001.0
-1380.11518322	-0.0	103.278422519	0.0	0.605225184321	0.313956596102	1001.0
-1991.43263307	-0.0	143.618106671	0.0	0.561059263846	0.366887625185	1001.0
-2611.13388647	-0.0	235.688899421	0.0	0.690577217611	0.544944359244	1001.0
-3241.86419191	-0.0	529.094887612	0.0	1.24018948666	1.12368551375	1001.0
-3543.03440997	-0.0	839.453031569	0.0	1.78883250453	1.68291700198	1001.0
-3814.48438604	-0.0	1336.20217835	0.0	2.6100011291	2.51291553891	1001.0
-4040.10844691	-0.0	2087.62371639	0.0	3.7642751712	3.67465301332	1001.0
-4190.24198819	-0.0	3211.39085271	0.0	5.37674078765	5.29352376204	1001.0
-5188.13015878	-0.0	195.909615207	0.0	0.861913372687	0.778696347073	1001.0
-4875.52475671	-0.0	1157.56341131	0.0	3.51489790069	3.43168087508	1001.0
-4699.95025639	-0.0	143.893549331	0.0	0.536813858104	0.447191700226	1001.0
-4469.62947701	-0.0	830.976877904	0.0	2.29928376997	2.20966161209	1001.0
-4248.15616537	-0.0	109.805496816	0.0	0.373013677272	0.275928087081	1001.0
-4085.26653798	-0.0	573.701610224	0.0	1.53449862381	1.43741303362	1001.0
-3830.23497607	-0.0	78.544361515	0.0	0.255316444216	0.149400941667	1001.0
-3711.10551074	-0.0	389.106730849	0.0	1.0470014973	0.941085994755	1001.0
-3436.29162208	-0.0	64.3516839036	0.0	0.208854361332	0.0923503884193	1001.0
-3349.69789743	-0.0	264.541583818	0.0	0.739414252212	0.622910279299	1001.0
