-846.708121762	-0.0	57.041262935	0.0	0.668545043893	0.0860023009967	1001.0
-1621.81153712	-0.0	75.6279150147	0.0	0.443189561656	0.151920973438	1001.0
-2341.14675251	-0.0	84.3926517937	0.0	0.329688784979	0.135517146318	1001.0
-3072.31894689	-0.0	133.924924121	0.0	0.392404995295	0.246772136927	1001.0
-3823.64245717	-0.0	370.416110357	0.0	0.868249110909	0.751745137995	1001.0
-4186.88804627	-0.0	646.247390099	0.0	1.37712092744	1.27120542489	1001.0
-4524.4261613	-0.0	1093.86937435	0.0	2.13665293202	2.03956734183	1001.0
-4814.39231921	-0.0	1785.56617315	0.0	3.21962351709	3.13000135921	1001.0
-5037.40068139	-0.0	2805.84676956	0.0	4.69774981053	4.61453278491	1001.0
-6198.45355106	-0.0	-284.035596718	-0.0	-1.24962768608	-1.33284471169	1001.0
-5800.0234222	-0.0	699.663170945	0.0	2.12450098777	2.04128396216	1001.0
-5582.8105903	-0.0	-223.974582877	-0.0	-0.835566712409	-0.925188870288	1001.0
-5296.93543038	-0.0	489.428652403	0.0	1.35423185284	1.26460969496	1001.0
-5031.34596202	-0.0	-183.144527878	-0.0	-0.62214930761	-0.719234897802	1001.0
-4829.34759201	-0.0	307.951887048	0.0	0.823689071905	0.726603481714	1001.0
-4523.72198263	-0.0	-148.880804848	-0.0	-0.483952214679	-0.589867717228	1001.0
-4380.42102715	-0.0	175.425103596	0.0	0.472030760632	0.366115258083	1001.0
-4053.92520653	-0.0	-118.749269206	-0.0	-0.385402545424	-0.501906518337	1001.0
-3949.65458335	-0.0	91.8931356093	0.0	0.256848443898	0.140344470985	1001.0
