-663.814557927	-0.0	66.0981283432	0.0	0.774694911029	0.192152168133	1001.0
-1270.18000661	-0.0	111.629885295	0.0	0.654165858226	0.362897270008	1001.0
-1835.02855916	-0.0	161.241302526	0.0	0.629906135053	0.435734496393	1001.0
-2408.22368692	-0.0	268.069926602	0.0	0.785454828347	0.639821969979	1001.0
-2991.97037108	-0.0	590.546963708	0.0	1.38423211586	1.26772814295	1001.0
-3271.69022972	-0.0	924.405618246	0.0	1.96986222588	1.86394672333	1001.0
-3517.17421655	-0.0	1472.13236159	0.0	2.87551329297	2.77842770278	1001.0
-3725.63529563	-0.0	2282.49799811	0.0	4.11566053553	4.02603837766	1001.0
-3839.21748396	-0.0	3556.31543856	0.0	5.95423825666	5.87102123104	1001.0
-4845.30723121	-0.0	652.268059299	0.0	2.86968336033	2.78646633471	1001.0
-4524.57064949	-0.0	1596.30464733	0.0	4.84711921518	4.76390218956	1001.0
-4366.10382706	-0.0	432.70950039	0.0	1.61427984383	1.52465768595	1001.0
-4145.33085399	-0.0	1081.09690502	0.0	2.99135708052	2.90173492264	1001.0
-3930.46105936	-0.0	311.527952873	0.0	1.05827295212	0.961187361924	1001.0
-3783.92629795	-0.0	729.903180153	0.0	1.95229611614	1.85521052594	1001.0
-3545.47605901	-0.0	198.452091496	0.0	0.645088729102	0.539173226554	1001.0
-3433.15236175	-0.0	492.961411497	0.0	1.32645183193	1.22053632938	1001.0
-3171.73599104	-0.0	156.200075067	0.0	0.506949701067	0.390445728154	1001.0
-3091.58768319	-0.0	343.633777231	0.0	0.960483069461	0.843979096548	1001.0
