-673.319909974	-0.0	66.5409548735	0.0	0.779885004427	0.19734226153	1001.0
-1287.87390251	-0.0	112.822617075	0.0	0.661155423846	0.369886835628	1001.0
-1858.68603079	-0.0	163.910017117	0.0	0.640331749751	0.446160111091	1001.0
-2436.71741641	-0.0	271.302746635	0.0	0.794927110959	0.649294252591	1001.0
-3022.90257647	-0.0	588.088430748	0.0	1.3784693561	1.26196538319	1001.0
-3301.58963123	-0.0	914.527261327	0.0	1.94881194041	1.84289643786	1001.0
-3547.91739876	-0.0	1439.26823881	0.0	2.81131986555	2.71423427536	1001.0
-3751.36401261	-0.0	2223.17822963	0.0	4.00869876368	3.9190766058	1001.0
-3869.83677785	-0.0	3420.04438705	0.0	5.72608349306	5.64286646745	1001.0
-4836.68176691	-0.0	445.519101013	0.0	1.96008179866	1.87686477305	1001.0
-4539.89353937	-0.0	1399.63513119	0.0	4.24993960268	4.16672257706	1001.0
-4382.47047756	-0.0	319.42235802	0.0	1.19164722235	1.10202506447	1001.0
-4166.88620526	-0.0	990.088068305	0.0	2.73953883294	2.64991667506	1001.0
-3960.07842928	-0.0	242.365613304	0.0	0.823325710313	0.726240120122	1001.0
-3810.52799499	-0.0	686.94982119	0.0	1.83740734985	1.74032175965	1001.0
-3574.31373579	-0.0	170.966149179	0.0	0.55574287508	0.449827372532	1001.0
-3462.34560915	-0.0	474.008579725	0.0	1.275453888	1.16953838545	1001.0
-3205.18604708	-0.0	137.653422643	0.0	0.446756260712	0.330252287798	1001.0
-3124.33128429	-0.0	331.845143573	0.0	0.927532923723	0.811028950809	1001.0
