-768.121378149	-0.0	63.9905075085	0.0	0.749992802574	0.167450059678	1001.0
-1469.46888874	-0.0	101.745065558	0.0	0.596239510194	0.304970921976	1001.0
-2117.97402904	-0.0	139.794653719	0.0	0.54612254209	0.351950903429	1001.0
-2772.2592386	-0.0	228.422660431	0.0	0.669286867849	0.523654009481	1001.0
-3434.54913443	-0.0	509.125765366	0.0	1.19338220115	1.07687822824	1001.0
-3748.32585469	-0.0	804.703902298	0.0	1.71478384474	1.60886834219	1001.0
-4034.06279722	-0.0	1265.59200268	0.0	2.47207840961	2.37499281942	1001.0
-4270.83109262	-0.0	1958.7854903	0.0	3.53196197616	3.44233981828	1001.0
-4441.39125074	-0.0	2959.63391685	0.0	4.9552312774	4.87201425178	1001.0
-5429.92366279	-0.0	-188.231879404	-0.0	-0.828134820505	-0.911351846119	1001.0
-5122.90233013	-0.0	810.081822052	0.0	2.4597830822	2.37656605658	1001.0
-4943.03336772	-0.0	-79.3211434179	-0.0	-0.295917983991	-0.38554014187	1001.0
-4707.81455252	-0.0	642.817983908	0.0	1.77865473366	1.68903257578	1001.0
-4484.26113984	-0.0	-28.0016551591	-0.0	-0.0951227457954	-0.192208335987	1001.0
-4311.69310314	-0.0	469.770314934	0.0	1.25651015951	1.15942456932	1001.0
-4049.80704066	-0.0	-0.341402878265	-0.0	-0.00110976481624	-0.107025267365	1001.0
-3925.24829339	-0.0	327.749298245	0.0	0.881902004762	0.775986502214	1001.0
-3641.1879724	-0.0	13.8385118166	0.0	0.0449130989574	-0.0715908739558	1001.0
-3549.42939686	-0.0	226.855053522	0.0	0.634077475985	0.517573503072	1001.0
