-693.251449686	-0.0	64.8441208977	0.0	0.759997472376	0.177454729479	1001.0
-1326.56986302	-0.0	106.470056052	0.0	0.623928577984	0.332659989766	1001.0
-1915.53692205	-0.0	150.393387689	0.0	0.587527612916	0.393355974255	1001.0
-2513.30354362	-0.0	248.339825919	0.0	0.727644901506	0.582012043138	1001.0
-3122.60000142	-0.0	554.735744305	0.0	1.30029122199	1.18378724908	1001.0
-3414.36346579	-0.0	876.689982498	0.0	1.86818258808	1.76226708553	1001.0
-3674.48778161	-0.0	1399.1526779	0.0	2.73296221804	2.63587662785	1001.0
-3892.71731299	-0.0	2183.40589987	0.0	3.93698373562	3.84736157774	1001.0
-4025.7263016	-0.0	3387.9852883	0.0	5.67240785163	5.58919082602	1001.0
-5033.62838258	-0.0	435.021897958	0.0	1.91389887049	1.83068184487	1001.0
-4715.23835019	-0.0	1382.38525838	0.0	4.19756101059	4.11434398498	1001.0
-4545.84111597	-0.0	289.948115224	0.0	1.08168967342	0.992067515543	1001.0
-4318.8365399	-0.0	956.541154198	0.0	2.64671570249	2.55709354461	1001.0
-4099.40285963	-0.0	207.816198909	0.0	0.705959963748	0.608874373557	1001.0
-3943.50922372	-0.0	649.256610278	0.0	1.73658807509	1.63950248489	1001.0
-3695.15897143	-0.0	135.798575497	0.0	0.441427096188	0.33551159364	1001.0
-3578.964224	-0.0	437.703436605	0.0	1.17776465213	1.07184914958	1001.0
-3310.17887705	-0.0	106.121120377	0.0	0.344417697808	0.227913724895	1001.0
-3226.52173475	-0.0	299.566915473	0.0	0.837312771757	0.720808798844	1001.0
