-805.424384128	-0.0	58.3370064417	0.0	0.683731644872	0.101188901975	1001.0
-1542.80961556	-0.0	81.0335339659	0.0	0.474867202022	0.183598613804	1001.0
-2228.16196884	-0.0	96.2402277381	0.0	0.375972588545	0.181800949884	1001.0
-2926.17233758	-0.0	154.481910114	0.0	0.452637726767	0.307004868399	1001.0
-3644.68011956	-0.0	405.942210521	0.0	0.951521690095	0.835017717181	1001.0
-3992.95974632	-0.0	693.848908117	0.0	1.47855738605	1.3726418835	1001.0
-4314.61856343	-0.0	1164.69798406	0.0	2.2750023183	2.17791672811	1001.0
-4590.57178639	-0.0	1891.52858599	0.0	3.41068844731	3.32106628943	1001.0
-4795.35444545	-0.0	2980.56837923	0.0	4.99028125509	4.90706422947	1001.0
-5934.00499665	-0.0	-30.891629639	-0.0	-0.13590914699	-0.219126172604	1001.0
-5547.30727227	-0.0	928.450478333	0.0	2.81920506928	2.73598804367	1001.0
-5335.58641307	-0.0	-63.8376212006	-0.0	-0.238154662862	-0.32777682074	1001.0
-5061.13955468	-0.0	628.745458587	0.0	1.73971655146	1.65009439358	1001.0
-4801.92792222	-0.0	-73.9974040782	-0.0	-0.251372149884	-0.348457740075	1001.0
-4610.64523649	-0.0	397.776092745	0.0	1.06394483827	0.966859248075	1001.0
-4315.01341023	-0.0	-76.0594250077	-0.0	-0.247238905091	-0.35315440764	1001.0
-4178.22137908	-0.0	238.203872725	0.0	0.640954760309	0.535039257761	1001.0
-3863.58504831	-0.0	-65.9883463823	-0.0	-0.214166174108	-0.330670147021	1001.0
-3764.58142628	-0.0	137.344925789	0.0	0.383889723995	0.267385751082	1001.0
