-786.309323671	-0.0	64.5220807231	0.0	0.756223040473	0.173680297576	1001.0
-1503.84876442	-0.0	103.470685512	0.0	0.606351870832	0.315083282614	1001.0
-2166.55826378	-0.0	142.97106062	0.0	0.558531510281	0.36435987162	1001.0
-2833.02694226	-0.0	233.952937759	0.0	0.68549078555	0.539857927182	1001.0
-3505.15543773	-0.0	514.454729801	0.0	1.20587320385	1.08936923093	1001.0
-3822.32836689	-0.0	806.058038315	0.0	1.71766944099	1.61175393844	1001.0
-4111.34275192	-0.0	1255.33530924	0.0	2.45204403017	2.35495843997	1001.0
-4350.99872545	-0.0	1924.63683503	0.0	3.47038721336	3.38076505548	1001.0
-4526.9812954	-0.0	2877.20911996	0.0	4.81722977347	4.73401274786	1001.0
-5513.20882742	-0.0	-337.302242838	-0.0	-1.48397674832	-1.56719377394	1001.0
-5208.24308033	-0.0	679.67546677	0.0	2.0638090734	1.98059204778	1001.0
-5029.02718288	-0.0	-160.207619028	-0.0	-0.597675646115	-0.687297803993	1001.0
-4792.04700424	-0.0	578.338411843	0.0	1.6002420275	1.51061986962	1001.0
-4569.33985605	-0.0	-71.8576626756	-0.0	-0.244103362509	-0.3411889527	1001.0
-4393.08379602	-0.0	440.626371633	0.0	1.17855789288	1.08147230269	1001.0
-4130.84782842	-0.0	-21.9487269682	-0.0	-0.0713465717524	-0.177262074301	1001.0
-4003.64357253	-0.0	315.477967555	0.0	0.848882525562	0.742967023014	1001.0
-3717.47663959	-0.0	3.80885144121	0.0	0.0123616848373	-0.104142288076	1001.0
-3623.35467574	-0.0	223.340635788	0.0	0.624254405741	0.507750432828	1001.0
