-628.893131071	-0.0	69.6623095174	0.0	0.816468454197	0.2339257113	1001.0
-1201.96925258	-0.0	124.755328363	0.0	0.731082686607	0.439814098388	1001.0
-1733.64072559	-0.0	189.255771538	0.0	0.739347609567	0.545175970906	1001.0
-2269.99930129	-0.0	314.956411164	0.0	0.922833967255	0.777201108887	1001.0
-2809.01932501	-0.0	654.90554714	0.0	1.5350875492	1.41858357629	1001.0
-3061.99132749	-0.0	994.223314426	0.0	2.11864025112	2.01272474857	1001.0
-3280.46565817	-0.0	1534.5964075	0.0	2.99752419297	2.90043860277	1001.0
-3456.60996275	-0.0	2331.57688797	0.0	4.20415658253	4.11453442465	1001.0
-3542.50000699	-0.0	3553.58672915	0.0	5.94966965575	5.86645263013	1001.0
-4455.34307058	-0.0	566.203231149	0.0	2.49103718606	2.40782016044	1001.0
-4186.52207224	-0.0	1527.97774127	0.0	4.63964712653	4.55643010092	1001.0
-4053.01776888	-0.0	431.937685364	0.0	1.61140048612	1.52177832824	1001.0
-3855.4087925	-0.0	1100.52200523	0.0	3.04510564903	2.95548349116	1001.0
-3670.58505506	-0.0	343.159623841	0.0	1.16572700722	1.06864141703	1001.0
-3533.57474124	-0.0	782.292793224	0.0	2.0924243426	1.99533875241	1001.0
-3320.71178485	-0.0	253.783308907	0.0	0.824948484928	0.719032982379	1001.0
-3216.17302943	-0.0	555.053946549	0.0	1.49352932511	1.38761382256	1001.0
-2980.55790213	-0.0	208.4757685	0.0	0.676611253072	0.560107280159	1001.0
-2905.09812445	-0.0	400.981589621	0.0	1.12077465463	1.00427068172	1001.0
