-752.115223655	-0.0	67.2258188543	0.0	0.787911867728	0.205369124831	1001.0
-1437.79788758	-0.0	113.692104117	0.0	0.666250732647	0.374982144429	1001.0
-2070.2749073	-0.0	164.74139553	0.0	0.643579617106	0.449407978446	1001.0
-2704.66839677	-0.0	271.074325702	0.0	0.794257829151	0.648624970784	1001.0
-3340.78510905	-0.0	569.56634101	0.0	1.33505389036	1.21854991745	1001.0
-3638.57498057	-0.0	869.993966474	0.0	1.8539137122	1.74799820965	1001.0
-3907.52108306	-0.0	1327.11306143	0.0	2.5922473746	2.49516178441	1001.0
-4126.98870869	-0.0	2001.96029972	0.0	3.60981214707	3.52018998919	1001.0
-4282.92455918	-0.0	2956.76879855	0.0	4.95043429094	4.86721726533	1001.0
-5218.18108836	-0.0	-264.795073208	-0.0	-1.16497811697	-1.24819514258	1001.0
-4940.27270868	-0.0	752.525555315	0.0	2.28501563607	2.20179861045	1001.0
-4774.90968075	-0.0	-85.1496160777	-0.0	-0.317661869731	-0.407284027609	1001.0
-4553.71657625	-0.0	653.449422243	0.0	1.80807154929	1.71844939141	1001.0
-4346.87977382	-0.0	-0.755782757854	-0.0	-0.00256742434486	-0.0996530145362	1001.0
-4180.34877943	-0.0	511.6136611	0.0	1.36842993795	1.27134434776	1001.0
-3935.01575027	-0.0	41.8481160396	0.0	0.136031562015	0.0301160594666	1001.0
-3814.08772205	-0.0	379.252127387	0.0	1.02048490491	0.91456940236	1001.0
-3544.74293727	-0.0	58.976745637	0.0	0.191409918067	0.0749059451543	1001.0
-3454.98221225	-0.0	278.4061463	0.0	0.778166780082	0.661662807169	1001.0
