-776.057727551	-0.0	62.2350216535	0.0	0.729417848452	0.146875105555	1001.0
-1485.26720598	-0.0	95.3351469944	0.0	0.558676541574	0.267407953356	1001.0
-2142.12593569	-0.0	126.399154583	0.0	0.493791613499	0.299619974838	1001.0
-2807.04717941	-0.0	205.623000516	0.0	0.602483018599	0.456850160232	1001.0
-3483.82850047	-0.0	477.524711316	0.0	1.11930986381	1.0028058909	1001.0
-3806.82815529	-0.0	771.302818526	0.0	1.64360780261	1.53769230006	1001.0
-4102.17353316	-0.0	1236.5037156	0.0	2.41526031475	2.31817472456	1001.0
-4349.33245565	-0.0	1942.92113331	0.0	3.50335633969	3.41373418181	1001.0
-4528.44525269	-0.0	2976.03079641	0.0	4.98268410863	4.89946708301	1001.0
-5555.55019064	-0.0	-123.773700985	-0.0	-0.544548096598	-0.627765122212	1001.0
-5227.87827608	-0.0	861.320806071	0.0	2.61536833619	2.53215131058	1001.0
-5039.09441916	-0.0	-64.400158285	-0.0	-0.240253281625	-0.329875439503	1001.0
-4794.08906812	-0.0	647.001449935	0.0	1.79023023689	1.70060807901	1001.0
-4560.42390975	-0.0	-35.9797381553	-0.0	-0.122224613755	-0.219310203947	1001.0
-4383.68594281	-0.0	452.215141819	0.0	1.20955475882	1.11246916863	1001.0
-4112.23681989	-0.0	-19.7874747493	-0.0	-0.0643212013639	-0.170236703912	1001.0
-3985.00692941	-0.0	302.769581973	0.0	0.814687026802	0.708771524253	1001.0
-3692.57273968	-0.0	-8.49894524353	-0.0	-0.0275834550576	-0.144087427971	1001.0
-3599.36380576	-0.0	200.653111467	0.0	0.560841014967	0.444337042054	1001.0
