-695.865005235	-0.0	68.0553626403	0.0	0.797634432733	0.215091689836	1001.0
-1330.31474978	-0.0	117.461571327	0.0	0.68834030791	0.397071719692	1001.0
-1916.41894925	-0.0	173.575678409	0.0	0.678091673863	0.483920035202	1001.0
-2506.49826369	-0.0	286.200562054	0.0	0.838578262736	0.692945404368	1001.0
-3099.34622372	-0.0	598.289044017	0.0	1.40237942144	1.28587544853	1001.0
-3377.1791903	-0.0	912.753577444	0.0	1.9450323086	1.83911680605	1001.0
-3625.04825305	-0.0	1399.11837214	0.0	2.73289520867	2.63580961848	1001.0
-3824.12869015	-0.0	2124.27437692	0.0	3.83036139657	3.74073923869	1001.0
-3953.35786292	-0.0	3176.69620361	0.0	5.31865251891	5.23543549329	1001.0
-4862.16504339	-0.0	66.6826800932	0.0	0.293373521449	0.210156495835	1001.0
-4596.77666865	-0.0	1053.69234921	0.0	3.1994973148	3.11628028919	1001.0
-4442.84889584	-0.0	120.243932483	0.0	0.448585844256	0.358963686378	1001.0
-4234.66365604	-0.0	829.377032863	0.0	2.29485705505	2.20523489718	1001.0
-4038.6291078	-0.0	132.419992194	0.0	0.449836025198	0.352750435007	1001.0
-3885.17664672	-0.0	616.958317686	0.0	1.65019876634	1.55311317615	1001.0
-3653.31345381	-0.0	126.703765297	0.0	0.411863489631	0.305947987083	1001.0
-3540.98297827	-0.0	447.208887777	0.0	1.20334175173	1.09742624918	1001.0
-3287.62311759	-0.0	116.231628684	0.0	0.377231505112	0.260727532199	1001.0
-3204.89631468	-0.0	323.58608879	0.0	0.904448224795	0.787944251882	1001.0
