-761.046481514	-0.0	64.0528427946	0.0	0.750723395559	0.168180652663	1001.0
-1455.98011854	-0.0	102.073268691	0.0	0.598162823861	0.306894235642	1001.0
-2098.74064583	-0.0	140.605527736	0.0	0.54929030686	0.355118668199	1001.0
-2747.64325658	-0.0	229.816619558	0.0	0.673371219794	0.527738361427	1001.0
-3404.86872934	-0.0	512.108319768	0.0	1.20037325833	1.08386928542	1001.0
-3716.44410373	-0.0	809.516325575	0.0	1.7250388785	1.61912337595	1001.0
-3999.87734101	-0.0	1274.45419894	0.0	2.48938892042	2.39230333023	1001.0
-4234.51895422	-0.0	1974.75930028	0.0	3.56076497156	3.47114281368	1001.0
-4402.13447551	-0.0	2989.5839046	0.0	5.00537569397	4.92215866836	1001.0
-5388.58579631	-0.0	-141.345677715	-0.0	-0.621856817317	-0.705073842932	1001.0
-5082.51743417	-0.0	852.142656356	0.0	2.58749922868	2.50428220306	1001.0
-4903.48963042	-0.0	-51.29185297	-0.0	-0.191351020321	-0.2809731782	1001.0
-4669.67112689	-0.0	666.515449288	0.0	1.84422478619	1.75460262831	1001.0
-4446.95653716	-0.0	-10.425536376	-0.0	-0.0354159652649	-0.132501555456	1001.0
-4275.98637647	-0.0	483.341717123	0.0	1.29281003668	1.19572444649	1001.0
-4015.38671028	-0.0	10.4104711215	0.0	0.0338402963382	-0.0720752062103	1001.0
-3891.87060527	-0.0	336.121488158	0.0	0.904429745046	0.798514242498	1001.0
-3609.52234878	-0.0	20.8229282811	0.0	0.0675811280049	-0.0489228449082	1001.0
-3518.64113518	-0.0	232.145937619	0.0	0.648865907549	0.532361934636	1001.0
