
-1096.00370516	0.0	0.0	0.0	0.57712796237	0.0	0.0
-2100.64222149	0.0	0.0	0.0	0.260191273968	0.0	0.0
-3062.25323848	0.0	0.0	0.0	0.00860382540034	0.0	0.0
-4047.47793538	0.0	0.0	0.0	0.018594556534	0.0	0.0
-5069.07228628	0.0	0.0	0.0	0.477087093755	0.0	0.0
-5581.06957795	0.0	0.0	0.0	0.996350178998	0.0	0.0
-6065.24602902	0.0	0.0	0.0	1.8423307179	0.0	0.0
-6507.09125787	0.0	0.0	0.0	3.02190771516	0.0	0.0
-6867.11460171	0.0	0.0	0.0	4.72895144963	0.0	0.0
-8409.16165966	0.0	0.0	0.0	-4.86285783665	0.0	0.0
-7801.74737129	0.0	0.0	0.0	0.732918499393	0.0	0.0
-7470.27545612	0.0	0.0	0.0	-3.01246543973	0.0	0.0
-7073.65159103	0.0	0.0	0.0	0.353279514812	0.0	0.0
-6684.89303059	0.0	0.0	0.0	-2.10918304753	0.0	0.0
-6428.10821263	0.0	0.0	0.0	-0.0614530488305	0.0	0.0
-5991.71140679	0.0	0.0	0.0	-1.63625934189	0.0	0.0
-5807.15034907	0.0	0.0	0.0	-0.250833907906	0.0	0.0
-5356.8003457	0.0	0.0	0.0	-1.26624583882	0.0	0.0
-5218.70535594	0.0	0.0	0.0	-0.365322769105	0.0	0.0