
-1029.06444577	0.0	0.0	0.0	0.667791625512	0.0	0.0
-1966.76370242	0.0	0.0	0.0	0.441518600648	0.0	0.0
-2861.43545993	0.0	0.0	0.0	0.280594815352	0.0	0.0
-3779.72089826	0.0	0.0	0.0	0.38124920851	0.0	0.0
-4734.3759894	0.0	0.0	0.0	0.930405409383	0.0	0.0
-5212.9036522	0.0	0.0	0.0	1.49500032508	0.0	0.0
-5663.61047386	0.0	0.0	0.0	2.38631269515	0.0	0.0
-6071.98607032	0.0	0.0	0.0	3.61122152765	0.0	0.0
-6398.53978604	0.0	0.0	0.0	5.36359709156	0.0	0.0
-7799.5949998	0.0	0.0	0.0	-2.6546067821	0.0	0.0
-7272.77093851	0.0	0.0	0.0	2.04740547343	0.0	0.0
-6956.04568416	0.0	0.0	0.0	-1.53990458449	0.0	0.0
-6603.34023015	0.0	0.0	0.0	1.34565479814	0.0	0.0
-6235.72492179	0.0	0.0	0.0	-1.02873414158	0.0	0.0
-6004.88571183	0.0	0.0	0.0	0.733889286206	0.0	0.0
-5593.75564224	0.0	0.0	0.0	-0.79655718404	0.0	0.0
-5425.15377827	0.0	0.0	0.0	0.411177264238	0.0	0.0
-5002.74270844	0.0	0.0	0.0	-0.588167848325	0.0	0.0
-4874.93347315	0.0	0.0	0.0	0.196446351635	0.0	0.0