
105.412118517
132.308145057
163.939946869
200.912559637
243.905522054
293.688474663
351.146641348
417.332773712
493.64536156
131.093035
154.253612062
175.139280018
214.383356304
260.028574222
312.908324576
373.990265678
444.451165082
522.372123314
139.458155856
164.062601888
192.084274918
223.91221466
270.887670093
326.05855058
389.858985363
463.577555099
544.554102404
145.393181551
171.10769176
200.415703709
233.730836413
271.509841952
314.257593963
398.505263581
474.378652833
125.677912096
148.813142128
175.285472518
205.487846924
239.85459677
278.866076246
323.054118067
373.008596713
429.385554933
126.28348981
149.738100041
176.610214834
207.307082192
242.279454644
282.026542467
327.101859388
378.120277863
435.766801152
500.807916339
574.107172996
175.200353732
205.997048016
241.133222826
281.12186855
326.5324975
377.998563772
436.22669492
502.00865763
576.237804991
659.933799983
754.285523365
236.65596114
276.40966104
321.621247713
372.936102311
431.07483697
496.845558668
571.160650876
655.061831101
749.763200289
856.746386598
973.301874694
312.760387894
363.358899859
420.77273537
485.817440401
559.413742982
642.611985492
736.633086785
842.955094734
963.636508823
200.960895904
230.025514644
405.899500624
469.558442484
541.690991922
623.343737091
715.728240161
820.295204702
938.963295261
195.540580729
224.190180353
256.441339162
292.690622479
518.798585458
598.1474606
688.034622342
789.867165653
905.42896667
188.251906034
216.223919995
247.759792533
283.256956656
323.153545223
367.932727809
654.635305469
752.883277554
864.400711317
179.378482248
206.438538479
236.995308771
271.443827846
310.220008852
353.805003028
402.730206816
457.583107683