
-1056.60180228	0.0	0.0	0.0	0.630494564909	0.0	0.0
-2021.83841555	0.0	0.0	0.0	0.36692447928	0.0	0.0
-2944.04752961	0.0	0.0	0.0	0.168703633327	0.0	0.0
-3889.87032411	0.0	0.0	0.0	0.232060966342	0.0	0.0
-4872.0627719	0.0	0.0	0.0	0.743920106403	0.0	0.0
-5364.35911262	0.0	0.0	0.0	1.28986649226	0.0	0.0
-5828.83461242	0.0	0.0	0.0	2.16253033219	0.0	0.0
-6250.97888824	0.0	0.0	0.0	3.36879063288	0.0	0.0
-6591.30128157	0.0	0.0	0.0	5.10251766736	0.0	0.0
-8042.12567642	0.0	0.0	0.0	-3.53321228608	0.0	0.0
-7483.78100172	0.0	0.0	0.0	1.52305322957	0.0	0.0
-7160.69818365	0.0	0.0	0.0	-2.12595244891	0.0	0.0
-6791.86285886	0.0	0.0	0.0	0.947864711328	0.0	0.0
-6415.03832246	0.0	0.0	0.0	-1.46006255466	0.0	0.0
-6175.37146429	0.0	0.0	0.0	0.413503351636	0.0	0.0
-5753.27478866	0.0	0.0	0.0	-1.13314879397	0.0	0.0
-5579.68138747	0.0	0.0	0.0	0.143376421215	0.0	0.0
-5145.2397352	0.0	0.0	0.0	-0.861072842853	0.0	0.0
-5014.47907987	0.0	0.0	0.0	-0.03158978721	0.0	0.0