
-1034.60223492	0.0	0.0	0.0	0.660291150383	0.0	0.0
-1977.83928075	0.0	0.0	0.0	0.426517650359	0.0	0.0
-2878.04882741	0.0	0.0	0.0	0.258093389924	0.0	0.0
-3801.87205483	0.0	0.0	0.0	0.351247308046	0.0	0.0
-4762.06493515	0.0	0.0	0.0	0.892903033748	0.0	0.0
-5243.36149245	0.0	0.0	0.0	1.45374771198	0.0	0.0
-5696.83720867	0.0	0.0	0.0	2.34130984451	0.0	0.0
-6107.98169993	0.0	0.0	0.0	3.56246843915	0.0	0.0
-6437.30431009	0.0	0.0	0.0	5.31109376566	0.0	0.0
-7842.20070633	0.0	0.0	0.0	-2.80895265199	0.0	0.0
-7309.14688066	0.0	0.0	0.0	1.95701259547	0.0	0.0
-6991.20696431	0.0	0.0	0.0	-1.64059327969	0.0	0.0
-6636.50080506	0.0	0.0	0.0	1.27568469396	0.0	0.0
-6266.71788222	0.0	0.0	0.0	-1.10328598426	0.0	0.0
-6035.61705406	0.0	0.0	0.0	0.676137305992	0.0	0.0
-5621.81459007	0.0	0.0	0.0	-0.855762656453	0.0	0.0
-5453.62401953	0.0	0.0	0.0	0.361837507747	0.0	0.0
-5028.31205995	0.0	0.0	0.0	-0.63713731732	0.0	0.0
-4901.11389597	0.0	0.0	0.0	0.153664047882	0.0	0.0