
-1056.54599617	0.0	0.0	0.0	0.630570149646	0.0	0.0
-2021.72680333	0.0	0.0	0.0	0.367075648755	0.0	0.0
-2943.88011128	0.0	0.0	0.0	0.168930387541	0.0	0.0
-3889.64709967	0.0	0.0	0.0	0.232363305292	0.0	0.0
-4871.78374135	0.0	0.0	0.0	0.74429803009	0.0	0.0
-5364.05217901	0.0	0.0	0.0	1.29028220831	0.0	0.0
-5828.49977576	0.0	0.0	0.0	2.16298384062	0.0	0.0
-6250.61614852	0.0	0.0	0.0	3.36928193368	0.0	0.0
-6590.9106388	0.0	0.0	0.0	5.10304676052	0.0	0.0
-8044.93704889	0.0	0.0	0.0	-3.54339692484	0.0	0.0
-7487.60934315	0.0	0.0	0.0	1.51353994196	0.0	0.0
-7164.24810576	0.0	0.0	0.0	-2.13611809202	0.0	0.0
-6794.97143975	0.0	0.0	0.0	0.941305484614	0.0	0.0
-6418.27223347	0.0	0.0	0.0	-1.46784154775	0.0	0.0
-6177.69548757	0.0	0.0	0.0	0.40913592291	0.0	0.0
-5755.90512632	0.0	0.0	0.0	-1.13869890885	0.0	0.0
-5581.35024029	0.0	0.0	0.0	0.140484250715	0.0	0.0
-5147.26242335	0.0	0.0	0.0	-0.864946619806	0.0	0.0
-5015.63956687	0.0	0.0	0.0	-0.033486177786	0.0	0.0