
-1094.76951058	0.0	0.0	0.0	0.578799576346	0.0	0.0
-2098.17383233	0.0	0.0	0.0	0.263534501929	0.0	0.0
-3058.55065474	0.0	0.0	0.0	0.0136186673403	0.0	0.0
-4042.54115707	0.0	0.0	0.0	0.0252810124301	0.0	0.0
-5062.90131338	0.0	0.0	0.0	0.485445163637	0.0	0.0
-5574.28150778	0.0	0.0	0.0	1.00554405585	0.0	0.0
-6057.84086156	0.0	0.0	0.0	1.85236040173	0.0	0.0
-6499.06899308	0.0	0.0	0.0	3.03277320605	0.0	0.0
-6858.47523966	0.0	0.0	0.0	4.74065274746	0.0	0.0
-8402.05591577	0.0	0.0	0.0	-4.83711616233	0.0	0.0
-7801.05582394	0.0	0.0	0.0	0.734636969114	0.0	0.0
-7468.54450738	0.0	0.0	0.0	-3.00750865291	0.0	0.0
-7072.8387881	0.0	0.0	0.0	0.354994560641	0.0	0.0
-6684.3759696	0.0	0.0	0.0	-2.10793928607	0.0	0.0
-6426.47196001	0.0	0.0	0.0	-0.0583781154737	0.0	0.0
-5991.02365046	0.0	0.0	0.0	-1.63480814928	0.0	0.0
-5804.75015562	0.0	0.0	0.0	-0.246674302822	0.0	0.0
-5355.5925447	0.0	0.0	0.0	-1.26393270337	0.0	0.0
-5215.77696144	0.0	0.0	0.0	-0.360537381806	0.0	0.0