
-1067.59194907	0.0	0.0	0.0	0.615609324527	0.0	0.0
-2043.81870919	0.0	0.0	0.0	0.337153998451	0.0	0.0
-2977.01797006	0.0	0.0	0.0	0.124047912096	0.0	0.0
-3933.83091122	0.0	0.0	0.0	0.172520004913	0.0	0.0
-4927.01350587	0.0	0.0	0.0	0.669493904508	0.0	0.0
-5424.80491985	0.0	0.0	0.0	1.20799767036	0.0	0.0
-5894.775493	0.0	0.0	0.0	2.07321889016	0.0	0.0
-6322.41484266	0.0	0.0	0.0	3.27203657006	0.0	0.0
-6668.23230913	0.0	0.0	0.0	4.9983209847	0.0	0.0
-8150.99482379	0.0	0.0	0.0	-3.92760788761	0.0	0.0
-7582.10145041	0.0	0.0	0.0	1.27873053184	0.0	0.0
-7255.78561649	0.0	0.0	0.0	-2.39824712933	0.0	0.0
-6878.50474529	0.0	0.0	0.0	0.765046957491	0.0	0.0
-6498.48425835	0.0	0.0	0.0	-1.66078711273	0.0	0.0
-6252.07088846	0.0	0.0	0.0	0.269365695902	0.0	0.0
-5826.58715367	0.0	0.0	0.0	-1.28784073861	0.0	0.0
-5647.75668302	0.0	0.0	0.0	0.0253999532313	0.0	0.0
-5209.61523511	0.0	0.0	0.0	-0.98436240089	0.0	0.0
-5074.82312205	0.0	0.0	0.0	-0.130200002916	0.0	0.0