
-1118.7105953	0.0	0.0	0.0	0.546373366969	0.0	0.0
-2146.05600187	0.0	0.0	0.0	0.198682083033	0.0	0.0
-3130.37390904	0.0	0.0	0.0	-0.0836599609798	0.0	0.0
-4138.3054958	0.0	0.0	0.0	-0.104423824867	0.0	0.0
-5182.60673697	0.0	0.0	0.0	0.32331411678	0.0	0.0
-5705.95747344	0.0	0.0	0.0	0.827199904701	0.0	0.0
-6201.48736947	0.0	0.0	0.0	1.65780314603	0.0	0.0
-6654.68604432	0.0	0.0	0.0	2.82200284436	0.0	0.0
-7026.0628327	0.0	0.0	0.0	4.51366928184	0.0	0.0
-8626.90441088	0.0	0.0	0.0	-5.65166518402	0.0	0.0
-7997.20845589	0.0	0.0	0.0	0.247204895295	0.0	0.0
-7659.28840463	0.0	0.0	0.0	-3.55372750639	0.0	0.0
-7246.54608612	0.0	0.0	0.0	-0.0115346015719	0.0	0.0
-6850.85513379	0.0	0.0	0.0	-2.50839565707	0.0	0.0
-6581.96629655	0.0	0.0	0.0	-0.350591380314	0.0	0.0
-6138.00674792	0.0	0.0	0.0	-1.94494820778	0.0	0.0
-5944.40501948	0.0	0.0	0.0	-0.488700245412	0.0	0.0
-5485.80599351	0.0	0.0	0.0	-1.51331264724	0.0	0.0
-5340.9219605	0.0	0.0	0.0	-0.565041006461	0.0	0.0