
-1121.97960301	0.0	0.0	0.0	0.541945767734	0.0	0.0
-2152.59401731	0.0	0.0	0.0	0.189826884543	0.0	0.0
-3140.18093219	0.0	0.0	0.0	-0.0969427587116	0.0	0.0
-4151.38152661	0.0	0.0	0.0	-0.12213422178	0.0	0.0
-5198.95177551	0.0	0.0	0.0	0.301176120607	0.0	0.0
-5723.93701579	0.0	0.0	0.0	0.802848108965	0.0	0.0
-6221.10141567	0.0	0.0	0.0	1.6312375507	0.0	0.0
-6675.9345945	0.0	0.0	0.0	2.79322344923	0.0	0.0
-7048.94588665	0.0	0.0	0.0	4.4826760872	0.0	0.0
-8656.85840703	0.0	0.0	0.0	-5.76017824409	0.0	0.0
-8021.72528078	0.0	0.0	0.0	0.186281487431	0.0	0.0
-7683.46276425	0.0	0.0	0.0	-3.62295378928	0.0	0.0
-7268.25710863	0.0	0.0	0.0	-0.0573457044053	0.0	0.0
-6871.6342866	0.0	0.0	0.0	-2.55837875355	0.0	0.0
-6601.6080679	0.0	0.0	0.0	-0.387503246435	0.0	0.0
-6156.37761301	0.0	0.0	0.0	-1.98371144841	0.0	0.0
-5962.27116312	0.0	0.0	0.0	-0.519662792189	0.0	0.0
-5502.21591245	0.0	0.0	0.0	-1.54474031236	0.0	0.0
-5357.1237292	0.0	0.0	0.0	-0.591516858075	0.0	0.0