
-1035.58701957	0.0	0.0	0.0	0.658957341428	0.0	0.0
-1979.80885005	0.0	0.0	0.0	0.423850032442	0.0	0.0
-2881.00318137	0.0	0.0	0.0	0.254091963049	0.0	0.0
-3805.81119342	0.0	0.0	0.0	0.345912072232	0.0	0.0
-4766.98885839	0.0	0.0	0.0	0.886233988972	0.0	0.0
-5248.77780801	0.0	0.0	0.0	1.44641176274	0.0	0.0
-5702.74591655	0.0	0.0	0.0	2.3333069908	0.0	0.0
-6114.38280017	0.0	0.0	0.0	3.55379868091	0.0	0.0
-6444.19780263	0.0	0.0	0.0	5.30175710297	0.0	0.0
-7862.84339711	0.0	0.0	0.0	-2.88373404455	0.0	0.0
-7329.18133882	0.0	0.0	0.0	1.90722770403	0.0	0.0
-7010.70443279	0.0	0.0	0.0	-1.69642670362	0.0	0.0
-6653.14748072	0.0	0.0	0.0	1.24055956016	0.0	0.0
-6283.6027322	0.0	0.0	0.0	-1.14390155188	0.0	0.0
-6049.16400551	0.0	0.0	0.0	0.650679151065	0.0	0.0
-5635.90023863	0.0	0.0	0.0	-0.885483923345	0.0	0.0
-5464.630418	0.0	0.0	0.0	0.342763098939	0.0	0.0
-5039.87444835	0.0	0.0	0.0	-0.659281172624	0.0	0.0
-4910.07178143	0.0	0.0	0.0	0.139025667922	0.0	0.0