-1070.25141793	3.26456753657	52.8001799775	0.662075980805	0.618838849734	6.95149662757e-310
-2047.77083804	43.8302612506	77.9261323656	8.77429548752	0.456658077098	0.0
-2719.34188684	4.15525810992	73.5379283094	4.29066210963	0.287284078407	0.0
-3467.15169823	6.16218975828	103.577857785	5.24971635278	0.303487402906	0.0
-4280.98373432	2.66220060461	336.016238375	6.25544775909	0.787617527314	0.0
-4707.47719043	3.1169473305	638.971200388	8.53287506423	1.36161769384	0.0
-5106.91255236	2.86600228893	1197.70830928	8.1481380041	2.33948469618	0.0
-5491.81870546	7.72715536656	1988.83851021	22.2142369024	3.58615691145	0.0
-5776.3290039	9.79053638207	3321.17997312	29.7827143604	5.56056562206	0.0
-6796.23188496	4.40017180071	-288.073147424	15.9035504249	-1.26739290388	0.0
-6486.90374634	4.62692532584	822.330142951	15.7570030143	2.49697825004	0.0
-6163.76382519	4.34161194262	-311.455644131	14.6862943043	-1.16192802127	0.0
-5921.87861426	4.34338742681	517.978004969	12.3955753519	1.43322897313	0.0
-5576.05374277	6.77423906385	-308.579970056	19.7498179148	-1.04826004782	0.0
-5401.16497171	7.10780374015	243.31939174	24.4026150584	0.65081534289	0.0
-5013.79117165	2.63598134806	-238.502085355	6.01465112678	-0.775276429837	0.0
-4885.30113854	2.87218293658	108.576107861	8.26368809723	0.292155088603	0.0
-4515.37826302	2.62699923972	-180.95959583	6.17639651648	-0.587307946282	0.0
-4406.47066906	3.07629325594	24.9672032868	6.74619854203	0.0697853709899	0.0
