-951.71758204	1.44553638661	57.220758762	0.342009127	0.670649769534	6.92343369989e-310
-1772.47135018	1.8242280516	81.7904783405	0.935718648848	0.479303687095	0.0
-2472.33725015	1.69632325764	102.714298113	1.70190272489	0.401264805128	0.0
-3182.82981764	1.46303906221	162.625448947	2.540067883	0.476499284721	0.0
-3954.98104947	1.4755967598	438.019203384	3.78995510545	1.02671110049	0.0
-4348.54121464	1.51364944116	752.531865351	4.20196081181	1.60361015085	0.0
-4718.81971886	1.64144372753	1302.04782528	4.86292754524	2.54329116476	0.0
-5048.00781933	1.80717444262	2146.68788072	5.58768219988	3.87078163495	0.0
-5302.87106302	2.09117806938	3440.13810482	6.62503053375	5.75973414135	0.0
-6305.50245458	0.885234372251	-98.1676033358	3.02815626877	-0.431893513755	0.0
-5993.53597184	1.30197858301	1013.58738619	4.30652101277	3.07772453621	0.0
-5711.66535174	1.03488468537	-122.856149409	3.385900934	-0.458331724832	0.0
-5475.70354353	1.33566944383	684.48732987	4.27704489347	1.89395507821	0.0
-5160.60803796	1.09126532778	-133.726836186	3.46030279283	-0.454276081722	0.0
-4988.80789084	1.31513957765	418.686884854	4.03246910878	1.11987723864	0.0
-4646.56086394	1.1118277582	-118.37666331	3.29459494296	-0.38479595166	0.0
-4519.58245807	1.30317085746	239.00641041	3.81627196391	0.643115141862	0.0
-4174.79471383	1.22819866792	-84.7736290626	2.99170482145	-0.275134489305	0.0
-4071.66275277	1.32968942072	135.394660904	3.37488147914	0.378439128032	0.0
