
-1168.63193964	0.0	0.0	0.0	0.478759055315	0.0	0.0
-2245.89869076	0.0	0.0	0.0	0.0634534594292	0.0	0.0
-3280.13794233	0.0	0.0	0.0	-0.286502896334	0.0	0.0
-4337.99087281	0.0	0.0	0.0	-0.374881071042	0.0	0.0
-5432.21345859	0.0	0.0	0.0	-0.0147574414288	0.0	0.0
-5980.52486661	0.0	0.0	0.0	0.455321191496	0.0	0.0
-6501.01543459	0.0	0.0	0.0	1.2521172773	0.0	0.0
-6979.17478362	0.0	0.0	0.0	2.38250981706	0.0	0.0
-7375.51224299	0.0	0.0	0.0	4.04036910031	0.0	0.0
-9073.45912279	0.0	0.0	0.0	-7.26937983022	0.0	0.0
-8387.17737003	0.0	0.0	0.0	-0.72185350912	0.0	0.0
-8037.45245983	0.0	0.0	0.0	-4.6366472728	0.0	0.0
-7594.3047128	0.0	0.0	0.0	-0.74531884407	0.0	0.0
-7182.18114724	0.0	0.0	0.0	-3.30538195626	0.0	0.0
-6895.59547221	0.0	0.0	0.0	-0.939980083489	0.0	0.0
-6432.26404568	0.0	0.0	0.0	-2.56584256315	0.0	0.0
-6227.92740674	0.0	0.0	0.0	-0.980052792189	0.0	0.0
-5748.08526165	0.0	0.0	0.0	-2.01562012595	0.0	0.0
-5596.36561375	0.0	0.0	0.0	-0.982470015853	0.0	0.0