
-1020.6231874	0.0	0.0	0.0	0.679224608376	0.0	0.0
-1949.88118564	0.0	0.0	0.0	0.464384566428	0.0	0.0
-2836.11168476	0.0	0.0	0.0	0.314893764013	0.0	0.0
-3745.95586483	0.0	0.0	0.0	0.426981139895	0.0	0.0
-4692.16969754	0.0	0.0	0.0	0.987570323697	0.0	0.0
-5166.47673126	0.0	0.0	0.0	1.55788173069	0.0	0.0
-5612.96292377	0.0	0.0	0.0	2.45491059214	0.0	0.0
-6017.11789071	0.0	0.0	0.0	3.68553591654	0.0	0.0
-6339.45097744	0.0	0.0	0.0	5.4436279716	0.0	0.0
-7705.7051653	0.0	0.0	0.0	-2.31447609633	0.0	0.0
-7187.55448509	0.0	0.0	0.0	2.25916522501	0.0	0.0
-6873.28897301	0.0	0.0	0.0	-1.30292045797	0.0	0.0
-6529.29676999	0.0	0.0	0.0	1.50188938201	0.0	0.0
-6163.54367875	0.0	0.0	0.0	-0.855106175697	0.0	0.0
-5940.42851403	0.0	0.0	0.0	0.855020696075	0.0	0.0
-5531.10348401	0.0	0.0	0.0	-0.664358690779	0.0	0.0
-5368.83191087	0.0	0.0	0.0	0.508784699238	0.0	0.0
-4948.47083447	0.0	0.0	0.0	-0.484228378099	0.0	0.0
-4825.68659397	0.0	0.0	0.0	0.276922322479	0.0	0.0