
-1043.48081024	0.0	0.0	0.0	0.648265858071	0.0	0.0
-1995.59643141	0.0	0.0	0.0	0.402467065682	0.0	0.0
-2904.6845534	0.0	0.0	0.0	0.222017512918	0.0	0.0
-3837.38635602	0.0	0.0	0.0	0.303146138876	0.0	0.0
-4806.4578117	0.0	0.0	0.0	0.832776572199	0.0	0.0
-5292.19365655	0.0	0.0	0.0	1.38760860442	0.0	0.0
-5750.10866039	0.0	0.0	0.0	2.26915809085	0.0	0.0
-6165.69243966	0.0	0.0	0.0	3.48430403884	0.0	0.0
-6499.45433727	0.0	0.0	0.0	5.22691671949	0.0	0.0
-7928.2167228	0.0	0.0	0.0	-3.12055919413	0.0	0.0
-7385.97070435	0.0	0.0	0.0	1.76610822001	0.0	0.0
-7065.58765278	0.0	0.0	0.0	-1.85359162439	0.0	0.0
-6704.39719516	0.0	0.0	0.0	1.13242066726	0.0	0.0
-6331.93418738	0.0	0.0	0.0	-1.26016017944	0.0	0.0
-6096.00610455	0.0	0.0	0.0	0.562650975918	0.0	0.0
-5679.26538135	0.0	0.0	0.0	-0.976986062947	0.0	0.0
-5507.47053677	0.0	0.0	0.0	0.268519926594	0.0	0.0
-5078.9512783	0.0	0.0	0.0	-0.734119660878	0.0	0.0
-4949.03821213	0.0	0.0	0.0	0.0753493214694	0.0	0.0