
-1132.93737832	0.0	0.0	0.0	0.52710437184	0.0	0.0
-2174.50956797	0.0	0.0	0.0	0.16014409269	0.0	0.0
-3173.05425818	0.0	0.0	0.0	-0.14146694648	0.0	0.0
-4195.21262778	0.0	0.0	0.0	-0.181499805259	0.0	0.0
-5253.74065205	0.0	0.0	0.0	0.22696914115	0.0	0.0
-5784.20477985	0.0	0.0	0.0	0.721220431743	0.0	0.0
-6286.84806733	0.0	0.0	0.0	1.5421891756	0.0	0.0
-6747.16013426	0.0	0.0	0.0	2.69675437558	0.0	0.0
-7125.65031381	0.0	0.0	0.0	4.37878631595	0.0	0.0
-8734.91885775	0.0	0.0	0.0	-6.0429644986	0.0	0.0
-8089.06232797	0.0	0.0	0.0	0.0189514025394	0.0	0.0
-7748.0494678	0.0	0.0	0.0	-3.80790584108	0.0	0.0
-7330.51185177	0.0	0.0	0.0	-0.188705636349	0.0	0.0
-6929.14419107	0.0	0.0	0.0	-2.69671563043	0.0	0.0
-6660.02834317	0.0	0.0	0.0	-0.497289748938	0.0	0.0
-6209.05470305	0.0	0.0	0.0	-2.0948621594	0.0	0.0
-6016.91361841	0.0	0.0	0.0	-0.614359757145	0.0	0.0
-5550.71869587	0.0	0.0	0.0	-1.63763103538	0.0	0.0
-5407.7345225	0.0	0.0	0.0	-0.67422164656	0.0	0.0