
-1117.44450799	0.0	0.0	0.0	0.548088177007	0.0	0.0
-2143.52382724	0.0	0.0	0.0	0.202111703115	0.0	0.0
-3126.57564709	0.0	0.0	0.0	-0.078515530857	0.0	0.0
-4133.24114655	0.0	0.0	0.0	-0.0975645847282	0.0	0.0
-5176.2763004	0.0	0.0	0.0	0.331888166967	0.0	0.0
-5698.99399322	0.0	0.0	0.0	0.836631359885	0.0	0.0
-6193.8908456	0.0	0.0	0.0	1.66809200623	0.0	0.0
-6646.45647674	0.0	0.0	0.0	2.83314910964	0.0	0.0
-7017.20022149	0.0	0.0	0.0	4.5256729521	0.0	0.0
-8593.1308261	0.0	0.0	0.0	-5.52931506363	0.0	0.0
-7967.83958345	0.0	0.0	0.0	0.320185462821	0.0	0.0
-7629.76537783	0.0	0.0	0.0	-3.46918465031	0.0	0.0
-7222.89187182	0.0	0.0	0.0	0.0383767115863	0.0	0.0
-6826.26577958	0.0	0.0	0.0	-2.44924733301	0.0	0.0
-6563.10619375	0.0	0.0	0.0	-0.315148467488	0.0	0.0
-6117.99164363	0.0	0.0	0.0	-1.90271555843	0.0	0.0
-5929.30392337	0.0	0.0	0.0	-0.462529606466	0.0	0.0
-5469.65505832	0.0	0.0	0.0	-1.48238097814	0.0	0.0
-5328.77025002	0.0	0.0	0.0	-0.545183490319	0.0	0.0