
-1111.70245242	0.0	0.0	0.0	0.555865314024	0.0	0.0
-2132.03971607	0.0	0.0	0.0	0.217665977184	0.0	0.0
-3109.34948034	0.0	0.0	0.0	-0.05518411976	0.0	0.0
-4110.2729243	0.0	0.0	0.0	-0.0664560367098	0.0	0.0
-5147.56602254	0.0	0.0	0.0	0.370773852046	0.0	0.0
-5667.41268765	0.0	0.0	0.0	0.879405613378	0.0	0.0
-6159.43851227	0.0	0.0	0.0	1.7147548282	0.0	0.0
-6609.13311539	0.0	0.0	0.0	2.88370050043	0.0	0.0
-6977.00583249	0.0	0.0	0.0	4.58011291122	0.0	0.0
-8538.15870291	0.0	0.0	0.0	-5.33016990528	0.0	0.0
-7918.91379578	0.0	0.0	0.0	0.441764245149	0.0	0.0
-7582.3644826	0.0	0.0	0.0	-3.33344629634	0.0	0.0
-7179.6264312	0.0	0.0	0.0	0.129668475856	0.0	0.0
-6784.73281959	0.0	0.0	0.0	-2.34934210754	0.0	0.0
-6524.56363401	0.0	0.0	0.0	-0.242717230017	0.0	0.0
-6081.38242486	0.0	0.0	0.0	-1.82546868143	0.0	0.0
-5894.87269614	0.0	0.0	0.0	-0.402859287824	0.0	0.0
-5437.34618094	0.0	0.0	0.0	-1.42050422039	0.0	0.0
-5298.0694101	0.0	0.0	0.0	-0.495014221955	0.0	0.0