
-1111.50111592	0.0	0.0	0.0	0.55613800757	0.0	0.0
-2131.63704308	0.0	0.0	0.0	0.218211364278	0.0	0.0
-3108.74547086	0.0	0.0	0.0	-0.0543660391197	0.0	0.0
-4109.46757832	0.0	0.0	0.0	-0.0653652625267	0.0	0.0
-5146.55934007	0.0	0.0	0.0	0.372137319777	0.0	0.0
-5666.30533693	0.0	0.0	0.0	0.880905427878	0.0	0.0
-6158.23049331	0.0	0.0	0.0	1.71639098947	0.0	0.0
-6607.82442818	0.0	0.0	0.0	2.88547300849	0.0	0.0
-6975.59647704	0.0	0.0	0.0	4.58202176604	0.0	0.0
-8552.07015097	0.0	0.0	0.0	-5.3805663129	0.0	0.0
-7937.31013417	0.0	0.0	0.0	0.396050021072	0.0	0.0
-7599.49407953	0.0	0.0	0.0	-3.38249902581	0.0	0.0
-7194.56903973	0.0	0.0	0.0	0.0981389900679	0.0	0.0
-6800.26709516	0.0	0.0	0.0	-2.38670894351	0.0	0.0
-6535.78664465	0.0	0.0	0.0	-0.263808111215	0.0	0.0
-6094.02617046	0.0	0.0	0.0	-1.85214747694	0.0	0.0
-5902.99589659	0.0	0.0	0.0	-0.416937030577	0.0	0.0
-5447.10287096	0.0	0.0	0.0	-1.43918986947	0.0	0.0
-5303.78478241	0.0	0.0	0.0	-0.504353902827	0.0	0.0