
-1280.96583448	0.0	0.0	0.0	0.610093719863	0.0	0.0
-2444.93807929	0.0	0.0	0.0	0.296043992559	0.0	0.0
-3563.15758189	0.0	0.0	0.0	0.201660305115	0.0	0.0
-4708.01659437	0.0	0.0	0.0	0.221856806235	0.0	0.0
-5919.68218045	0.0	0.0	0.0	0.754955320011	0.0	0.0
-6534.18773464	0.0	0.0	0.0	1.34232225816	0.0	0.0
-7118.12250989	0.0	0.0	0.0	2.27912734115	0.0	0.0
-7643.92745577	0.0	0.0	0.0	3.71834630233	0.0	0.0
-8083.47028663	0.0	0.0	0.0	5.64471577165	0.0	0.0
-9767.07995706	0.0	0.0	0.0	-3.36044049178	0.0	0.0
-9157.91500619	0.0	0.0	0.0	1.8207542782	0.0	0.0
-8728.37928685	0.0	0.0	0.0	-2.17175489837	0.0	0.0
-8312.53981719	0.0	0.0	0.0	1.03306767205	0.0	0.0
-7819.98472598	0.0	0.0	0.0	-1.53666864989	0.0	0.0
-7526.79324071	0.0	0.0	0.0	0.51006363976	0.0	0.0
-6998.29221125	0.0	0.0	0.0	-1.15759261053	0.0	0.0
-6792.95450092	0.0	0.0	0.0	0.150116819705	0.0	0.0
-6250.14151502	0.0	0.0	0.0	-0.939288134342	0.0	0.0
-6089.72253559	0.0	0.0	0.0	-0.0176192312917	0.0	0.0