
-1403.71835628	0.0	0.0	0.0	0.465351384318	0.0	0.0
-2690.4431229	0.0	0.0	0.0	0.00655932146935	0.0	0.0
-3931.41514729	0.0	0.0	0.0	-0.23256670152	0.0	0.0
-5199.02668158	0.0	0.0	0.0	-0.357112535944	0.0	0.0
-6533.44478946	0.0	0.0	0.0	0.0312436422849	0.0	0.0
-7209.32660455	0.0	0.0	0.0	0.546239412666	0.0	0.0
-7854.6376407	0.0	0.0	0.0	1.41067332788	0.0	0.0
-8441.81884749	0.0	0.0	0.0	2.77752112129	0.0	0.0
-8942.73793925	0.0	0.0	0.0	4.63151942284	0.0	0.0
-10746.4463698	0.0	0.0	0.0	-6.44396331901	0.0	0.0
-10042.1061137	0.0	0.0	0.0	-0.0919008802948	0.0	0.0
-9574.51071324	0.0	0.0	0.0	-4.28308486717	0.0	0.0
-9115.31586254	0.0	0.0	0.0	-0.443257352394	0.0	0.0
-8573.80818282	0.0	0.0	0.0	-3.11618119583	0.0	0.0
-8261.18101843	0.0	0.0	0.0	-0.693293960721	0.0	0.0
-7677.3533723	0.0	0.0	0.0	-2.40259555108	0.0	0.0
-7464.04134712	0.0	0.0	0.0	-0.861325590773	0.0	0.0
-6862.710929	0.0	0.0	0.0	-1.95971864562	0.0	0.0
-6699.4523358	0.0	0.0	0.0	-0.884446137471	0.0	0.0