
-1414.83752658	0.0	0.0	0.0	0.45224033247	0.0	0.0
-2712.68146349	0.0	0.0	0.0	-0.0196627822276	0.0	0.0
-3964.77265818	0.0	0.0	0.0	-0.271899857066	0.0	0.0
-5243.50336276	0.0	0.0	0.0	-0.409556743338	0.0	0.0
-6589.04064094	0.0	0.0	0.0	-0.0343116169576	0.0	0.0
-7270.48204118	0.0	0.0	0.0	0.474128627499	0.0	0.0
-7921.35266248	0.0	0.0	0.0	1.33200701679	0.0	0.0
-8514.09345441	0.0	0.0	0.0	2.69229928427	0.0	0.0
-9020.57213132	0.0	0.0	0.0	4.5397420599	0.0	0.0
-10854.6004169	0.0	0.0	0.0	-6.78448497544	0.0	0.0
-10138.716565	0.0	0.0	0.0	-0.300885653393	0.0	0.0
-9668.14169923	0.0	0.0	0.0	-4.51671985646	0.0	0.0
-9200.61662994	0.0	0.0	0.0	-0.60012757573	0.0	0.0
-8655.81897736	0.0	0.0	0.0	-3.2880212702	0.0	0.0
-8336.97857437	0.0	0.0	0.0	-0.817494781864	0.0	0.0
-7749.46036018	0.0	0.0	0.0	-2.53479779897	0.0	0.0
-7531.5161696	0.0	0.0	0.0	-0.963021664066	0.0	0.0
-6926.22969912	0.0	0.0	0.0	-2.06552949674	0.0	0.0
-6759.48542407	0.0	0.0	0.0	-0.969792623994	0.0	0.0