
-1300.51966469	0.0	0.0	0.0	0.587037028141	0.0	0.0
-2484.04573971	0.0	0.0	0.0	0.249930609114	0.0	0.0
-3621.81907251	0.0	0.0	0.0	0.132490229947	0.0	0.0
-4786.2319152	0.0	0.0	0.0	0.129630039345	0.0	0.0
-6017.4513315	0.0	0.0	0.0	0.639671861398	0.0	0.0
-6641.73380079	0.0	0.0	0.0	1.21551045369	0.0	0.0
-7235.44549115	0.0	0.0	0.0	2.14078719081	0.0	0.0
-7771.02735213	0.0	0.0	0.0	3.56847780613	0.0	0.0
-8220.3470981	0.0	0.0	0.0	5.48331892959	0.0	0.0
-9802.4684349	0.0	0.0	0.0	-3.47186066896	0.0	0.0
-9199.43300556	0.0	0.0	0.0	1.7309438119	0.0	0.0
-8760.10602412	0.0	0.0	0.0	-2.25092180922	0.0	0.0
-8365.31589564	0.0	0.0	0.0	0.936011157025	0.0	0.0
-7857.65355073	0.0	0.0	0.0	-1.61559745046	0.0	0.0
-7588.65031478	0.0	0.0	0.0	0.408705498357	0.0	0.0
-7043.23020288	0.0	0.0	0.0	-1.23998273226	0.0	0.0
-6860.21562126	0.0	0.0	0.0	0.0487428320084	0.0	0.0
-6299.96262988	0.0	0.0	0.0	-1.02228115448	0.0	0.0
-6158.42335921	0.0	0.0	0.0	-0.115288268242	0.0	0.0