
-1401.75804991	0.0	0.0	0.0	0.467662858813	0.0	0.0
-2686.52251014	0.0	0.0	0.0	0.0111822704592	0.0	0.0
-3925.53422816	0.0	0.0	0.0	-0.225632278035	0.0	0.0
-5191.18545607	0.0	0.0	0.0	-0.347866637964	0.0	0.0
-6523.64325758	0.0	0.0	0.0	0.0428010147595	0.0	0.0
-7198.54491948	0.0	0.0	0.0	0.558952522388	0.0	0.0
-7842.87580244	0.0	0.0	0.0	1.42454217485	0.0	0.0
-8429.07685604	0.0	0.0	0.0	2.7925457055	0.0	0.0
-8929.01579461	0.0	0.0	0.0	4.6476997443	0.0	0.0
-10799.060741	0.0	0.0	0.0	-6.60961900465	0.0	0.0
-10089.1622652	0.0	0.0	0.0	-0.193691307911	0.0	0.0
-9622.98685218	0.0	0.0	0.0	-4.40404612888	0.0	0.0
-9149.66963945	0.0	0.0	0.0	-0.506434798745	0.0	0.0
-8612.74898467	0.0	0.0	0.0	-3.19777521431	0.0	0.0
-8284.45551123	0.0	0.0	0.0	-0.731431220968	0.0	0.0
-7706.24002954	0.0	0.0	0.0	-2.45555686778	0.0	0.0
-7478.65921565	0.0	0.0	0.0	-0.883357213457	0.0	0.0
-6883.20916497	0.0	0.0	0.0	-1.99386502141	0.0	0.0
-6707.95762145	0.0	0.0	0.0	-0.896537740087	0.0	0.0