
-1350.90103632	0.0	0.0	0.0	0.527630367567	0.0	0.0
-2584.80848297	0.0	0.0	0.0	0.131117287967	0.0	0.0
-3772.96318739	0.0	0.0	0.0	-0.0457297517731	0.0	0.0
-4987.75740171	0.0	0.0	0.0	-0.107996602948	0.0	0.0
-6269.35818963	0.0	0.0	0.0	0.34263855853	0.0	0.0
-6918.83134474	0.0	0.0	0.0	0.888773820536	0.0	0.0
-7537.73372091	0.0	0.0	0.0	1.78434722737	0.0	0.0
-8098.50626771	0.0	0.0	0.0	3.1823345124	0.0	0.0
-8573.01669949	0.0	0.0	0.0	5.06747230558	0.0	0.0
-10252.0438443	0.0	0.0	0.0	-4.88734318846	0.0	0.0
-9601.04239025	0.0	0.0	0.0	0.86219467519	0.0	0.0
-9147.69693449	0.0	0.0	0.0	-3.21806743127	0.0	0.0
-8723.9757143	0.0	0.0	0.0	0.27642686996	0.0	0.0
-8199.14054185	0.0	0.0	0.0	-2.33112703747	0.0	0.0
-7911.44364127	0.0	0.0	0.0	-0.120219157799	0.0	0.0
-7346.50144073	0.0	0.0	0.0	-1.79600567181	0.0	0.0
-7151.00546943	0.0	0.0	0.0	-0.389527097802	0.0	0.0
-6569.90458817	0.0	0.0	0.0	-1.47195592476	0.0	0.0
-6419.67901307	0.0	0.0	0.0	-0.486704312008	0.0	0.0