
-1226.87295894	0.0	0.0	0.0	0.673876760959	0.0	0.0
-2336.7523282	0.0	0.0	0.0	0.42361007475	0.0	0.0
-3400.87895525	0.0	0.0	0.0	0.393009428402	0.0	0.0
-4491.64509219	0.0	0.0	0.0	0.476988970618	0.0	0.0
-5649.21780272	0.0	0.0	0.0	1.07387052549	0.0	0.0
-6236.67691914	0.0	0.0	0.0	1.69312898419	0.0	0.0
-6793.56525662	0.0	0.0	0.0	2.66182558772	0.0	0.0
-7292.32376473	0.0	0.0	0.0	4.13293606945	0.0	0.0
-7704.82015782	0.0	0.0	0.0	6.09119705932	0.0	0.0
-9182.64536435	0.0	0.0	0.0	-1.52035553056	0.0	0.0
-8640.69081495	0.0	0.0	0.0	2.93959782805	0.0	0.0
-8223.64737064	0.0	0.0	0.0	-0.912310339654	0.0	0.0
-7861.99778346	0.0	0.0	0.0	1.86162562768	0.0	0.0
-7381.86415638	0.0	0.0	0.0	-0.618659359993	0.0	0.0
-7132.0012517	0.0	0.0	0.0	1.15696430314	0.0	0.0
-6617.55880009	0.0	0.0	0.0	-0.459549129831	0.0	0.0
-6445.99560278	0.0	0.0	0.0	0.673043094078	0.0	0.0
-5918.55925749	0.0	0.0	0.0	-0.38693170771	0.0	0.0
-5784.26957609	0.0	0.0	0.0	0.416630240814	0.0	0.0