
-1197.65775006	0.0	0.0	0.0	0.708325564978	0.0	0.0
-2278.32191045	0.0	0.0	0.0	0.492507682788	0.0	0.0
-3313.23332862	0.0	0.0	0.0	0.496355840459	0.0	0.0
-4374.78425668	0.0	0.0	0.0	0.614784186694	0.0	0.0
-5503.14175833	0.0	0.0	0.0	1.24611454558	0.0	0.0
-6075.99327031	0.0	0.0	0.0	1.88259740629	0.0	0.0
-6618.27400335	0.0	0.0	0.0	2.86851841183	0.0	0.0
-7102.42490702	0.0	0.0	0.0	4.35685329557	0.0	0.0
-7500.31369567	0.0	0.0	0.0	6.33233868745	0.0	0.0
-8921.76285563	0.0	0.0	0.0	-0.698970234557	0.0	0.0
-8405.60250192	0.0	0.0	0.0	3.44813367601	0.0	0.0
-7997.21896557	0.0	0.0	0.0	-0.347309368745	0.0	0.0
-7651.97219985	0.0	0.0	0.0	2.24786787627	0.0	0.0
-7181.92290024	0.0	0.0	0.0	-0.199715481744	0.0	0.0
-6943.16257644	0.0	0.0	0.0	1.46639273052	0.0	0.0
-6439.97010433	0.0	0.0	0.0	-0.133954822416	0.0	0.0
-6276.11180524	0.0	0.0	0.0	0.929086970747	0.0	0.0
-5760.6072785	0.0	0.0	0.0	-0.123812108523	0.0	0.0
-5631.83773076	0.0	0.0	0.0	0.633336107651	0.0	0.0