
-1404.18382578	0.0	0.0	0.0	0.464802530893	0.0	0.0
-2691.37406189	0.0	0.0	0.0	0.00546161461925	0.0	0.0
-3932.81155578	0.0	0.0	0.0	-0.234213261795	0.0	0.0
-5200.88855956	0.0	0.0	0.0	-0.359307949644	0.0	0.0
-6535.77213694	0.0	0.0	0.0	0.0284993751596	0.0	0.0
-7211.88668678	0.0	0.0	0.0	0.543220718828	0.0	0.0
-7857.43045768	0.0	0.0	0.0	1.40738020733	0.0	0.0
-8444.84439921	0.0	0.0	0.0	2.77395357402	0.0	0.0
-8945.99622572	0.0	0.0	0.0	4.62767744886	0.0	0.0
-10772.1193868	0.0	0.0	0.0	-6.52479448993	0.0	0.0
-10065.5646197	0.0	0.0	0.0	-0.142645602971	0.0	0.0
-9597.97600225	0.0	0.0	0.0	-4.34163719884	0.0	0.0
-9133.93512177	0.0	0.0	0.0	-0.477498631138	0.0	0.0
-8593.43829932	0.0	0.0	0.0	-3.15731286269	0.0	0.0
-8275.55088629	0.0	0.0	0.0	-0.716840226364	0.0	0.0
-7693.04710525	0.0	0.0	0.0	-2.4313687232	0.0	0.0
-7474.98387764	0.0	0.0	0.0	-0.877817851814	0.0	0.0
-6875.0528866	0.0	0.0	0.0	-1.98027812804	0.0	0.0
-6707.81679858	0.0	0.0	0.0	-0.89633753821	0.0	0.0