
-1414.41742565	0.0	0.0	0.0	0.452735690029	0.0	0.0
-2711.84126163	0.0	0.0	0.0	-0.0186720671095	0.0	0.0
-3963.51235539	0.0	0.0	0.0	-0.270413784389	0.0	0.0
-5241.82295904	0.0	0.0	0.0	-0.407575313102	0.0	0.0
-6586.9401363	0.0	0.0	0.0	-0.0318348291624	0.0	0.0
-7268.17148607	0.0	0.0	0.0	0.476853094074	0.0	0.0
-7918.8320569	0.0	0.0	0.0	1.33497916214	0.0	0.0
-8511.36279837	0.0	0.0	0.0	2.6955191084	0.0	0.0
-9017.63142482	0.0	0.0	0.0	4.54320956281	0.0	0.0
-10896.335076	0.0	0.0	0.0	-6.91588602453	0.0	0.0
-10176.5315511	0.0	0.0	0.0	-0.382685874841	0.0	0.0
-9706.51144449	0.0	0.0	0.0	-4.61246289417	0.0	0.0
-9229.43488055	0.0	0.0	0.0	-0.653125052148	0.0	0.0
-8687.29008114	0.0	0.0	0.0	-3.35396377013	0.0	0.0
-8357.91558458	0.0	0.0	0.0	-0.851801875653	0.0	0.0
-7773.72273915	0.0	0.0	0.0	-2.57928088075	0.0	0.0
-7546.20561559	0.0	0.0	0.0	-0.985161166191	0.0	0.0
-6944.41701282	0.0	0.0	0.0	-2.09582629151	0.0	0.0
-6769.6352731	0.0	0.0	0.0	-0.98422223237	0.0	0.0