
-1277.92128803	0.0	0.0	0.0	0.613683664554	0.0	0.0
-2438.84898639	0.0	0.0	0.0	0.303223881941	0.0	0.0
-3554.02394253	0.0	0.0	0.0	0.212430139187	0.0	0.0
-4695.83840856	0.0	0.0	0.0	0.236216584999	0.0	0.0
-5904.4594482	0.0	0.0	0.0	0.772905043465	0.0	0.0
-6517.44272916	0.0	0.0	0.0	1.36206695396	0.0	0.0
-7099.85523119	0.0	0.0	0.0	2.30066700929	0.0	0.0
-7624.13790384	0.0	0.0	0.0	3.74168094282	0.0	0.0
-8062.15846148	0.0	0.0	0.0	5.66984538449	0.0	0.0
-9631.29061576	0.0	0.0	0.0	-2.93290945935	0.0	0.0
-9044.68354525	0.0	0.0	0.0	2.06569311102	0.0	0.0
-8612.50943666	0.0	0.0	0.0	-1.88262784368	0.0	0.0
-8223.69328144	0.0	0.0	0.0	1.19645865118	0.0	0.0
-7725.56045214	0.0	0.0	0.0	-1.33881817997	0.0	0.0
-7458.01740849	0.0	0.0	0.0	0.62275876207	0.0	0.0
-6923.40996877	0.0	0.0	0.0	-1.02030216095	0.0	0.0
-6739.97111575	0.0	0.0	0.0	0.229971823738	0.0	0.0
-6191.14128853	0.0	0.0	0.0	-0.841004364533	0.0	0.0
-6048.54870754	0.0	0.0	0.0	0.0409158476508	0.0	0.0