
-1393.29884637	0.0	0.0	0.0	0.477637439041	0.0	0.0
-2669.60410307	0.0	0.0	0.0	0.0311314309138	0.0	0.0
-3900.15661755	0.0	0.0	0.0	-0.195708537354	0.0	0.0
-5157.34864192	0.0	0.0	0.0	-0.307968317055	0.0	0.0
-6481.34723989	0.0	0.0	0.0	0.092673915896	0.0	0.0
-7152.01930003	0.0	0.0	0.0	0.613812713638	0.0	0.0
-7792.12058122	0.0	0.0	0.0	1.48438965621	0.0	0.0
-8374.09203305	0.0	0.0	0.0	2.85738047698	0.0	0.0
-8869.80136985	0.0	0.0	0.0	4.71752180589	0.0	0.0
-10665.8551706	0.0	0.0	0.0	-6.19022294231	0.0	0.0
-9970.65145394	0.0	0.0	0.0	0.0626676540636	0.0	0.0
-9505.97224619	0.0	0.0	0.0	-4.11206259454	0.0	0.0
-9050.17242604	0.0	0.0	0.0	-0.32345695969	0.0	0.0
-8512.8739739	0.0	0.0	0.0	-2.98850362546	0.0	0.0
-8201.15864093	0.0	0.0	0.0	-0.594942127597	0.0	0.0
-7622.24111453	0.0	0.0	0.0	-2.30155174689	0.0	0.0
-7408.79216443	0.0	0.0	0.0	-0.778055643179	0.0	0.0
-6812.70651721	0.0	0.0	0.0	-1.87642028575	0.0	0.0
-6648.94886031	0.0	0.0	0.0	-0.812647495844	0.0	0.0