
-1361.20556233	0.0	0.0	0.0	0.515479894899	0.0	0.0
-2605.41753498	0.0	0.0	0.0	0.106816342631	0.0	0.0
-3803.87676542	0.0	0.0	0.0	-0.0821811697771	0.0	0.0
-5028.97550574	0.0	0.0	0.0	-0.15659849362	0.0	0.0
-6320.88081967	0.0	0.0	0.0	0.28188619519	0.0	0.0
-6975.50623778	0.0	0.0	0.0	0.821946220862	0.0	0.0
-7599.56087696	0.0	0.0	0.0	1.71144439136	0.0	0.0
-8165.48568676	0.0	0.0	0.0	3.10335644006	0.0	0.0
-8645.14838154	0.0	0.0	0.0	4.9824189969	0.0	0.0
-10374.7348223	0.0	0.0	0.0	-5.27363418905	0.0	0.0
-9710.73523756	0.0	0.0	0.0	0.624910463136	0.0	0.0
-9254.88833087	0.0	0.0	0.0	-3.48553936354	0.0	0.0
-8818.57786694	0.0	0.0	0.0	0.102451168862	0.0	0.0
-8291.94406916	0.0	0.0	0.0	-2.52558150073	0.0	0.0
-7993.22845941	0.0	0.0	0.0	-0.254230623549	0.0	0.0
-7426.42298666	0.0	0.0	0.0	-1.94253527093	0.0	0.0
-7221.89071711	0.0	0.0	0.0	-0.496363263909	0.0	0.0
-6638.75323923	0.0	0.0	0.0	-1.58664539928	0.0	0.0
-6481.32945448	0.0	0.0	0.0	-0.574350120655	0.0	0.0