
-1380.13233394	0.0	0.0	0.0	0.493162592673	0.0	0.0
-2643.27107822	0.0	0.0	0.0	0.0621817381784	0.0	0.0
-3860.65708027	0.0	0.0	0.0	-0.149133076457	0.0	0.0
-5104.68259221	0.0	0.0	0.0	-0.245867702526	0.0	0.0
-6415.51467776	0.0	0.0	0.0	0.170299684058	0.0	0.0
-7079.60348168	0.0	0.0	0.0	0.699201058616	0.0	0.0
-7713.12150666	0.0	0.0	0.0	1.57754057801	0.0	0.0
-8288.50970227	0.0	0.0	0.0	2.95829397559	0.0	0.0
-8777.63578286	0.0	0.0	0.0	4.82619788132	0.0	0.0
-10499.1396248	0.0	0.0	0.0	-5.66532114416	0.0	0.0
-9820.22937372	0.0	0.0	0.0	0.388056096952	0.0	0.0
-9358.9781384	0.0	0.0	0.0	-3.745271981	0.0	0.0
-8921.15453257	0.0	0.0	0.0	-0.0861898590727	0.0	0.0
-8385.68779942	0.0	0.0	0.0	-2.72200600397	0.0	0.0
-8090.52785066	0.0	0.0	0.0	-0.413664053044	0.0	0.0
-7513.26262582	0.0	0.0	0.0	-2.10174862652	0.0	0.0
-7313.74199923	0.0	0.0	0.0	-0.634798822171	0.0	0.0
-6719.44202133	0.0	0.0	0.0	-1.72105840342	0.0	0.0
-6566.93417134	0.0	0.0	0.0	-0.696050703178	0.0	0.0