
-1085.94181563	0.0	0.0	0.0	0.786987600382	0.0	0.0
-2080.51844238	0.0	0.0	0.0	0.679910550911	0.0	0.0
-3032.06756983	0.0	0.0	0.0	0.638182740657	0.0	0.0
-4007.23037731	0.0	0.0	0.0	0.858033107215	0.0	0.0
-5018.76283862	0.0	0.0	0.0	1.52638528363	0.0	0.0
-5525.72918565	0.0	0.0	0.0	2.1505781853	0.0	0.0
-6004.874692	0.0	0.0	0.0	3.10148854228	0.0	0.0
-6441.68897568	0.0	0.0	0.0	4.38599536703	0.0	0.0
-6796.68137499	0.0	0.0	0.0	6.19796891557	0.0	0.0
-8315.68999194	0.0	0.0	0.0	-2.1937258546	0.0	0.0
-7722.4718383	0.0	0.0	0.0	2.54671932657	0.0	0.0
-7392.7164418	0.0	0.0	0.0	-1.12249975334	0.0	0.0
-7003.45042677	0.0	0.0	0.0	1.88474374578	0.0	0.0
-6617.65093782	0.0	0.0	0.0	-0.588183629623	0.0	0.0
-6364.97912206	0.0	0.0	0.0	1.28713379277	0.0	0.0
-5932.31042199	0.0	0.0	0.0	-0.340405000269	0.0	0.0
-5750.13762806	0.0	0.0	0.0	0.955123298878	0.0	0.0
-5303.98860372	0.0	0.0	0.0	-0.134863754749	0.0	0.0
-5167.34814068	0.0	0.0	0.0	0.715367554462	0.0	0.0