
-1130.96315347	0.0	0.0	0.0	0.813592345748	0.0	0.0
-2170.56111827	0.0	0.0	0.0	0.733120041758	0.0	0.0
-3167.13158362	0.0	0.0	0.0	0.717996976908	0.0	0.0
-4187.3157284	0.0	0.0	0.0	0.964452088504	0.0	0.0
-5243.86952781	0.0	0.0	0.0	1.65940901043	0.0	0.0
-5773.3465432	0.0	0.0	0.0	2.29690428446	0.0	0.0
-6275.00271827	0.0	0.0	0.0	3.26111701401	0.0	0.0
-6734.3276727	0.0	0.0	0.0	4.55892621251	0.0	0.0
-7111.83073987	0.0	0.0	0.0	6.38420213311	0.0	0.0
-8742.5283632	0.0	0.0	0.0	-2.85633631826	0.0	0.0
-8097.81161934	0.0	0.0	0.0	2.34039679151	0.0	0.0
-7757.19984591	0.0	0.0	0.0	-1.44908555204	0.0	0.0
-7335.56714837	0.0	0.0	0.0	1.82077938277	0.0	0.0
-6936.22466995	0.0	0.0	0.0	-0.739574540179	0.0	0.0
-6661.61720839	0.0	0.0	0.0	1.29770573043	0.0	0.0
-6213.33226168	0.0	0.0	0.0	-0.394528691724	0.0	0.0
-6015.92262785	0.0	0.0	0.0	1.00413006115	0.0	0.0
-5552.51157053	0.0	0.0	0.0	-0.134954108171	0.0	0.0
-5404.99765663	0.0	0.0	0.0	0.783619079927	0.0	0.0