
-1060.19434194	0.0	0.0	0.0	0.822018841406	0.0	0.0
-2029.02349489	0.0	0.0	0.0	0.749973033111	0.0	0.0
-2954.82514861	0.0	0.0	0.0	0.743276463931	0.0	0.0
-3904.24048273	0.0	0.0	0.0	0.998158071081	0.0	0.0
-4890.02547021	0.0	0.0	0.0	1.70154148872	0.0	0.0
-5384.11808071	0.0	0.0	0.0	2.34325001047	0.0	0.0
-5850.38985032	0.0	0.0	0.0	3.31167598781	0.0	0.0
-6274.33039612	0.0	0.0	0.0	4.61369843448	0.0	0.0
-6616.44905919	0.0	0.0	0.0	6.44318760271	0.0	0.0
-8079.96475312	0.0	0.0	0.0	-1.48324739484	0.0	0.0
-7518.8171245	0.0	0.0	0.0	3.00797928058	0.0	0.0
-7194.48002802	0.0	0.0	0.0	-0.620876952415	0.0	0.0
-6822.56006107	0.0	0.0	0.0	2.24372326019	0.0	0.0
-6444.76377561	0.0	0.0	0.0	-0.206631929463	0.0	0.0
-6202.25972515	0.0	0.0	0.0	1.58046186135	0.0	0.0
-5779.24934422	0.0	0.0	0.0	-0.0366531052556	0.0	0.0
-5603.28271177	0.0	0.0	0.0	1.20236695571	0.0	0.0
-5167.8558835	0.0	0.0	0.0	0.114455099498	0.0	0.0
-5035.18662216	0.0	0.0	0.0	0.926998514482	0.0	0.0