
-1135.51678167	0.0	0.0	0.0	0.819655743302	0.0	0.0
-2179.66837468	0.0	0.0	0.0	0.745246836893	0.0	0.0
-3180.79246823	0.0	0.0	0.0	0.736187169606	0.0	0.0
-4205.53024115	0.0	0.0	0.0	0.988705678681	0.0	0.0
-5266.63766878	0.0	0.0	0.0	1.6897259982	0.0	0.0
-5798.39149822	0.0	0.0	0.0	2.33025297093	0.0	0.0
-6302.32448737	0.0	0.0	0.0	3.29749739923	0.0	0.0
-6763.92625607	0.0	0.0	0.0	4.59833829676	0.0	0.0
-7143.70613724	0.0	0.0	0.0	6.42664591598	0.0	0.0
-8785.95432115	0.0	0.0	0.0	-2.90078368484	0.0	0.0
-8136.38029392	0.0	0.0	0.0	2.34264038232	0.0	0.0
-7794.57757005	0.0	0.0	0.0	-1.4608621199	0.0	0.0
-7369.68697446	0.0	0.0	0.0	1.83597801	0.0	0.0
-6968.9659672	0.0	0.0	0.0	-0.735035384966	0.0	0.0
-6692.03600375	0.0	0.0	0.0	1.31888150998	0.0	0.0
-6242.20288359	0.0	0.0	0.0	-0.381668314912	0.0	0.0
-6043.11854383	0.0	0.0	0.0	1.02756873907	0.0	0.0
-5578.00660363	0.0	0.0	0.0	-0.118220480946	0.0	0.0
-5429.26481275	0.0	0.0	0.0	0.807349611664	0.0	0.0