
0.286051086846
0.294638737226
0.305513601377
0.318515912282
0.333469290523
0.350194071667
0.368517052389
0.388277641761
0.409331030455
0.431549196709
0.454820514384
0.318867382454
0.323640290836
0.330552861328
0.339541079591
0.35051103819
0.363347851483
0.37792453064
0.39410975808
0.411773997515
0.430793815188
0.451054582488
0.364393844772
0.366421011344
0.370304268007
0.376043633513
0.383613219063
0.392964337396
0.404029812021
0.416728865304
0.430971999935
0.446665423492
0.463714741926
0.418190187937
0.418458917311
0.42029043579
0.423713345553
0.428738712107
0.435360359805
0.443556079717
0.453289582953
0.464512962169
0.477169399782
0.491195880218
0.477215389581
0.476471584833
0.477039896879
0.47895712163
0.482249109746
0.486930270409
0.493003559429
0.500460941345
0.509284271113
0.519446506386
0.530913141372
0.539548385746
0.538317529018
0.538198906899
0.539228662844
0.54143615597
0.544843407433
0.549464780071
0.555306909273
0.562368884391
0.57064266144
0.580113672318
0.603993233855
0.602640361244
0.6022437187
0.602835724108
0.604444478996
0.607093332623
0.610800558517
0.615579159116
0.621436806894
0.628375922171
0.636393879907
0.669795587844
0.668576645326
0.668192363788
0.668670792527
0.67003712448
0.672313384297
0.675518173167
0.679666480419
0.684769568875
0.690834937652
0.697866362278
0.736468702892
0.735566432325
0.735403489106
0.736003814567
0.737389376841
0.739579953874
0.742592947078
0.746443231483
0.751143047011
0.756701933996
0.763126714352
0.80369076888
0.803238362029
0.803449860131
0.804345629052
0.805944613314
0.808264185692
0.811320014574
0.815125952494
0.819693948714
0.825033987889
0.831154056165
0.871244168568
0.871340697588
0.872040927083
0.873362208129
0.875320827924
0.877931904848
0.881209294608
0.885165509441
0.889811652077
0.895157365789
0.901210801444