
-1119.53398055	0.0	0.0	0.0	0.835488774361	0.0	0.0
-2147.70277238	0.0	0.0	0.0	0.77691289908	0.0	0.0
-3132.8440648	0.0	0.0	0.0	0.783686262874	0.0	0.0
-4141.5990368	0.0	0.0	0.0	1.05203780281	0.0	0.0
-5186.72366323	0.0	0.0	0.0	1.76889115348	0.0	0.0
-5710.4860923	0.0	0.0	0.0	2.41733464154	0.0	0.0
-6206.42768096	0.0	0.0	0.0	3.3924955853	0.0	0.0
-6660.03804847	0.0	0.0	0.0	4.701252999	0.0	0.0
-7031.82652945	0.0	0.0	0.0	6.53747713338	0.0	0.0
-8636.51016373	0.0	0.0	0.0	-2.49657000767	0.0	0.0
-8007.74962836	0.0	0.0	0.0	2.58907014536	0.0	0.0
-7669.12815545	0.0	0.0	0.0	-1.18568296972	0.0	0.0
-7255.79067226	0.0	0.0	0.0	2.02107657209	0.0	0.0
-6859.82742648	0.0	0.0	0.0	-0.532532536283	0.0	0.0
-6589.87324695	0.0	0.0	0.0	1.46582407062	0.0	0.0
-6145.82908999	0.0	0.0	0.0	-0.225046455613	0.0	0.0
-5951.13187184	0.0	0.0	0.0	1.14869465825	0.0	0.0
-5492.49296624	0.0	0.0	0.0	0.00729554250659	0.0	0.0
-5346.63760563	0.0	0.0	0.0	0.909243595065	0.0	0.0