
-1114.34639643	0.0	0.0	0.0	0.809225123478	0.0	0.0
-2137.32760411	0.0	0.0	0.0	0.724385597199	0.0	0.0
-3117.2813124	0.0	0.0	0.0	0.704895310072	0.0	0.0
-4120.84870034	0.0	0.0	0.0	0.946983199453	0.0	0.0
-5160.78574262	0.0	0.0	0.0	1.63757289909	0.0	0.0
-5681.9543797	0.0	0.0	0.0	2.27288456203	0.0	0.0
-6175.30217632	0.0	0.0	0.0	3.23491368046	0.0	0.0
-6626.31875156	0.0	0.0	0.0	4.53053926766	0.0	0.0
-6995.5134406	0.0	0.0	0.0	6.35363157722	0.0	0.0
-8585.25822224	0.0	0.0	0.0	-2.5751438565	0.0	0.0
-7960.19774321	0.0	0.0	0.0	2.45394310589	0.0	0.0
-7623.42450235	0.0	0.0	0.0	-1.29413016929	0.0	0.0
-7213.80614099	0.0	0.0	0.0	1.87943058233	0.0	0.0
-6819.43623673	0.0	0.0	0.0	-0.651582074348	0.0	0.0
-6552.78220752	0.0	0.0	0.0	1.32631473866	0.0	0.0
-6110.30371759	0.0	0.0	0.0	-0.344900753932	0.0	0.0
-5918.31744149	0.0	0.0	0.0	1.01592408215	0.0	0.0
-5461.34502116	0.0	0.0	0.0	-0.10784807329	0.0	0.0
-5317.64746651	0.0	0.0	0.0	0.785633841524	0.0	0.0