
-1074.4877649	0.0	0.0	0.0	0.868917670096	0.0	0.0
-2057.61034086	0.0	0.0	0.0	0.843770690696	0.0	0.0
-2997.70541756	0.0	0.0	0.0	0.883972950273	0.0	0.0
-3961.41417446	0.0	0.0	0.0	1.18575338554	0.0	0.0
-4961.49258497	0.0	0.0	0.0	1.93603563212	0.0	0.0
-5462.73190677	0.0	0.0	0.0	2.60119356764	0.0	0.0
-5936.1503878	0.0	0.0	0.0	3.59306895912	0.0	0.0
-6367.23764566	0.0	0.0	0.0	4.91854082204	0.0	0.0
-6716.50301987	0.0	0.0	0.0	6.77147940351	0.0	0.0
-8221.61418241	0.0	0.0	0.0	-1.43962636361	0.0	0.0
-7646.28632753	0.0	0.0	0.0	3.20522620151	0.0	0.0
-7317.86073316	0.0	0.0	0.0	-0.483513685728	0.0	0.0
-6934.85808672	0.0	0.0	0.0	2.47016236701	0.0	0.0
-6552.93651706	0.0	0.0	0.0	-0.028918319883	0.0	0.0
-6301.69733852	0.0	0.0	0.0	1.81293172548	0.0	0.0
-5874.27074998	0.0	0.0	0.0	0.15494921477	0.0	0.0
-5691.57691831	0.0	0.0	0.0	1.42858791614	0.0	0.0
-5251.31021204	0.0	0.0	0.0	0.305193862208	0.0	0.0
-5113.4879092	0.0	0.0	0.0	1.14049607329	0.0	0.0