
-1027.09778882	0.0	0.0	0.0	0.824851361739	0.0	0.0
-1962.83038852	0.0	0.0	0.0	0.755638073789	0.0	0.0
-2855.53548907	0.0	0.0	0.0	0.751774024946	0.0	0.0
-3771.85427048	0.0	0.0	0.0	1.00948815239	0.0	0.0
-4724.54270466	0.0	0.0	0.0	1.71570409038	0.0	0.0
-5202.08703901	0.0	0.0	0.0	2.35882887226	0.0	0.0
-5651.81053221	0.0	0.0	0.0	3.32867110975	0.0	0.0
-6059.20280011	0.0	0.0	0.0	4.63210981671	0.0	0.0
-6384.77318741	0.0	0.0	0.0	6.46301524504	0.0	0.0
-7774.76146685	0.0	0.0	0.0	-0.853418882252	0.0	0.0
-7249.89543521	0.0	0.0	0.0	3.31148094124	0.0	0.0
-6933.8102244	0.0	0.0	0.0	-0.242428984513	0.0	0.0
-6583.69024997	0.0	0.0	0.0	2.43395287257	0.0	0.0
-6216.37439369	0.0	0.0	0.0	0.0352673527253	0.0	0.0
-5988.05878617	0.0	0.0	0.0	1.70589505482	0.0	0.0
-5577.12873603	0.0	0.0	0.0	0.124310411962	0.0	0.0
-5410.69711912	0.0	0.0	0.0	1.28891043664	0.0	0.0
-4988.52854701	0.0	0.0	0.0	0.225407358821	0.0	0.0
-4862.49135556	0.0	0.0	0.0	0.988477471709	0.0	0.0