
-4274.6851976	0.0	0.0	0.0	0.629680363151	0.0	0.0
-7867.40646428	0.0	0.0	0.0	0.35431833955	0.0	0.0
-11082.9712591	0.0	0.0	0.0	0.240742013642	0.0	0.0
-14416.2655996	0.0	0.0	0.0	0.288036044815	0.0	0.0
-18125.4629792	0.0	0.0	0.0	0.930950428231	0.0	0.0
-20131.166702	0.0	0.0	0.0	1.59911003545	0.0	0.0
-22140.6400776	0.0	0.0	0.0	2.71542668344	0.0	0.0
-24085.244764	0.0	0.0	0.0	4.37337257024	0.0	0.0
-25847.2504899	0.0	0.0	0.0	6.68226265316	0.0	0.0
-18612.2579892	0.0	0.0	0.0	-0.104972842879	0.0	0.0
-18374.0438665	0.0	0.0	0.0	0.394364861654	0.0	0.0
-20794.8688666	0.0	0.0	0.0	-0.158342050457	0.0	0.0
-20475.4433623	0.0	0.0	0.0	0.751382275355	0.0	0.0
-23175.5416227	0.0	0.0	0.0	-0.165185963597	0.0	0.0
-22707.1607928	0.0	0.0	0.0	1.30833885487	0.0	0.0
-25757.8040526	0.0	0.0	0.0	-0.268968148318	0.0	0.0
-25051.3257967	0.0	0.0	0.0	2.17930631672	0.0	0.0
-28606.2789023	0.0	0.0	0.0	-0.433010984007	0.0	0.0
-27532.33577	0.0	0.0	0.0	3.53433490787	0.0	0.0