
-5167.4119368	0.0	0.0	0.0	0.405992391946	0.0	0.0
-9652.94820528	0.0	0.0	0.0	-0.0930797185701	0.0	0.0
-13761.2397409	0.0	0.0	0.0	-0.430344016084	0.0	0.0
-17987.26082	0.0	0.0	0.0	-0.606737955969	0.0	0.0
-22589.1849317	0.0	0.0	0.0	-0.187511541983	0.0	0.0
-25041.3402893	0.0	0.0	0.0	0.368781963261	0.0	0.0
-27497.1770371	0.0	0.0	0.0	1.37325462502	0.0	0.0
-29888.1451003	0.0	0.0	0.0	2.91935652441	0.0	0.0
-32096.5141999	0.0	0.0	0.0	5.1164026207	0.0	0.0
-23145.2930163	0.0	0.0	0.0	-1.49357410772	0.0	0.0
-22871.1920144	0.0	0.0	0.0	-0.857862293326	0.0	0.0
-25821.3627668	0.0	0.0	0.0	-1.8321359528	0.0	0.0
-25440.9406774	0.0	0.0	0.0	-0.697456594525	0.0	0.0
-28726.4494681	0.0	0.0	0.0	-2.22849261279	0.0	0.0
-28154.5766206	0.0	0.0	0.0	-0.386541089321	0.0	0.0
-31895.1618526	0.0	0.0	0.0	-2.92282242315	0.0	0.0
-31007.3086607	0.0	0.0	0.0	0.145407176017	0.0	0.0
-35441.7705474	0.0	0.0	0.0	-4.02719707791	0.0	0.0
-34043.4329892	0.0	0.0	0.0	1.00682285997	0.0	0.0