
-4633.87332938	0.0	0.0	0.0	0.539679626138	0.0	0.0
-8585.81824026	0.0	0.0	0.0	0.17430796728	0.0	0.0
-12160.5711675	0.0	0.0	0.0	-0.0292690958027	0.0	0.0
-15853.0536396	0.0	0.0	0.0	-0.0719758015838	0.0	0.0
-19921.4391481	0.0	0.0	0.0	0.480937845534	0.0	0.0
-22106.7724502	0.0	0.0	0.0	1.10408818574	0.0	0.0
-24295.8398928	0.0	0.0	0.0	2.17540446497	0.0	0.0
-26420.038648	0.0	0.0	0.0	3.78834998253	0.0	0.0
-28361.6384414	0.0	0.0	0.0	6.05223969654	0.0	0.0
-20444.3773235	0.0	0.0	0.0	-0.666204602539	0.0	0.0
-20188.1921084	0.0	0.0	0.0	-0.11078320484	0.0	0.0
-22829.1354084	0.0	0.0	0.0	-0.835741247795	0.0	0.0
-22480.5034843	0.0	0.0	0.0	0.166343384616	0.0	0.0
-25424.9247352	0.0	0.0	0.0	-1.00129552655	0.0	0.0
-24909.4447538	0.0	0.0	0.0	0.623131954053	0.0	0.0
-28247.0766332	0.0	0.0	0.0	-1.3453542569	0.0	0.0
-27462.5859174	0.0	0.0	0.0	1.35588892291	0.0	0.0
-31377.8669351	0.0	0.0	0.0	-1.89034626914	0.0	0.0
-30171.7646892	0.0	0.0	0.0	2.5097474738	0.0	0.0