
-4923.72147069	0.0	0.0	0.0	0.467053211089	0.0	0.0
-9165.54317974	0.0	0.0	0.0	0.029047956712	0.0	0.0
-13030.1442488	0.0	0.0	0.0	-0.247155521549	0.0	0.0
-17012.474862	0.0	0.0	0.0	-0.362488642332	0.0	0.0
-21370.7085095	0.0	0.0	0.0	0.117798590313	0.0	0.0
-23700.99454	0.0	0.0	0.0	0.704628542306	0.0	0.0
-26034.986054	0.0	0.0	0.0	1.73963161381	0.0	0.0
-28304.1088822	0.0	0.0	0.0	3.31626392326	0.0	0.0
-30390.6327477	0.0	0.0	0.0	5.54384042941	0.0	0.0
-21950.0094781	0.0	0.0	0.0	-1.12742378611	0.0	0.0
-21666.9927248	0.0	0.0	0.0	-0.522554004426	0.0	0.0
-24511.6029903	0.0	0.0	0.0	-1.39599339082	0.0	0.0
-24121.6340845	0.0	0.0	0.0	-0.312507705877	0.0	0.0
-27299.2731502	0.0	0.0	0.0	-1.69800238158	0.0	0.0
-26721.5233781	0.0	0.0	0.0	0.0593314631902	0.0	0.0
-30339.4696204	0.0	0.0	0.0	-2.25012570001	0.0	0.0
-29460.451723	0.0	0.0	0.0	0.673640898015	0.0	0.0
-33728.3303876	0.0	0.0	0.0	-3.12624903861	0.0	0.0
-32377.0228956	0.0	0.0	0.0	1.65369871614	0.0	0.0