
-5280.67568651	0.0	0.0	0.0	0.377612219971	0.0	0.0
-9879.48690294	0.0	0.0	0.0	-0.149842868428	0.0	0.0
-14101.0421885	0.0	0.0	0.0	-0.515487337967	0.0	0.0
-18440.3270173	0.0	0.0	0.0	-0.720261449809	0.0	0.0
-23155.5148777	0.0	0.0	0.0	-0.329415207573	0.0	0.0
-25664.3133088	0.0	0.0	0.0	0.212685405691	0.0	0.0
-28176.7819317	0.0	0.0	0.0	1.20296798139	0.0	0.0
-30624.3818707	0.0	0.0	0.0	2.73487979455	0.0	0.0
-32889.3828457	0.0	0.0	0.0	4.91773580473	0.0	0.0
-23826.083922	0.0	0.0	0.0	-1.70212028199	0.0	0.0
-23500.1347129	0.0	0.0	0.0	-1.03299086371	0.0	0.0
-26616.4218597	0.0	0.0	0.0	-2.09688611229	0.0	0.0
-26161.3335919	0.0	0.0	0.0	-0.907653718787	0.0	0.0
-29654.965787	0.0	0.0	0.0	-2.57362784975	0.0	0.0
-28981.2059987	0.0	0.0	0.0	-0.643734150842	0.0	0.0
-32983.0330862	0.0	0.0	0.0	-3.39322871492	0.0	0.0
-31962.6413626	0.0	0.0	0.0	-0.180827872951	0.0	0.0
-36713.3365961	0.0	0.0	0.0	-4.69580224149	0.0	0.0
-35153.11671	0.0	0.0	0.0	0.576059982493	0.0	0.0