
-4871.52703383	0.0	0.0	0.0	0.480131421002	0.0	0.0
-9061.14914563	0.0	0.0	0.0	0.0552056695608	0.0	0.0
-12873.5557778	0.0	0.0	0.0	-0.207919598765	0.0	0.0
-16803.6919541	0.0	0.0	0.0	-0.310174509643	0.0	0.0
-21109.7311651	0.0	0.0	0.0	0.183190932811	0.0	0.0
-23413.9148167	0.0	0.0	0.0	0.776561282823	0.0	0.0
-25721.8091121	0.0	0.0	0.0	1.81810345932	0.0	0.0
-27964.8347215	0.0	0.0	0.0	3.40127487383	0.0	0.0
-30025.2613682	0.0	0.0	0.0	5.63539048499	0.0	0.0
-21657.8259503	0.0	0.0	0.0	-1.0379194223	0.0	0.0
-21389.08089	0.0	0.0	0.0	-0.445169685554	0.0	0.0
-24177.2403576	0.0	0.0	0.0	-1.28465253438	0.0	0.0
-23808.1052857	0.0	0.0	0.0	-0.221025890091	0.0	0.0
-26916.9166464	0.0	0.0	0.0	-1.55587811312	0.0	0.0
-26368.206408	0.0	0.0	0.0	0.169260623255	0.0	0.0
-29900.6636404	0.0	0.0	0.0	-2.06038164994	0.0	0.0
-29060.8275591	0.0	0.0	0.0	0.810107919844	0.0	0.0
-33223.5238324	0.0	0.0	0.0	-2.86081550509	0.0	0.0
-31923.1646395	0.0	0.0	0.0	1.82987980692	0.0	0.0