
-5222.38118514	0.0	0.0	0.0	0.392218905503	0.0	0.0
-9762.8921367	0.0	0.0	0.0	-0.120628053222	0.0	0.0
-13926.1529208	0.0	0.0	0.0	-0.471665837204	0.0	0.0
-18207.1432482	0.0	0.0	0.0	-0.661833263524	0.0	0.0
-22864.0366078	0.0	0.0	0.0	-0.256380335871	0.0	0.0
-25343.6820245	0.0	0.0	0.0	0.293025064344	0.0	0.0
-27827.0033965	0.0	0.0	0.0	1.29061098285	0.0	0.0
-30245.4560844	0.0	0.0	0.0	2.8298261389	0.0	0.0
-32481.3098084	0.0	0.0	0.0	5.01998549191	0.0	0.0
-23502.0583085	0.0	0.0	0.0	-1.60286175562	0.0	0.0
-23191.0150627	0.0	0.0	0.0	-0.946916754653	0.0	0.0
-26246.4191763	0.0	0.0	0.0	-1.9736773215	0.0	0.0
-25813.1336115	0.0	0.0	0.0	-0.806055503303	0.0	0.0
-29232.8313814	0.0	0.0	0.0	-2.41671789012	0.0	0.0
-28589.5537229	0.0	0.0	0.0	-0.521877547956	0.0	0.0
-32499.7323438	0.0	0.0	0.0	-3.18424468902	0.0	0.0
-31520.6768759	0.0	0.0	0.0	-0.0299021214645	0.0	0.0
-36158.4574315	0.0	0.0	0.0	-4.40403991029	0.0	0.0
-34652.4281077	0.0	0.0	0.0	0.770419923973	0.0	0.0