
-4431.71808264	0.0	0.0	0.0	0.590333084837	0.0	0.0
-8181.48775996	0.0	0.0	0.0	0.275619892713	0.0	0.0
-11554.0854401	0.0	0.0	0.0	0.12269628842	0.0	0.0
-15044.4126656	0.0	0.0	0.0	0.130643041305	0.0	0.0
-18910.6429289	0.0	0.0	0.0	0.73421014672	0.0	0.0
-20994.8786203	0.0	0.0	0.0	1.38269222446	0.0	0.0
-23082.8684389	0.0	0.0	0.0	2.47933523318	0.0	0.0
-25105.9895691	0.0	0.0	0.0	4.11760748051	0.0	0.0
-26946.5117382	0.0	0.0	0.0	6.40682392409	0.0	0.0
-19603.1868373	0.0	0.0	0.0	-0.408523343493	0.0	0.0
-19271.7059977	0.0	0.0	0.0	0.144411589116	0.0	0.0
-21968.0800962	0.0	0.0	0.0	-0.549014722353	0.0	0.0
-21514.2184161	0.0	0.0	0.0	0.448287221728	0.0	0.0
-24565.7730153	0.0	0.0	0.0	-0.681943538418	0.0	0.0
-23913.6986923	0.0	0.0	0.0	0.93294307964	0.0	0.0
-27412.1398842	0.0	0.0	0.0	-0.984319340421	0.0	0.0
-26466.1833426	0.0	0.0	0.0	1.69614885763	0.0	0.0
-30569.5296716	0.0	0.0	0.0	-1.46531253308	0.0	0.0
-29201.9907243	0.0	0.0	0.0	2.88619944456	0.0	0.0