
263.131163548
235.764283192
208.300557242
180.819575227
153.460330089
126.484895576
100.438025017
76.5895633711
58.1505578289
51.804729227
61.8291231538
201.477708617
173.797500247
146.334038074
119.43901713
93.8649944385
71.4025527925
56.3858568485
55.7244605893
70.2009663009
93.2812659777
120.328217628
142.336409786
115.506798512
90.3494320772
69.101185118
56.8354903963
59.8530334508
76.7180956743
100.972097271
128.715322006
158.302060168
189.021369121
89.4312503151
68.9274067616
58.2348637495
63.0417846234
80.9703758498
105.80338983
133.966171394
163.930155662
195.020433026
226.908930753
259.42103284
59.9317268588
64.9135425349
82.9228153966
107.880679437
136.235305052
166.441572086
197.809561902
230.001579872
262.837087789
296.212285482
330.063939347
82.7355679971
107.384651221
135.706853848
166.020691058
197.573067992
229.996212359
263.094162767
296.754611163
330.909327973
365.514909205
400.542731523
132.589625556
162.86103486
194.496954363
227.075059178
260.37266331
294.263289581
328.670666571
363.546560771
398.859310851
434.58752755
470.716449317
188.770810147
221.419446374
254.849579446
288.913069217
323.521654035
358.620055107
394.172261733
430.154088066
466.548913228
503.345130308
540.534558111
246.700195407
280.875050087
315.631146363
350.903141136
386.648925816
422.840455604
459.458578043
496.489975373
533.925281708
571.757882292
609.983123942
305.164451319
340.558983766
376.451378652
412.808278296
449.607096527
486.8322237
524.472722844
562.520878405
600.971252256
639.820052206
679.064698961
363.737431935
400.214312974
437.150794428
474.528182924
512.33345288
550.557439471
589.193678776
628.237640922
667.686209641
707.537320851
747.789706413