
-1068.09581909	0.0	0.0	0.0	0.751094576742	0.0	0.0
-2044.82644922	0.0	0.0	0.0	0.608124503473	0.0	0.0
-2978.5295801	0.0	0.0	0.0	0.530503669527	0.0	0.0
-3935.84639126	0.0	0.0	0.0	0.714461012888	0.0	0.0
-4929.53285593	0.0	0.0	0.0	1.34692016546	0.0	0.0
-5427.57620491	0.0	0.0	0.0	1.95316655575	0.0	0.0
-5897.79871306	0.0	0.0	0.0	2.88613040107	0.0	0.0
-6325.68999775	0.0	0.0	0.0	4.15269071255	0.0	0.0
-6671.75939921	0.0	0.0	0.0	5.94671775011	0.0	0.0
-8140.76264809	0.0	0.0	0.0	-0.25317773852	0.0	0.0
-7572.30165452	0.0	0.0	0.0	3.28572050282	0.0	0.0
-7245.7986945	0.0	0.0	0.0	-0.091481894117	0.0	0.0
-6871.40713074	0.0	0.0	0.0	2.25085469382	0.0	0.0
-6490.37691739	0.0	0.0	0.0	-0.018935971494	0.0	0.0
-6247.38417212	0.0	0.0	0.0	1.45125768639	0.0	0.0
-5820.58147986	0.0	0.0	0.0	-0.0306188152952	0.0	0.0
-5644.90156562	0.0	0.0	0.0	1.00698214509	0.0	0.0
-5205.42991752	0.0	0.0	0.0	0.024154615485	0.0	0.0
-5073.29223478	0.0	0.0	0.0	0.702678762177	0.0	0.0