
-1057.71186393	0.0	0.0	0.0	0.751094576742	0.0	0.0
-2024.05853886	0.0	0.0	0.0	0.608124503473	0.0	0.0
-2947.37771456	0.0	0.0	0.0	0.530503669527	0.0	0.0
-3894.31057069	0.0	0.0	0.0	0.714461012888	0.0	0.0
-4877.61308015	0.0	0.0	0.0	1.34692016546	0.0	0.0
-5370.46445167	0.0	0.0	0.0	1.95316655575	0.0	0.0
-5835.49498229	0.0	0.0	0.0	2.88613040107	0.0	0.0
-6258.19428898	0.0	0.0	0.0	4.15269071255	0.0	0.0
-6599.07171311	0.0	0.0	0.0	5.94671775011	0.0	0.0
-8066.81138731	0.0	0.0	0.0	-0.25317773852	0.0	0.0
-7509.55463023	0.0	0.0	0.0	3.28572050282	0.0	0.0
-7185.36425258	0.0	0.0	0.0	-0.091481894117	0.0	0.0
-6813.45261705	0.0	0.0	0.0	2.25085469382	0.0	0.0
-6436.81561546	0.0	0.0	0.0	-0.018935971494	0.0	0.0
-6192.89647179	0.0	0.0	0.0	1.45125768639	0.0	0.0
-5771.54304549	0.0	0.0	0.0	-0.0306188152952	0.0	0.0
-5593.80698981	0.0	0.0	0.0	1.00698214509	0.0	0.0
-5160.21259872	0.0	0.0	0.0	0.024154615485	0.0	0.0
-5025.85121633	0.0	0.0	0.0	0.702678762177	0.0	0.0