
-1168.63193964	0.0	0.0	0.0	0.751094576742	0.0	0.0
-2245.89869076	0.0	0.0	0.0	0.608124503473	0.0	0.0
-3280.13794233	0.0	0.0	0.0	0.530503669527	0.0	0.0
-4337.99087281	0.0	0.0	0.0	0.714461012888	0.0	0.0
-5432.21345859	0.0	0.0	0.0	1.34692016546	0.0	0.0
-5980.52486661	0.0	0.0	0.0	1.95316655575	0.0	0.0
-6501.01543459	0.0	0.0	0.0	2.88613040107	0.0	0.0
-6979.17478362	0.0	0.0	0.0	4.15269071255	0.0	0.0
-7375.51224299	0.0	0.0	0.0	5.94671775011	0.0	0.0
-9073.45912279	0.0	0.0	0.0	-0.25317773852	0.0	0.0
-8387.17737003	0.0	0.0	0.0	3.28572050282	0.0	0.0
-8037.45245983	0.0	0.0	0.0	-0.091481894117	0.0	0.0
-7594.3047128	0.0	0.0	0.0	2.25085469382	0.0	0.0
-7182.18114724	0.0	0.0	0.0	-0.018935971494	0.0	0.0
-6895.59547221	0.0	0.0	0.0	1.45125768639	0.0	0.0
-6432.26404568	0.0	0.0	0.0	-0.0306188152952	0.0	0.0
-6227.92740674	0.0	0.0	0.0	1.00698214509	0.0	0.0
-5748.08526165	0.0	0.0	0.0	0.024154615485	0.0	0.0
-5596.36561375	0.0	0.0	0.0	0.702678762177	0.0	0.0