
-1112.17261551	0.0	0.0	0.0	0.751094576742	0.0	0.0
-2132.98004225	0.0	0.0	0.0	0.608124503473	0.0	0.0
-3110.75996961	0.0	0.0	0.0	0.530503669527	0.0	0.0
-4112.15357665	0.0	0.0	0.0	0.714461012888	0.0	0.0
-5149.91683799	0.0	0.0	0.0	1.34692016546	0.0	0.0
-5669.99858464	0.0	0.0	0.0	1.95316655575	0.0	0.0
-6162.2594908	0.0	0.0	0.0	2.88613040107	0.0	0.0
-6612.18917549	0.0	0.0	0.0	4.15269071255	0.0	0.0
-6980.29697412	0.0	0.0	0.0	5.94671775011	0.0	0.0
-8546.94973328	0.0	0.0	0.0	-0.25317773852	0.0	0.0
-7928.91412021	0.0	0.0	0.0	3.28572050282	0.0	0.0
-7591.74353043	0.0	0.0	0.0	-0.091481894117	0.0	0.0
-7188.1384402	0.0	0.0	0.0	2.25085469382	0.0	0.0
-6793.21324996	0.0	0.0	0.0	-0.018935971494	0.0	0.0
-6531.53946057	0.0	0.0	0.0	1.45125768639	0.0	0.0
-6088.58489397	0.0	0.0	0.0	-0.0306188152952	0.0	0.0
-5900.53606054	0.0	0.0	0.0	1.00698214509	0.0	0.0
-5443.29679512	0.0	0.0	0.0	0.024154615485	0.0	0.0
-5302.65787042	0.0	0.0	0.0	0.702678762177	0.0	0.0