
-1095.52824844	0.0	0.0	0.0	0.751094576742	0.0	0.0
-2099.69130805	0.0	0.0	0.0	0.608124503473	0.0	0.0
-3060.82686832	0.0	0.0	0.0	0.530503669527	0.0	0.0
-4045.5761085	0.0	0.0	0.0	0.714461012888	0.0	0.0
-5066.69500268	0.0	0.0	0.0	1.34692016546	0.0	0.0
-5578.45456599	0.0	0.0	0.0	1.95316655575	0.0	0.0
-6062.3932887	0.0	0.0	0.0	2.88613040107	0.0	0.0
-6504.00078918	0.0	0.0	0.0	4.15269071255	0.0	0.0
-6863.78640467	0.0	0.0	0.0	5.94671775011	0.0	0.0
-8392.32206787	0.0	0.0	0.0	-0.25317773852	0.0	0.0
-7793.18128461	0.0	0.0	0.0	3.28572050282	0.0	0.0
-7460.0132375	0.0	0.0	0.0	-0.091481894117	0.0	0.0
-7067.71892463	0.0	0.0	0.0	2.25085469382	0.0	0.0
-6677.96788326	0.0	0.0	0.0	-0.018935971494	0.0	0.0
-6423.63563459	0.0	0.0	0.0	1.45125768639	0.0	0.0
-5986.69145832	0.0	0.0	0.0	-0.0306188152952	0.0	0.0
-5803.56623899	0.0	0.0	0.0	1.00698214509	0.0	0.0
-5352.95021103	0.0	0.0	0.0	0.024154615485	0.0	0.0
-5215.73061481	0.0	0.0	0.0	0.702678762177	0.0	0.0