
-1181.59868406	0.0	0.0	0.0	0.751094576742	0.0	0.0
-2271.83217967	0.0	0.0	0.0	0.608124503473	0.0	0.0
-3319.03817569	0.0	0.0	0.0	0.530503669527	0.0	0.0
-4389.85785043	0.0	0.0	0.0	0.714461012888	0.0	0.0
-5497.04718072	0.0	0.0	0.0	1.34692016546	0.0	0.0
-6051.84196078	0.0	0.0	0.0	1.95316655575	0.0	0.0
-6578.81590093	0.0	0.0	0.0	2.88613040107	0.0	0.0
-7063.45862269	0.0	0.0	0.0	4.15269071255	0.0	0.0
-7466.27945397	0.0	0.0	0.0	5.94671775011	0.0	0.0
-9197.21492969	0.0	0.0	0.0	-0.25317773852	0.0	0.0
-8497.14277501	0.0	0.0	0.0	3.28572050282	0.0	0.0
-8144.01465293	0.0	0.0	0.0	-0.091481894117	0.0	0.0
-7691.57831882	0.0	0.0	0.0	2.25085469382	0.0	0.0
-7275.53163828	0.0	0.0	0.0	-0.018935971494	0.0	0.0
-6982.30361559	0.0	0.0	0.0	1.45125768639	0.0	0.0
-6514.57248105	0.0	0.0	0.0	-0.0306188152952	0.0	0.0
-6305.43558719	0.0	0.0	0.0	1.00698214509	0.0	0.0
-5820.76071244	0.0	0.0	0.0	0.024154615485	0.0	0.0
-5665.51610796	0.0	0.0	0.0	0.702678762177	0.0	0.0