
-1131.188957	0.0	0.0	0.0	0.751094576742	0.0	0.0
-2171.01272533	0.0	0.0	0.0	0.608124503473	0.0	0.0
-3167.80899421	0.0	0.0	0.0	0.530503669527	0.0	0.0
-4188.21894251	0.0	0.0	0.0	0.714461012888	0.0	0.0
-5244.99854546	0.0	0.0	0.0	1.34692016546	0.0	0.0
-5774.58846261	0.0	0.0	0.0	1.95316655575	0.0	0.0
-6276.35753945	0.0	0.0	0.0	2.88613040107	0.0	0.0
-6735.79539565	0.0	0.0	0.0	4.15269071255	0.0	0.0
-7113.41136458	0.0	0.0	0.0	5.94671775011	0.0	0.0
-8716.12905164	0.0	0.0	0.0	-0.25317773852	0.0	0.0
-8069.68170268	0.0	0.0	0.0	3.28572050282	0.0	0.0
-7729.78020586	0.0	0.0	0.0	-0.091481894117	0.0	0.0
-7313.45104346	0.0	0.0	0.0	2.25085469382	0.0	0.0
-6912.65657463	0.0	0.0	0.0	-0.018935971494	0.0	0.0
-6645.24273425	0.0	0.0	0.0	1.45125768639	0.0	0.0
-6194.61863456	0.0	0.0	0.0	-0.0306188152952	0.0	0.0
-6004.13373466	0.0	0.0	0.0	1.00698214509	0.0	0.0
-5538.2498935	0.0	0.0	0.0	0.024154615485	0.0	0.0
-5396.70027729	0.0	0.0	0.0	0.702678762177	0.0	0.0