
-1143.4296552	0.0	0.0	0.0	0.751094576742	0.0	0.0
-2195.49412178	0.0	0.0	0.0	0.608124503473	0.0	0.0
-3204.53108888	0.0	0.0	0.0	0.530503669527	0.0	0.0
-4237.18173523	0.0	0.0	0.0	0.714461012888	0.0	0.0
-5306.20203644	0.0	0.0	0.0	1.34692016546	0.0	0.0
-5841.91230255	0.0	0.0	0.0	1.95316655575	0.0	0.0
-6349.80172843	0.0	0.0	0.0	2.88613040107	0.0	0.0
-6815.35993423	0.0	0.0	0.0	4.15269071255	0.0	0.0
-7199.09625197	0.0	0.0	0.0	5.94671775011	0.0	0.0
-8832.94089643	0.0	0.0	0.0	-0.25317773852	0.0	0.0
-8173.46885984	0.0	0.0	0.0	3.28572050282	0.0	0.0
-7830.35656946	0.0	0.0	0.0	-0.091481894117	0.0	0.0
-7405.26055247	0.0	0.0	0.0	2.25085469382	0.0	0.0
-7000.7623137	0.0	0.0	0.0	-0.018935971494	0.0	0.0
-6727.08237824	0.0	0.0	0.0	1.45125768639	0.0	0.0
-6272.30360326	0.0	0.0	0.0	-0.0306188152952	0.0	0.0
-6077.29197199	0.0	0.0	0.0	1.00698214509	0.0	0.0
-5606.84439413	0.0	0.0	0.0	0.024154615485	0.0	0.0
-5461.97150743	0.0	0.0	0.0	0.702678762177	0.0	0.0