
2.02462940735
1.74863816842
1.47883177563
1.21504383848
0.957245484838
0.705738253364
0.461942391162
0.233942275795
0.122544349942
0.2961229641
0.516345175004
1.39860951267
1.13358998105
0.874705659294
0.622455095868
0.379210596511
0.162885301857
0.168896677468
0.378370261437
0.603542396143
0.828275045392
1.05027115401
0.822735911398
0.569132680341
0.32586464284
0.126373788145
0.214558874634
0.435502723156
0.663759489232
0.890453229489
1.11406942915
1.33421909114
1.55081143295
0.298961747517
0.113353334572
0.241439588677
0.467807675426
0.698636629467
0.92738707322
1.15286107011
1.37475322777
1.59300415948
1.80764106555
2.018739789
0.246901232873
0.476444199962
0.709730597723
0.940724399682
1.16831962543
1.39224103015
1.61244304263
1.82896078583
2.04187522293
2.25123652416
2.45714444179
0.698414813231
0.931866720961
1.16185319092
1.38808924586
1.6105299421
1.82921317177
2.04422299856
2.25561269732
2.46348485091
2.66792663331
2.86902630912
1.13464084827
1.36347315975
1.58843560235
1.80956386915
2.02694325932
2.2406290481
2.45072657034
2.65732565784
2.86051726152
3.06037914604
3.25699928102
1.54713372148
1.77098306975
1.99100270427
2.20724868815
2.41982899346
2.62883613551
2.83436416376
3.0364926526
3.23531280498
3.43090535307
3.62334774931
1.93718721878
2.15627061405
2.37158939804
2.58325348876
2.79136048322
2.9959912514
3.19724101721
3.39519319678
3.58992939655
3.78152145259
3.9700474728
2.3066646711
2.5212345492
2.73216292881
2.93953115266
3.1434394677
3.3439742205
3.54121825813
3.73525090897
3.92614805657
4.11398238631
4.29882301161
2.65730218453
2.8676506853
3.07444733861
3.27778823411
3.47775933769
3.67444666855
3.86791785178
4.05825937654
4.24553918171
4.42982618668
4.6111861581