-890.275143862	1.26468856501	60.2267525889	0.332316955248	0.705881197967	6.9063443331e-310
-1664.97341111	1.64332779499	89.3400232351	0.935480620212	0.523545080193	0.0
-2348.54294363	1.54453278007	117.911571398	1.66839690314	0.460634639855	0.0
-3041.15874409	1.37467894087	193.757951549	2.4210799865	0.567718803668	0.0
-3780.90373079	1.3950303497	493.978033129	3.60815118202	1.1578778421	0.0
-4156.233126	1.50591026621	815.797393464	4.09610675358	1.73842602742	0.0
-4509.80489237	1.66298821721	1356.66185121	4.83128898941	2.64996878975	0.0
-4817.42029211	1.86030268458	2210.51570914	5.71443150117	3.98587223022	0.0
-5048.90848458	2.04733966034	3505.34821112	6.40157479119	5.86891373362	0.0
-6040.85523168	0.901024481486	9.51212288675	3.10030855436	0.0418490829686	0.0
-5730.32290073	1.17231230044	1113.85692305	3.84472438218	3.38218966475	0.0
-5468.99362795	1.00295371363	-21.4758649685	3.28093570198	-0.0801186613827	0.0
-5241.36542266	1.28366385774	764.581050785	4.09326394332	2.11557190417	0.0
-4942.34005545	1.0527568005	-51.9796201891	3.40037647739	-0.176577109445	0.0
-4776.00772177	1.2980094428	488.911728359	3.9237888254	1.3077102152	0.0
-4448.47433426	1.0673129501	-47.6010063947	3.09316086235	-0.154732140976	0.0
-4324.80086174	1.27441196737	305.279546992	3.61464983733	0.821441980719	0.0
-3991.5709198	1.20264704994	-27.7790596783	2.97734362472	-0.090157487446	0.0
-3896.5824649	1.28205808434	186.404451023	3.22865024348	0.521015654792	0.0
