-880.053230457	1.24910289104	60.630131415	0.332108138165	0.71060895626	6.92755151402e-310
-1646.60336246	1.60227549148	90.7704443394	0.935951766995	0.531927548706	0.0
-2325.92708481	1.54014741816	121.072624797	1.67806946619	0.472983645785	0.0
-3014.71583304	1.36967319339	199.310202379	2.44539706402	0.583987128006	0.0
-3748.97128918	1.40339754936	503.336296639	3.62172093993	1.17981348545	0.0
-4120.81341137	1.52351064991	826.521738758	4.14470620789	1.76127910484	0.0
-4470.62034245	1.6975024889	1368.61873632	4.89932282359	2.67332418397	0.0
-4774.38295688	1.88510235278	2223.12078632	5.80861101881	4.00860096581	0.0
-5002.44146885	2.08883506129	3514.95175058	6.53158367053	5.88499269104	0.0
-5992.22133198	0.906858464369	27.6467069135	3.10100395338	0.121633135443	0.0
-5683.03382358	1.1971993659	1127.00960666	3.93617812046	3.42212735305	0.0
-5424.5258594	1.04112130058	-4.2215375956	3.39886598556	-0.015749025319	0.0
-5197.50702573	1.30434232121	779.939352077	4.15092439996	2.1580678445	0.0
-4902.06433674	1.07070279336	-36.4606073888	3.44516759563	-0.123858324434	0.0
-4736.00616284	1.33027133499	503.317262107	4.01520793055	1.34624122713	0.0
-4412.22843754	1.07681574858	-35.9643957435	3.07858388087	-0.116906098711	0.0
-4288.68539697	1.2911485699	317.812498879	3.67524892556	0.855165474232	0.0
-3957.96264121	1.22622679352	-17.8116874574	2.99598052727	-0.0578081838239	0.0
-3863.75144841	1.31322995783	196.616999243	3.29846547021	0.549560560606	0.0
