
-1048.18101527	0.0	0.0	0.0	0.92192511852	0.0	0.0
-2004.99684151	0.0	0.0	0.0	0.949785587775	0.0	0.0
-2918.78516855	0.0	0.0	0.0	1.04299529585	0.0	0.0
-3856.18717614	0.0	0.0	0.0	1.39778317888	0.0	0.0
-4829.95883689	0.0	0.0	0.0	2.20107287419	0.0	0.0
-5318.04478421	0.0	0.0	0.0	2.89273453327	0.0	0.0
-5778.30989054	0.0	0.0	0.0	3.91111364873	0.0	0.0
-6196.24377252	0.0	0.0	0.0	5.263089238	0.0	0.0
-6532.35577254	0.0	0.0	0.0	7.14253154244	0.0	0.0
-7973.98657786	0.0	0.0	0.0	-0.572966965849	0.0	0.0
-7426.78358717	0.0	0.0	0.0	3.80601361236	0.0	0.0
-7105.1429423	0.0	0.0	0.0	0.153234031432	0.0	0.0
-6740.41263306	0.0	0.0	0.0	2.95335378846	0.0	0.0
-6366.57075352	0.0	0.0	0.0	0.47115230743	0.0	0.0
-6128.00453139	0.0	0.0	0.0	2.21819221901	0.0	0.0
-5709.73998248	0.0	0.0	0.0	0.563803492038	0.0	0.0
-5535.98387701	0.0	0.0	0.0	1.77705780216	0.0	0.0
-5105.78807553	0.0	0.0	0.0	0.648122466099	0.0	0.0
-4974.40664455	0.0	0.0	0.0	1.4434145893	0.0	0.0