
-1110.73445969	0.0	0.0	0.0	0.789151375753	0.0	0.0
-2130.10373061	0.0	0.0	0.0	0.684238101662	0.0	0.0
-3106.44550215	0.0	0.0	0.0	0.644674066782	0.0	0.0
-4106.40095339	0.0	0.0	0.0	0.866688208685	0.0	0.0
-5142.7260589	0.0	0.0	0.0	1.53720416048	0.0	0.0
-5662.08872766	0.0	0.0	0.0	2.16247894981	0.0	0.0
-6153.63055592	0.0	0.0	0.0	3.11447119447	0.0	0.0
-6602.84116264	0.0	0.0	0.0	4.40005990699	0.0	0.0
-6970.2298834	0.0	0.0	0.0	6.21311534316	0.0	0.0
-8525.48748522	0.0	0.0	0.0	-2.59975686046	0.0	0.0
-7905.3208667	0.0	0.0	0.0	2.36291010403	0.0	0.0
-7569.5717629	0.0	0.0	0.0	-1.35876494229	0.0	0.0
-7167.83948636	0.0	0.0	0.0	1.77665330164	0.0	0.0
-6773.18634907	0.0	0.0	0.0	-0.733319381223	0.0	0.0
-6514.58959383	0.0	0.0	0.0	1.22211639725	0.0	0.0
-6071.4088562	0.0	0.0	0.0	-0.43186614477	0.0	0.0
-5886.47064048	0.0	0.0	0.0	0.915513976242	0.0	0.0
-5428.8943443	0.0	0.0	0.0	-0.193526020273	0.0	0.0
-5290.99485145	0.0	0.0	0.0	0.691600217463	0.0	0.0