
-1089.94115467	0.0	0.0	0.0	0.809515162974	0.0	0.0
-2088.51712048	0.0	0.0	0.0	0.724965676192	0.0	0.0
-3044.06558698	0.0	0.0	0.0	0.705765428561	0.0	0.0
-4023.22773346	0.0	0.0	0.0	0.948143357433	0.0	0.0
-5038.75953383	0.0	0.0	0.0	1.63902309657	0.0	0.0
-5547.72555033	0.0	0.0	0.0	2.27447977925	0.0	0.0
-6028.87072618	0.0	0.0	0.0	3.23665391743	0.0	0.0
-6467.68467955	0.0	0.0	0.0	4.53242452439	0.0	0.0
-6824.67674829	0.0	0.0	0.0	6.35566185369	0.0	0.0
-8333.8006409	0.0	0.0	0.0	-2.07829629653	0.0	0.0
-7739.12175272	0.0	0.0	0.0	2.68126004108	0.0	0.0
-7407.8731287	0.0	0.0	0.0	-1.00333724663	0.0	0.0
-7020.33154857	0.0	0.0	0.0	2.01569661953	0.0	0.0
-6632.10148121	0.0	0.0	0.0	-0.471721155378	0.0	0.0
-6382.08947716	0.0	0.0	0.0	1.41177365279	0.0	0.0
-5946.59444804	0.0	0.0	0.0	-0.229598723138	0.0	0.0
-5767.06253266	0.0	0.0	0.0	1.07175707616	0.0	0.0
-5318.01169094	0.0	0.0	0.0	-0.0315050054029	0.0	0.0
-5183.67280111	0.0	0.0	0.0	0.822965150016	0.0	0.0