
-1158.61434153	0.0	0.0	0.0	0.861105902884	0.0	0.0
-2225.8634945	0.0	0.0	0.0	0.828147156238	0.0	0.0
-3250.08514795	0.0	0.0	0.0	0.860537648592	0.0	0.0
-4297.92048044	0.0	0.0	0.0	1.15450631674	0.0	0.0
-5382.12546807	0.0	0.0	0.0	1.89697679607	0.0	0.0
-5925.42807715	0.0	0.0	0.0	2.55822884808	0.0	0.0
-6440.90984613	0.0	0.0	0.0	3.54619835599	0.0	0.0
-6914.0603957	0.0	0.0	0.0	4.86776433498	0.0	0.0
-7305.38905625	0.0	0.0	0.0	6.71679703303	0.0	0.0
-8983.31260811	0.0	0.0	0.0	-3.012854871	0.0	0.0
-8312.58733764	0.0	0.0	0.0	2.44255115724	0.0	0.0
-7964.16716206	0.0	0.0	0.0	-1.43115478542	0.0	0.0
-7528.03543559	0.0	0.0	0.0	1.98908753106	0.0	0.0
-7118.91680838	0.0	0.0	0.0	-0.637430883715	0.0	0.0
-6835.5392092	0.0	0.0	0.0	1.49363377825	0.0	0.0
-6376.19004222	0.0	0.0	0.0	-0.252114105555	0.0	0.0
-6173.25069942	0.0	0.0	0.0	1.20688857017	0.0	0.0
-5697.92301863	0.0	0.0	0.0	0.0231062814295	0.0	0.0
-5546.75726166	0.0	0.0	0.0	0.982026671451	0.0	0.0