
-1061.86676065	0.0	0.0	0.0	0.879707061352	0.0	0.0
-2032.36833233	0.0	0.0	0.0	0.865349473255	0.0	0.0
-2959.84240476	0.0	0.0	0.0	0.916341124103	0.0	0.0
-3910.93015757	0.0	0.0	0.0	1.22891095049	0.0	0.0
-4898.38756378	0.0	0.0	0.0	1.98998258839	0.0	0.0
-5393.31638361	0.0	0.0	0.0	2.66053521941	0.0	0.0
-5860.42436258	0.0	0.0	0.0	3.65780530647	0.0	0.0
-6285.2011178	0.0	0.0	0.0	4.98867186545	0.0	0.0
-6628.15599019	0.0	0.0	0.0	6.84700514229	0.0	0.0
-8088.16820457	0.0	0.0	0.0	-1.09881781599	0.0	0.0
-7526.71729732	0.0	0.0	0.0	3.40134087129	0.0	0.0
-7201.64962573	0.0	0.0	0.0	-0.258349187848	0.0	0.0
-6830.43391051	0.0	0.0	0.0	2.61182551572	0.0	0.0
-6451.60813567	0.0	0.0	0.0	0.131076470029	0.0	0.0
-6210.0646766	0.0	0.0	0.0	1.92198405124	0.0	0.0
-5785.91183217	0.0	0.0	0.0	0.274818032203	0.0	0.0
-5610.85760637	0.0	0.0	0.0	1.51650479052	0.0	0.0
-5174.2787382	0.0	0.0	0.0	0.398824821558	0.0	0.0
-5042.38353622	0.0	0.0	0.0	1.21327441508	0.0	0.0