
-1099.45170882	0.0	0.0	0.0	0.918498481896	0.0	0.0
-2107.53822882	0.0	0.0	0.0	0.942932314512	0.0	0.0
-3072.59724948	0.0	0.0	0.0	1.03271538596	0.0	0.0
-4061.26994999	0.0	0.0	0.0	1.38407663241	0.0	0.0
-5086.31230457	0.0	0.0	0.0	2.18393969108	0.0	0.0
-5600.03359802	0.0	0.0	0.0	2.87388803189	0.0	0.0
-6085.9340509	0.0	0.0	0.0	3.89055382905	0.0	0.0
-6529.50328173	0.0	0.0	0.0	5.24081609987	0.0	0.0
-6891.25062732	0.0	0.0	0.0	7.11854508607	0.0	0.0
-8443.29911349	0.0	0.0	0.0	-1.53847029068	0.0	0.0
-7841.97096626	0.0	0.0	0.0	3.34330356018	0.0	0.0
-7507.06814105	0.0	0.0	0.0	-0.425506440141	0.0	0.0
-7109.6565183	0.0	0.0	0.0	2.66519138434	0.0	0.0
-6719.27424391	0.0	0.0	0.0	0.102715657501	0.0	0.0
-6459.35292041	0.0	0.0	0.0	2.02976596668	0.0	0.0
-6022.17711429	0.0	0.0	0.0	0.319973766923	0.0	0.0
-5834.02438563	0.0	0.0	0.0	1.64833232417	0.0	0.0
-5383.16006998	0.0	0.0	0.0	0.481162942243	0.0	0.0
-5241.74043428	0.0	0.0	0.0	1.35300858978	0.0	0.0