
-1095.10007433	0.0	0.0	0.0	0.877336219317	0.0	0.0
-2098.83495982	0.0	0.0	0.0	0.860607789175	0.0	0.0
-3059.54234597	0.0	0.0	0.0	0.909228597985	0.0	0.0
-4043.86341204	0.0	0.0	0.0	1.21942758236	0.0	0.0
-5064.55413211	0.0	0.0	0.0	1.97812837822	0.0	0.0
-5576.09960837	0.0	0.0	0.0	2.64749558825	0.0	0.0
-6059.82424402	0.0	0.0	0.0	3.6435802543	0.0	0.0
-6501.21765743	0.0	0.0	0.0	4.97326139217	0.0	0.0
-6860.78918587	0.0	0.0	0.0	6.83040924805	0.0	0.0
-8394.18335803	0.0	0.0	0.0	-1.7275595323	0.0	0.0
-7796.6143292	0.0	0.0	0.0	3.09995184292	0.0	0.0
-7463.186787	0.0	0.0	0.0	-0.635171079838	0.0	0.0
-7070.2314235	0.0	0.0	0.0	2.42390149078	0.0	0.0
-6680.83920414	0.0	0.0	0.0	-0.108945360275	0.0	0.0
-6425.12477313	0.0	0.0	0.0	1.79887702016	0.0	0.0
-5988.81741889	0.0	0.0	0.0	0.115805396651	0.0	0.0
-5804.22774444	0.0	0.0	0.0	1.43220851292	0.0	0.0
-5354.3221688	0.0	0.0	0.0	0.289785342315	0.0	0.0
-5215.78786373	0.0	0.0	0.0	1.15390865749	0.0	0.0