
-1105.98321179	0.0	0.0	0.0	0.896967828572	0.0	0.0
-2120.60123478	0.0	0.0	0.0	0.899871007771	0.0	0.0
-3092.19175842	0.0	0.0	0.0	0.968123425865	0.0	0.0
-4087.39596182	0.0	0.0	0.0	1.29795401926	0.0	0.0
-5118.9698194	0.0	0.0	0.0	2.07628642448	0.0	0.0
-5635.95686426	0.0	0.0	0.0	2.75546943889	0.0	0.0
-6125.1230686	0.0	0.0	0.0	3.76136990949	0.0	0.0
-6571.95805117	0.0	0.0	0.0	5.10086685277	0.0	0.0
-6936.97114809	0.0	0.0	0.0	6.96783051282	0.0	0.0
-8498.94808861	0.0	0.0	0.0	-1.80000200067	0.0	0.0
-7889.97187358	0.0	0.0	0.0	3.14039925198	0.0	0.0
-7553.63228862	0.0	0.0	0.0	-0.631159221416	0.0	0.0
-7152.7349448	0.0	0.0	0.0	2.49319456546	0.0	0.0
-6760.08464031	0.0	0.0	0.0	-0.0679439762093	0.0	0.0
-6498.55417927	0.0	0.0	0.0	1.88010696026	0.0	0.0
-6058.62809035	0.0	0.0	0.0	0.174437997959	0.0	0.0
-5869.76539233	0.0	0.0	0.0	1.51638386593	0.0	0.0
-5415.88651487	0.0	0.0	0.0	0.355272981796	0.0	0.0
-5274.17847872	0.0	0.0	0.0	1.23626563594	0.0	0.0