
-1065.01654571	0.0	0.0	0.0	0.920949182962	0.0	0.0
-2038.66790246	0.0	0.0	0.0	0.947833716655	0.0	0.0
-2969.29175996	0.0	0.0	0.0	1.04006748917	0.0	0.0
-3923.52929778	0.0	0.0	0.0	1.39387943666	0.0	0.0
-4914.13648906	0.0	0.0	0.0	2.19619319641	0.0	0.0
-5410.64020139	0.0	0.0	0.0	2.88736688772	0.0	0.0
-5879.32307287	0.0	0.0	0.0	3.9052580354	0.0	0.0
-6305.67472075	0.0	0.0	0.0	5.25674565685	0.0	0.0
-6650.20448559	0.0	0.0	0.0	7.13569999353	0.0	0.0
-8127.5450568	0.0	0.0	0.0	-0.888421174329	0.0	0.0
-7562.89694241	0.0	0.0	0.0	3.65523264039	0.0	0.0
-7236.82609249	0.0	0.0	0.0	-0.0356358509582	0.0	0.0
-6861.53542172	0.0	0.0	0.0	2.85974446335	0.0	0.0
-6482.21442149	0.0	0.0	0.0	0.351147866474	0.0	0.0
-6236.73373721	0.0	0.0	0.0	2.15723319832	0.0	0.0
-5812.22849535	0.0	0.0	0.0	0.484595602035	0.0	0.0
-5633.80356364	0.0	0.0	0.0	1.73561798749	0.0	0.0
-5196.80063982	0.0	0.0	0.0	0.594062405927	0.0	0.0
-5062.15982257	0.0	0.0	0.0	1.41447863152	0.0	0.0