
-1117.7494485	0.0	0.0	0.0	0.885609461357	0.0	0.0
-2144.13370826	0.0	0.0	0.0	0.87715427329	0.0	0.0
-3127.49046863	0.0	0.0	0.0	0.934048324151	0.0	0.0
-4134.46090859	0.0	0.0	0.0	1.25252055047	0.0	0.0
-5177.80100296	0.0	0.0	0.0	2.01949458841	0.0	0.0
-5700.67116603	0.0	0.0	0.0	2.69299841935	0.0	0.0
-6195.72048867	0.0	0.0	0.0	3.69321970639	0.0	0.0
-6648.43859007	0.0	0.0	0.0	5.02703746561	0.0	0.0
-7019.33480507	0.0	0.0	0.0	6.88832194232	0.0	0.0
-8605.77965221	0.0	0.0	0.0	-2.09226204466	0.0	0.0
-7983.33018204	0.0	0.0	0.0	2.96177488328	0.0	0.0
-7644.22741902	0.0	0.0	0.0	-0.830581551259	0.0	0.0
-7235.80336805	0.0	0.0	0.0	2.35914423979	0.0	0.0
-6839.37840212	0.0	0.0	0.0	-0.214716483606	0.0	0.0
-6573.28470951	0.0	0.0	0.0	1.7738378557	0.0	0.0
-6128.91675576	0.0	0.0	0.0	0.0610107999857	0.0	0.0
-5937.17578772	0.0	0.0	0.0	1.42890694311	0.0	0.0
-5478.41003351	0.0	0.0	0.0	0.264474709973	0.0	0.0
-5334.80403917	0.0	0.0	0.0	1.16276905873	0.0	0.0