
80.8454592933
83.4452856922
85.9998252756
88.5364986629
91.0863963407
93.6850152595
96.375960997
99.2133527107
102.27120029
105.665177042
109.645168284
75.8977201761
78.8530841872
81.7545251931
84.6268420991
87.4986675146
90.4025241592
93.3764558789
96.4676028563
99.7358604206
103.264037823
107.185526129
69.812808298
73.0860705367
76.3018330805
79.4823156471
82.6527196324
85.842485883
89.0857770673
92.4229123942
95.9046059371
99.595964041
103.589071219
62.743089558
66.277662217
69.7577776048
73.2019673607
76.6323598444
80.0743259123
83.5578983541
87.1187576903
90.7995410185
94.6540759623
98.7528093841
54.7245215478
58.6208376957
62.295191264
65.9404187095
69.5742383655
73.2182431772
76.8978490221
80.6437795887
84.4928545533
88.4895803937
92.6910920221
36.1104452478
47.8813231555
54.1505203906
57.9131321766
61.6746323236
65.4518393162
69.2656125972
73.1414979892
77.1104344025
81.2099573595
85.4869143407
20.7059233186
29.7217780023
40.7718408383
49.402839081
53.1945727175
57.0159871376
60.8825879915
64.8145929886
68.8371485018
72.9812845463
77.2854995613
8.94327501348
15.2701818707
23.3865541913
33.5475688681
44.4661797547
48.220216019
52.0371931095
55.9313512397
59.9217077486
64.0331355363
68.2962347847
1.88012485376
5.20465718071
10.3355677329
17.3424401695
26.4231642034
38.1792135398
43.0907876814
46.8310344338
50.6824413835
54.6630697758
58.7965009536
0.841484246644
0.698322873246
2.48865500443
6.19723810262
11.8714248126
19.6624539929
29.973956618
37.9303961849
41.5130040975
45.2429417371
49.1366951362
7.37073829298
3.18825422655
1.14005742258
1.15396079624
3.20019458245
7.30501593602
13.5805437789
22.3149839928
32.889064587
36.2245788264
39.7456343078