
-1125.15759047	0.0	0.0	0.0	0.760666499445	0.0	0.0
-2158.94999223	0.0	0.0	0.0	0.62726834892	0.0	0.0
-3149.71489458	0.0	0.0	0.0	0.55921943769	0.0	0.0
-4164.09347642	0.0	0.0	0.0	0.752748703636	0.0	0.0
-5214.84171279	0.0	0.0	0.0	1.39477977896	0.0	0.0
-5741.41594676	0.0	0.0	0.0	2.00581213049	0.0	0.0
-6240.16934035	0.0	0.0	0.0	2.94356193712	0.0	0.0
-6696.59151304	0.0	0.0	0.0	4.21490821033	0.0	0.0
-7071.19179885	0.0	0.0	0.0	6.01372120902	0.0	0.0
-8658.57413294	0.0	0.0	0.0	-3.05881055754	0.0	0.0
-8018.54526113	0.0	0.0	0.0	2.04340245842	0.0	0.0
-7680.22558501	0.0	0.0	0.0	-1.69628531812	0.0	0.0
-7268.21590955	0.0	0.0	0.0	1.51846976488	0.0	0.0
-6869.24644311	0.0	0.0	0.0	-0.99950537895	0.0	0.0
-6604.91954812	0.0	0.0	0.0	1.00490201524	0.0	0.0
-6156.34275225	0.0	0.0	0.0	-0.650329136123	0.0	0.0
-5968.08770788	0.0	0.0	0.0	0.728420116104	0.0	0.0
-5504.45276376	0.0	0.0	0.0	-0.377246136669	0.0	0.0
-5364.54007604	0.0	0.0	0.0	0.52881987282	0.0	0.0