
-1074.13354452	0.0	0.0	0.0	0.810745499818	0.0	0.0
-2056.90190012	0.0	0.0	0.0	0.727426349885	0.0	0.0
-2996.64275645	0.0	0.0	0.0	0.709456439101	0.0	0.0
-3959.99729298	0.0	0.0	0.0	0.953064704802	0.0	0.0
-4959.72148312	0.0	0.0	0.0	1.64517478079	0.0	0.0
-5460.78369474	0.0	0.0	0.0	2.28124663188	0.0	0.0
-5934.02506558	0.0	0.0	0.0	3.24403593848	0.0	0.0
-6364.93521324	0.0	0.0	0.0	4.5404217139	0.0	0.0
-6714.02347728	0.0	0.0	0.0	6.3642742116	0.0	0.0
-8186.84831264	0.0	0.0	0.0	-1.77708388593	0.0	0.0
-7610.14928398	0.0	0.0	0.0	2.82565407466	0.0	0.0
-7282.6945426	0.0	0.0	0.0	-0.822886093547	0.0	0.0
-6905.92124847	0.0	0.0	0.0	2.1058778722	0.0	0.0
-6522.59811772	0.0	0.0	0.0	-0.356703766493	0.0	0.0
-6279.5788637	0.0	0.0	0.0	1.47100118132	0.0	0.0
-5849.78573315	0.0	0.0	0.0	-0.153291509791	0.0	0.0
-5674.94543915	0.0	0.0	0.0	1.11244345451	0.0	0.0
-5232.1795429	0.0	0.0	0.0	0.0209260975191	0.0	0.0
-5101.09994508	0.0	0.0	0.0	0.851728679938	0.0	0.0