
-1094.10354642	0.0	0.0	0.0	0.908367394678	0.0	0.0
-2096.84190401	0.0	0.0	0.0	0.922670140031	0.0	0.0
-3056.55276226	0.0	0.0	0.0	1.00232212425	0.0	0.0
-4039.87730045	0.0	0.0	0.0	1.3435522836	0.0	0.0
-5059.5714926	0.0	0.0	0.0	2.133284255	0.0	0.0
-5570.61870493	0.0	0.0	0.0	2.81816705232	0.0	0.0
-6053.84507663	0.0	0.0	0.0	3.82976730592	0.0	0.0
-6494.74022605	0.0	0.0	0.0	5.17496403272	0.0	0.0
-6853.81349056	0.0	0.0	0.0	7.04762747555	0.0	0.0
-8391.68841574	0.0	0.0	0.0	-1.50601394422	0.0	0.0
-7795.96688396	0.0	0.0	0.0	3.32013323657	0.0	0.0
-7462.49672847	0.0	0.0	0.0	-0.430490291105	0.0	0.0
-7069.01341233	0.0	0.0	0.0	2.62804002845	0.0	0.0
-6680.22575897	0.0	0.0	0.0	0.0797351197089	0.0	0.0
-6423.1939986	0.0	0.0	0.0	1.98696776336	0.0	0.0
-5987.78679406	0.0	0.0	0.0	0.288538004431	0.0	0.0
-5801.76344434	0.0	0.0	0.0	1.60431771693	0.0	0.0
-5352.84162642	0.0	0.0	0.0	0.446583118338	0.0	0.0
-5213.00681124	0.0	0.0	0.0	1.31012400209	0.0	0.0