-744.452945257	-0.0	56.0652139653	0.0	0.746837341007	0.0745626401662	1001.0
-1424.27851194	-0.0	71.5408622445	0.0	0.593297164968	0.127970304887	1001.0
-2053.93047967	-0.0	72.9515056702	0.0	0.543743413123	0.0908211036643	1001.0
-2691.77290646	-0.0	103.192086017	0.0	0.665888336301	0.156723781321	1001.0
-3341.0326685	-0.0	300.705495085	0.0	1.19699036899	0.588344632351	1001.0
-3650.78818995	-0.0	548.204905296	0.0	1.72930245361	1.06228178408	1001.0
-3932.33782101	-0.0	972.487248257	0.0	2.51605315586	1.80247186983	1001.0
-4166.63759097	-0.0	1648.28368009	0.0	3.62417969608	2.88246197938	1001.0
-4330.8171207	-0.0	2696.38007886	0.0	5.14420983546	4.43125580376	1001.0
-5563.85227075	-0.0	-1095.55679811	-0.0	-0.0160776123551	-4.9031696034	1001.0
-5079.52265879	-0.0	47.7313188617	0.0	2.99589862737	0.0617173346331	1001.0
-4934.41380855	-0.0	-780.044676877	-0.0	0.104673625887	-2.99968167364	1001.0
-4625.24382108	-0.0	48.4104313945	0.0	2.02954793175	0.044327801696	1001.0
-4419.88456666	-0.0	-554.611227288	-0.0	0.121537458751	-1.9811221762	1001.0
-4216.17410408	-0.0	12.089065824	0.0	1.37809943487	-0.0647505670026	1001.0
-3965.41712343	-0.0	-397.000096843	-0.0	0.110949980958	-1.39640473849	1001.0
-3826.45517348	-0.0	-16.3410345812	-0.0	0.946095874963	-0.149885668874	1001.0
-3550.69049383	-0.0	-278.502579719	-0.0	0.10998110505	-1.02038829867	1001.0
-3453.23546007	-0.0	-31.1908000661	-0.0	0.668634680241	-0.203684679152	1001.0
