-705.388330212	-0.0	64.1581871649	0.0	0.766899000353	0.169415328283	1001.0
-1346.14853529	-0.0	102.123245846	0.0	0.63342086706	0.307187108367	1001.0
-1936.73103615	-0.0	139.157516171	0.0	0.603931266215	0.349461858476	1001.0
-2535.51141263	-0.0	222.437906308	0.0	0.746136531615	0.50611845791	1001.0
-3145.70192201	-0.0	489.747403916	0.0	1.2973026053	1.03145567606	1001.0
-3435.93004878	-0.0	773.934633139	0.0	1.8396429966	1.54330056562	1001.0
-3697.93838075	-0.0	1224.55799821	0.0	2.63642914615	2.2948411779	1001.0
-3912.71815255	-0.0	1907.57415288	0.0	3.75458019456	3.3499986725	1001.0
-4057.35375392	-0.0	2913.62403009	0.0	5.28464713151	4.79498120095	1001.0
-4908.05956717	-0.0	8.61479774739	0.0	0.698266520818	-0.0453158262593	1001.0
-4677.63239336	-0.0	931.93536117	0.0	3.357003894	2.74656975975	1001.0
-4498.48384725	-0.0	26.697509176	0.0	0.526068233578	0.00997642016201	1001.0
-4308.43019737	-0.0	692.332002735	0.0	2.28469722128	1.82603612293	1001.0
-4090.48154566	-0.0	32.4305792567	0.0	0.410106997231	0.0130823884195	1001.0
-3948.32550518	-0.0	487.530875482	0.0	1.57504337003	1.20692932655	1001.0
-3698.6998767	-0.0	32.1291461989	0.0	0.324815902693	-0.00147644155195	1001.0
-3592.91595721	-0.0	334.63063121	0.0	1.10530772349	0.794502671035	1001.0
-3325.76744155	-0.0	33.7484040606	0.0	0.276957262455	-0.00697301818903	1001.0
-3246.95663183	-0.0	229.968739806	0.0	0.801099380597	0.526276497822	1001.0
