-833.156204373	-0.0	93.2181229323	0.0	0.723334853072	0.510008699353	1001.0
-1601.68672539	-0.0	222.176122605	0.0	0.546291739939	1.01071280805	1001.0
-2320.05296916	-0.0	421.160203695	0.0	0.473232581154	1.4511350662	1001.0
-3046.59283136	-0.0	775.549809142	0.0	0.571876559425	2.12675684956	1001.0
-3784.56638308	-0.0	1522.94997296	0.0	1.07947331404	3.45326505982	1001.0
-4138.66237857	-0.0	2177.58767782	0.0	1.60003711042	4.53441513305	1001.0
-4464.58405618	-0.0	3124.77965777	0.0	2.37503115908	6.00654046814	1001.0
-4743.20750506	-0.0	4467.20246714	0.0	3.47141386103	7.9653636136	1001.0
-4951.76505158	-0.0	6346.22536436	0.0	4.97968576498	10.5420884352	1001.0
-6207.35765558	-0.0	2062.03887008	0.0	-1.08600987682	8.98881792912	1001.0
-5760.93198214	-0.0	3435.54225564	0.0	2.38051847905	10.3486782331	1001.0
-5563.35816255	-0.0	1715.41112734	0.0	-0.601408740263	6.30994522913	1001.0
-5252.92552349	-0.0	2695.34351912	0.0	1.60525789774	7.36829848081	1001.0
-5003.65660065	-0.0	1400.1906746	0.0	-0.369610477142	4.65941829674	1001.0
-4787.64315132	-0.0	2061.0774278	0.0	1.06587797838	5.4157462028	1001.0
-4496.24180044	-0.0	1120.97343841	0.0	-0.244032642369	3.53792279258	1001.0
-4343.15903341	-0.0	1552.44553617	0.0	0.706257565925	4.07137744046	1001.0
-4027.68501067	-0.0	887.416385325	0.0	-0.15628118656	2.76361929893	1001.0
-3917.57111174	-0.0	1160.91874669	0.0	0.47801184398	3.12835399828	1001.0
