-768.87945041	-0.0	82.5725618028	0.0	0.75292566913	0.385238721159	1001.0
-1473.13198907	-0.0	177.89991128	0.0	0.605473937569	0.751248367107	1001.0
-2127.21349571	-0.0	316.462465395	0.0	0.562009270016	1.04212232165	1001.0
-2789.48082396	-0.0	568.466109835	0.0	0.690242121596	1.51999392932	1001.0
-3463.16999099	-0.0	1131.64137501	0.0	1.22743320519	2.53604431063	1001.0
-3785.13569308	-0.0	1642.53756536	0.0	1.7627886882	3.39425005327	1001.0
-4078.90419901	-0.0	2395.72932873	0.0	2.55258495586	4.5824878713	1001.0
-4325.40952469	-0.0	3478.98388084	0.0	3.6637537417	6.18346840955	1001.0
-4501.80957334	-0.0	5013.08404545	0.0	5.18682985628	8.31004766728	1001.0
-5539.77994173	-0.0	1289.74511166	0.0	-0.128461824265	5.59107597895	1001.0
-5212.51671821	-0.0	2480.27713461	0.0	2.92610729222	7.44805150652	1001.0
-5021.97337402	-0.0	1081.25162995	0.0	0.0171910815385	3.94412961038	1001.0
-4776.62639388	-0.0	1933.45883916	0.0	1.99703650061	5.26019039044	1001.0
-4541.88777987	-0.0	887.602498412	0.0	0.0690614485619	2.91813570098	1001.0
-4365.09828001	-0.0	1464.84699421	0.0	1.3680643827	3.82098899187	1001.0
-4094.09281465	-0.0	713.965429836	0.0	0.08441631082	2.21490182059	1001.0
-3965.73715994	-0.0	1092.9685219	0.0	0.949198781666	2.83502483134	1001.0
-3674.26631356	-0.0	569.233945801	0.0	0.100038362086	1.73095338931	1001.0
-3580.30612243	-0.0	811.238330265	0.0	0.678907506828	2.15097010311	1001.0
