-759.818945771	-0.0	96.8384618874	0.0	0.781423451997	0.552440432823	1001.0
-1455.01080663	-0.0	238.27162321	0.0	0.662470047925	1.10503456552	1001.0
-2100.03068332	-0.0	460.062572044	0.0	0.647506702659	1.60311126652	1001.0
-2753.23810179	-0.0	849.297714479	0.0	0.804235466117	2.3428409477	1001.0
-3417.86568855	-0.0	1663.69130111	0.0	1.36992771574	3.78316035762	1001.0
-3735.30227779	-0.0	2379.04775678	0.0	1.91952850624	4.96371650438	1001.0
-4024.53844593	-0.0	3428.19699721	0.0	2.72358022473	6.59920497007	1001.0
-4266.51637428	-0.0	4931.63340829	0.0	3.84898892227	8.80279702979	1001.0
-4438.38347531	-0.0	7082.99175032	0.0	5.38632240573	11.7756355368	1001.0
-5641.88510683	-0.0	1287.41729746	0.0	0.0858228163654	5.58083465322	1001.0
-5187.44831338	-0.0	3049.07637172	0.0	3.16241805671	9.17518906536	1001.0
-5028.37590474	-0.0	1243.61943819	0.0	0.23854098976	4.54986412718	1001.0
-4729.42655216	-0.0	2508.86322218	0.0	2.20805364469	6.85231406347	1001.0
-4513.65815901	-0.0	1130.7728538	0.0	0.270064939227	3.74419515244	1001.0
-4312.9727726	-0.0	1985.94132821	0.0	1.55621124346	5.21477719841	1001.0
-4053.63468672	-0.0	976.25331348	0.0	0.262666140732	3.0674952916	1001.0
-3914.86593054	-0.0	1541.50970668	0.0	1.11725240543	4.04195150422	1001.0
-3631.35364062	-0.0	820.843012285	0.0	0.257376827771	2.54755441197	1001.0
-3533.10233185	-0.0	1180.39493487	0.0	0.82893995072	3.18279145538	1001.0
