-782.83726067	-0.0	44.2946777814	0.0	0.687398850128	-0.0633924685531	1001.0
-1501.04787634	-0.0	23.1673120325	0.0	0.474419047276	-0.155505082607	1001.0
-2169.0889268	-0.0	-39.0624630289	-0.0	0.365419422302	-0.346773265705	1001.0
-2845.31314892	-0.0	-109.012903648	-0.0	0.428129756965	-0.465044709626	1001.0
-3532.96178324	-0.0	-82.5809033923	-0.0	0.899786242429	-0.31007221669	1001.0
-3861.9046351	-0.0	32.3409327896	0.0	1.40238655672	-0.0369985892429	1001.0
-4162.65525886	-0.0	269.89352732	0.0	2.15940433246	0.430096914415	1001.0
-4416.13509152	-0.0	686.166343642	0.0	3.23783035647	1.14763094976	1001.0
-4599.51819743	-0.0	1358.0567434	0.0	4.7281235688	2.19053893219	1001.0
-5786.02389239	-0.0	-1185.35237066	-0.0	-0.79426248905	-5.29822935943	1001.0
-5355.58964108	-0.0	-381.078390158	-0.0	2.38992939282	-1.24034727047	1001.0
-5180.0244925	-0.0	-965.307424847	-0.0	-0.511606012097	-3.69082878179	1001.0
-4887.48625492	-0.0	-382.967816938	-0.0	1.52745774924	-1.14928062651	1001.0
-4658.55424303	-0.0	-781.947674087	-0.0	-0.383084361641	-2.75339320504	1001.0
-4458.34558866	-0.0	-381.235968163	-0.0	0.948046686492	-1.11679001156	1001.0
-4187.38335728	-0.0	-627.176612906	-0.0	-0.312214369895	-2.14461693972	1001.0
-4047.09885897	-0.0	-358.252900656	-0.0	0.5716164855	-1.06989606023	1001.0
-3752.5854748	-0.0	-492.738997761	-0.0	-0.250967581141	-1.71569582678	1001.0
-3652.38399833	-0.0	-316.03944609	-0.0	0.339924147105	-0.999858745829	1001.0
