-798.705394056	-0.0	89.3398370557	0.0	0.741583552917	0.464553730999	1001.0
-1532.78444636	-0.0	205.828760842	0.0	0.582789488383	0.914915110962	1001.0
-2216.69560103	-0.0	382.001091421	0.0	0.527981295929	1.2981558687	1001.0
-2908.78691474	-0.0	696.847057841	0.0	0.644872775949	1.89615486896	1001.0
-3612.30556625	-0.0	1371.02889235	0.0	1.17072039683	3.09716461096	1001.0
-3949.1804892	-0.0	1967.42969461	0.0	1.70040624814	4.08657896199	1001.0
-4257.86883204	-0.0	2835.11005803	0.0	2.48452884707	5.44072939955	1001.0
-4519.27773131	-0.0	4070.24977609	0.0	3.59003014873	7.24960284344	1001.0
-4710.59962433	-0.0	5805.25461825	0.0	5.10743183118	9.63635643035	1001.0
-5844.60656487	-0.0	1766.02623321	0.0	-0.553780269181	7.68649670339	1001.0
-5465.68530857	-0.0	3059.67823901	0.0	2.68993085837	9.20738123792	1001.0
-5271.10757912	-0.0	1473.03186976	0.0	-0.253730225009	5.4057174511	1001.0
-4997.14821708	-0.0	2397.23458027	0.0	1.83082340435	6.54344154074	1001.0
-4755.23773159	-0.0	1205.0209858	0.0	-0.119993420738	3.99641903513	1001.0
-4560.99187495	-0.0	1829.40316288	0.0	1.24218402742	4.79607940327	1001.0
-4280.29921645	-0.0	966.75542407	0.0	-0.0548103763477	3.03662143504	1001.0
-4140.81989615	-0.0	1375.29604717	0.0	0.84960493889	3.59470673414	1001.0
-3838.09541957	-0.0	767.511698446	0.0	-0.0069470427101	2.37446682801	1001.0
-3736.8035905	-0.0	1027.21016747	0.0	0.597628638468	2.75462814507	1001.0
