-800.83381902	-0.0	57.2472425733	0.0	0.714352467022	0.0884164597865	1001.0
-1537.04133697	-0.0	77.7206093737	0.0	0.528326796176	0.164184438528	1001.0
-2223.08118095	-0.0	90.3857494932	0.0	0.44628413573	0.158929813853	1001.0
-2917.30077989	-0.0	144.311851322	0.0	0.535946317679	0.277206218904	1001.0
-3622.94810904	-0.0	396.085787328	0.0	1.03455961988	0.811914427571	1001.0
-3960.8869768	-0.0	692.590406202	0.0	1.55063335288	1.36996007875	1001.0
-4270.64002203	-0.0	1189.40533187	0.0	2.32113414103	2.22617754276	1001.0
-4533.1124631	-0.0	1969.64623973	0.0	3.41302848033	3.46192325619	1001.0
-4725.49920176	-0.0	3167.55111785	0.0	4.9168065192	5.2201241351	1001.0
-6227.65682838	-0.0	-1001.09853755	-0.0	-0.944698612859	-4.48759613678	1001.0
-5588.53431467	-0.0	257.478895416	0.0	2.4633790358	0.698607987276	1001.0
-5447.54054078	-0.0	-694.892281121	-0.0	-0.494844956483	-2.68200943396	1001.0
-5057.81588011	-0.0	214.97203206	0.0	1.64050470109	0.505197887608	1001.0
-4845.93662023	-0.0	-482.125493086	-0.0	-0.308094048678	-1.73488522952	1001.0
-4595.34535924	-0.0	138.452867199	0.0	1.07265339042	0.273238861394	1001.0
-4330.39765867	-0.0	-338.783175944	-0.0	-0.215466362572	-1.20716470967	1001.0
-4162.68075764	-0.0	76.6737542172	0.0	0.696559652923	0.100396876819	1001.0
-3868.17267054	-0.0	-233.374786651	-0.0	-0.148594987745	-0.873925365182	1001.0
-3752.32919221	-0.0	35.4308965539	0.0	0.459523507614	-0.0174718680075	1001.0
