-726.493313442	-0.0	61.2390503367	0.0	0.749575035489	0.135201947328	1001.0
-1388.35890509	-0.0	90.7448182943	0.0	0.598772606251	0.240508021445	1001.0
-2000.04901041	-0.0	114.019680223	0.0	0.551956888909	0.251258254078	1001.0
-2619.93298451	-0.0	177.105608208	0.0	0.67683932683	0.373293142986	1001.0
-3251.23098262	-0.0	415.339258134	0.0	1.21067937901	0.857044238187	1001.0
-3552.0089468	-0.0	680.733418415	0.0	1.74435996658	1.34469342968	1001.0
-3824.57462816	-0.0	1109.19798022	0.0	2.5324801462	2.069508678	1001.0
-4049.90024134	-0.0	1766.34307032	0.0	3.64197467101	3.09533943804	1001.0
-4205.09461258	-0.0	2742.30629967	0.0	5.16337447203	4.50814877505	1001.0
-5133.27048216	-0.0	-151.663491735	-0.0	0.32903760671	-0.750467540793	1001.0
-4857.99981238	-0.0	767.83089358	0.0	3.12497172048	2.24827269629	1001.0
-4677.80081716	-0.0	-107.329490606	-0.0	0.273654905492	-0.490028973949	1001.0
-4464.20352019	-0.0	555.593848345	0.0	2.10689643434	1.44768646305	1001.0
-4242.08403143	-0.0	-78.5176573956	-0.0	0.220743026787	-0.363813221914	1001.0
-4086.29960031	-0.0	374.840139771	0.0	1.4303437811	0.905511697975	1001.0
-3830.20555362	-0.0	-58.6071443408	-0.0	0.175367845363	-0.296423992402	1001.0
-3716.15745997	-0.0	242.913888794	0.0	0.98378965359	0.547712885551	1001.0
-3441.17808183	-0.0	-39.4926498807	-0.0	0.154906066607	-0.244677964141	1001.0
-3357.15077587	-0.0	156.271769009	0.0	0.697146568476	0.320287746392	1001.0
