-789.712661984	-0.0	118.592460708	0.0	0.778957448367	0.807405476516	1001.0
-1514.79881036	-0.0	327.469281269	0.0	0.657537993539	1.62774461204	1001.0
-2189.71611606	-0.0	667.7113551	0.0	0.640108338365	2.41431311328	1001.0
-2872.8152881	-0.0	1250.85803165	0.0	0.794371260097	3.51942757192	1001.0
-3567.34013996	-0.0	2400.88597702	0.0	1.35759721334	5.51113223581	1001.0
-3899.71982781	-0.0	3372.2003195	0.0	1.90596531215	7.08007503704	1001.0
-4203.90973475	-0.0	4764.47191832	0.0	2.70878346122	9.20934818747	1001.0
-4460.82510161	-0.0	6723.87388413	0.0	3.83295993399	12.0344552405	1001.0
-4647.64795346	-0.0	9484.93683577	0.0	5.36905968206	15.7971441924	1001.0
-5949.556342	-0.0	2563.35864608	0.0	-0.280641860965	11.1943973667	1001.0
-5443.35301711	-0.0	4672.35557741	0.0	2.98703878528	14.1042155157	1001.0
-5280.16774872	-0.0	2328.05460178	0.0	0.023514584335	8.59549248743	1001.0
-4952.17589563	-0.0	3838.63717901	0.0	2.09885383447	10.5317517927	1001.0
-4729.29759983	-0.0	2034.21189564	0.0	0.133266813489	6.81321381686	1001.0
-4510.61822142	-0.0	3051.42959182	0.0	1.48322578452	8.06467380853	1001.0
-4241.7134092	-0.0	1712.22570254	0.0	0.171696492063	5.45984847637	1001.0
-4091.30376284	-0.0	2381.23831673	0.0	1.06627626828	6.30147837011	1001.0
-3796.67067627	-0.0	1409.75482489	0.0	0.194451195096	4.45887658791	1001.0
-3690.64594706	-0.0	1832.45339481	0.0	0.791927283897	5.00534544327	1001.0
