-763.380967286	-0.0	142.081932451	0.0	0.813167532483	1.08271091523	1001.0
-1462.13491774	-0.0	422.276666322	0.0	0.725958815563	2.183328399	1001.0
-2110.71725835	-0.0	884.97551255	0.0	0.742743493392	3.26307843308	1001.0
-2767.48646447	-0.0	1662.64671217	0.0	0.931214253217	4.72598368014	1001.0
-3435.67649561	-0.0	3134.38333944	0.0	1.52865435188	7.23043767359	1001.0
-3754.89364765	-0.0	4342.41978803	0.0	2.09412319042	9.14756429083	1001.0
-4045.91164642	-0.0	6044.30018531	0.0	2.91405425574	11.7092342646	1001.0
-4289.66946312	-0.0	8406.02804767	0.0	4.05532499088	15.0676125582	1001.0
-4463.31863453	-0.0	11693.6040372	0.0	5.60853995774	19.4950531587	1001.0
-5618.87435116	-0.0	3912.69917273	0.0	0.294712632683	17.1308831436	1001.0
-5201.39050771	-0.0	6287.80615224	0.0	3.36945545353	19.009470622	1001.0
-5032.72787533	-0.0	3469.36844167	0.0	0.428899331541	12.853314249	1001.0
-4749.28454234	-0.0	5167.94278562	0.0	2.4041734078	14.2098936133	1001.0
-4527.55821235	-0.0	2983.29006243	0.0	0.448332578081	10.0372704195	1001.0
-4333.76927952	-0.0	4124.55846543	0.0	1.73996728255	10.9350070103	1001.0
-4070.58766628	-0.0	2486.31783233	0.0	0.428744517332	7.97611375959	1001.0
-3934.81418564	-0.0	3234.41700092	0.0	1.28743074624	8.59719645719	1001.0
-3648.53296795	-0.0	2030.81482851	0.0	0.410284972777	6.47453620293	1001.0
-3551.50645365	-0.0	2501.2892246	0.0	0.984725452831	6.87479348164	1001.0
