-668.709668908	-0.0	56.7541522209	0.0	0.775562973561	0.0826372554994	1001.0
-1272.79051171	-0.0	71.326672221	0.0	0.650748979054	0.126715123085	1001.0
-1826.68979578	-0.0	66.3291330277	0.0	0.629924427481	0.0649501072709	1001.0
-2388.79391906	-0.0	78.3761502957	0.0	0.780793097267	0.0840121691719	1001.0
-2962.30141275	-0.0	217.49252649	0.0	1.34062417272	0.393294838409	1001.0
-3234.19482166	-0.0	401.645445506	0.0	1.88729546103	0.749970891563	1001.0
-3477.85538058	-0.0	717.248313968	0.0	2.68841559138	1.30391415343	1001.0
-3674.30737927	-0.0	1219.877125	0.0	3.81089589635	2.10998552885	1001.0
-3800.59273891	-0.0	1985.83953399	0.0	5.34529739724	3.24161788544	1001.0
-4544.45293874	-0.0	-528.672371712	-0.0	1.17906341797	-2.40913546748	1001.0
-4369.33394857	-0.0	267.252696865	0.0	3.60981522842	0.728285768948	1001.0
-4196.89201848	-0.0	-414.482024875	-0.0	0.823493752654	-1.63590200102	1001.0
-4038.41391542	-0.0	162.22275497	0.0	2.45461360592	0.359242494725	1001.0
-3830.26098884	-0.0	-324.164997382	-0.0	0.610492818065	-1.19828708941	1001.0
-3707.86781297	-0.0	72.6985878941	0.0	1.69811369046	0.0973637212425	1001.0
-3470.66564555	-0.0	-251.008914896	-0.0	0.466857936488	-0.921845537265	1001.0
-3377.75049962	-0.0	14.9601942309	0.0	1.19872099711	-0.0656608769717	1001.0
-3124.70866342	-0.0	-187.5906338	-0.0	0.382075376317	-0.725332206109	1001.0
-3054.52798652	-0.0	-13.3016584421	-0.0	0.87463530205	-0.153683140317	1001.0
