-768.645083902	-0.0	48.8541144329	0.0	0.703860322305	-0.0099541570664	1001.0
-1472.66325157	-0.0	41.3969205572	0.0	0.507342306227	-0.0486771711191	1001.0
-2126.5103626	-0.0	2.34318528755	0.0	0.414806197942	-0.185017738481	1001.0
-2788.54333973	-0.0	-31.3374808641	-0.0	0.493976924024	-0.237452839688	1001.0
-3461.99811243	-0.0	53.3707700681	0.0	0.982096835917	0.0085962113511	1001.0
-3783.84666074	-0.0	210.017194807	0.0	1.49292581607	0.341620655464	1001.0
-4077.49792948	-0.0	500.799792649	0.0	2.25817811687	0.881125675623	1001.0
-4323.88614575	-0.0	984.593970491	0.0	3.34482968991	1.68573736105	1001.0
-4500.16894143	-0.0	1742.16775226	0.0	4.84335853524	2.83364511984	1001.0
-5615.01538177	-0.0	-904.120639693	-0.0	-0.502081753888	-4.06093740984	1001.0
-5227.88060034	-0.0	-66.0671125992	-0.0	2.58137468364	-0.283827336125	1001.0
-5050.27821052	-0.0	-732.052793148	-0.0	-0.307383592044	-2.82064162367	1001.0
-4779.61593517	-0.0	-126.094279545	-0.0	1.6788596594	-0.438520590738	1001.0
-4551.86889937	-0.0	-590.893534488	-0.0	-0.225708611077	-2.10437462914	1001.0
-4363.91332597	-0.0	-174.746405044	-0.0	1.07443256224	-0.564485564808	1001.0
-4096.3799879	-0.0	-472.934513263	-0.0	-0.184796079716	-1.64323729044	1001.0
-3963.30604308	-0.0	-194.436463758	-0.0	0.679882037852	-0.629101694267	1001.0
-3673.51574795	-0.0	-369.939304834	-0.0	-0.144640904479	-1.31714757004	1001.0
-3577.74683845	-0.0	-187.619750941	-0.0	0.433924930818	-0.640915733969	1001.0
