-807.690970489	-0.0	72.8790694539	0.0	0.716245782039	0.271627346963	1001.0
-1550.75577095	-0.0	139.529123552	0.0	0.532113462394	0.52639048771	1001.0
-2243.65361806	-0.0	230.240017153	0.0	0.451964352114	0.70528524408	1001.0
-2944.72991827	-0.0	409.120765281	0.0	0.543519724777	1.05310615925	1001.0
-3657.23521295	-0.0	859.247848472	0.0	1.04402656677	1.89755848179	1001.0
-3998.60179407	-0.0	1291.87114388	0.0	1.56104671916	2.64699741448	1001.0
-4311.78499336	-0.0	1947.59944501	0.0	2.33249460061	3.70715663667	1001.0
-4577.68384946	-0.0	2910.17027515	0.0	3.42533500083	5.15781856848	1001.0
-4773.5012037	-0.0	4294.73897193	0.0	4.93006026043	7.10734284762	1001.0
-5972.0012708	-0.0	717.893647614	0.0	-0.850578803867	3.07518913221	1001.0
-5550.07171125	-0.0	1860.0603068	0.0	2.46409592243	5.56478636117	1001.0
-5360.15129093	-0.0	605.517849269	0.0	-0.481245926647	2.16934201618	1001.0
-5065.90298875	-0.0	1423.86039694	0.0	1.63822786027	3.85014943918	1001.0
-4824.99895654	-0.0	496.397981868	0.0	-0.309149876684	1.58919826604	1001.0
-4620.29602739	-0.0	1051.54984178	0.0	1.07285277226	2.71552946321	1001.0
-4338.24616287	-0.0	396.602338257	0.0	-0.217336858086	1.18328077862	1001.0
-4193.17817393	-0.0	762.033990596	0.0	0.699139130784	1.94455205788	1001.0
-3887.80425222	-0.0	315.246328774	0.0	-0.148687113101	0.906632744957	1001.0
-3783.41194657	-0.0	549.442022162	0.0	0.463601282072	1.41922910953	1001.0
