-765.92879272	-0.0	45.0615341868	0.0	0.698331234974	-0.0544046232137	1001.0
-1467.2306173	-0.0	25.9238972568	0.0	0.496284025897	-0.139351129441	1001.0
-2118.36109978	-0.0	-33.547712058	-0.0	0.398218143569	-0.325229310059	1001.0
-2777.67796406	-0.0	-100.595978202	-0.0	0.471860145325	-0.440382805864	1001.0
-3448.41612311	-0.0	-73.0630503893	-0.0	0.954450313491	-0.28776252989	1001.0
-3768.90686744	-0.0	40.5079106775	0.0	1.46251544533	-0.0195951670617	1001.0
-4061.19936537	-0.0	274.418034027	0.0	2.22500192982	0.438934624609	1001.0
-4306.23029196	-0.0	683.706944673	0.0	3.30889070143	1.14319631223	1001.0
-4481.15413401	-0.0	1343.83651694	0.0	4.80465335831	2.16673040962	1001.0
-5599.28744837	-0.0	-1158.94772489	-0.0	-0.514643327079	-5.18206090459	1001.0
-5207.79677506	-0.0	-367.799717569	-0.0	2.55640874299	-1.20002707898	1001.0
-5032.49197442	-0.0	-942.253994331	-0.0	-0.326672229612	-3.60482491966	1001.0
-4760.5317665	-0.0	-369.054271978	-0.0	1.65126849538	-1.11078233737	1001.0
-4534.49481795	-0.0	-761.829513529	-0.0	-0.248184223886	-2.68505100663	1001.0
-4346.34429366	-0.0	-367.121854851	-0.0	1.04653203805	-1.07903852705	1001.0
-4080.22837015	-0.0	-609.703492262	-0.0	-0.208265608592	-2.08781878202	1001.0
-3947.36161896	-0.0	-344.610058867	-0.0	0.652879330684	-1.03318614326	1001.0
-3658.86249392	-0.0	-477.769717409	-0.0	-0.167704210333	-1.66711280147	1001.0
-3563.40918078	-0.0	-303.444842959	-0.0	0.40852987284	-0.964655852877	1001.0
