-780.424834407	-0.0	54.8462022359	0.0	0.723596823276	0.0602753644605	1001.0
-1496.2229777	-0.0	67.4115389409	0.0	0.546815685354	0.103771925433	1001.0
-2161.85130228	-0.0	65.3254553266	0.0	0.47401852931	0.0610291345945	1001.0
-2835.66325653	-0.0	93.2712309463	0.0	0.572924460586	0.127655307975	1001.0
-3520.89917818	-0.0	295.458881036	0.0	1.0807832165	0.576046657571	1001.0
-3848.63612031	-0.0	551.493682608	0.0	1.60147796504	1.06929000436	1001.0
-4148.17997566	-0.0	991.676107095	0.0	2.37660305911	1.83995343067	1001.0
-4400.45435535	-0.0	1693.85431264	0.0	3.47311666361	2.96463215176	1001.0
-4582.63053049	-0.0	2783.84280599	0.0	4.98151963059	4.57769217165	1001.0
-5992.22112371	-0.0	-1150.67567211	-0.0	-0.628482098289	-5.14566762747	1001.0
-5405.65476902	-0.0	35.9980157567	0.0	2.63822741484	0.0260895996434	1001.0
-5263.90553569	-0.0	-823.71533457	-0.0	-0.29482153244	-3.16260082013	1001.0
-4901.80056899	-0.0	35.3689144356	0.0	1.76490784517	0.00824238334495	1001.0
-4692.69652614	-0.0	-589.985608249	-0.0	-0.167863208184	-2.10129036728	1001.0
-4458.33511598	-0.0	-2.98510201658	-0.0	1.16811025497	-0.105069941036	1001.0
-4198.74566154	-0.0	-426.359906775	-0.0	-0.111202952682	-1.49184178999	1001.0
-4041.0745166	-0.0	-32.5068749823	-0.0	0.773051860748	-0.193384425805	1001.0
-3753.47086512	-0.0	-302.945083086	-0.0	-0.0675885741022	-1.09971681225	1001.0
-3644.10254689	-0.0	-47.3975759625	-0.0	0.522643761052	-0.248983875245	1001.0
