-659.913615177	-0.0	58.9908421159	0.0	0.801448343364	0.10885210186	1001.0
-1255.19823614	-0.0	81.451238173	0.0	0.702520213359	0.186046415576	1001.0
-1800.30037402	-0.0	91.2540264947	0.0	0.707584246548	0.162321829432	1001.0
-2353.60902106	-0.0	127.002138186	0.0	0.884336586664	0.226488117352	1001.0
-2918.31941679	-0.0	313.297368803	0.0	1.47005610495	0.617859771825	1001.0
-3185.81590503	-0.0	540.311839745	0.0	2.02966682276	1.04546205542	1001.0
-3425.07641249	-0.0	926.433987044	0.0	2.84373559609	1.71251612383	1001.0
-3617.13315598	-0.0	1538.91416196	0.0	3.97915042942	2.68525356565	1001.0
-3739.01787212	-0.0	2486.46953376	0.0	5.52650231552	4.07980852082	1001.0
-4597.20216385	-0.0	-963.271500519	-0.0	1.40028467196	-4.32117434562	1001.0
-4328.23663573	-0.0	75.8912463138	0.0	3.83171406021	0.147223898608	1001.0
-4180.24913918	-0.0	-675.235098412	-0.0	1.03548338738	-2.60867572207	1001.0
-3983.71450828	-0.0	79.7100720957	0.0	2.64967108113	0.130932805739	1001.0
-3790.25605705	-0.0	-469.712712981	-0.0	0.798349998454	-1.6927185176	1001.0
-3652.13805015	-0.0	48.2670686413	0.0	1.87080794939	0.0320159306785	1001.0
-3424.0423182	-0.0	-326.536553005	-0.0	0.631555664614	-1.1673558149	1001.0
-3325.26112515	-0.0	22.4569823815	0.0	1.3523928951	-0.0454886522418	1001.0
-3078.55626067	-0.0	-219.840571639	-0.0	0.526576622262	-0.829999866097	1001.0
-3006.74572757	-0.0	7.70546208526	0.0	1.01153353311	-0.094966608528	1001.0
