-725.6168115	-0.0	73.9769305731	0.0	0.769112913546	0.284494691976	1001.0
-1386.60588445	-0.0	142.274608668	0.0	0.637848735756	0.542479392776	1001.0
-1997.41937897	-0.0	232.510902161	0.0	0.610573323072	0.714156695603	1001.0
-2616.42690867	-0.0	403.135927848	0.0	0.754992356314	1.03557036358	1001.0
-3246.84830079	-0.0	821.075176454	0.0	1.30837260602	1.80808238284	1001.0
-3547.18812423	-0.0	1219.28906499	0.0	1.85181967549	2.49232862768	1001.0
-3819.31535287	-0.0	1820.92490305	0.0	2.64971329122	3.459723499	1001.0
-4044.20299126	-0.0	2702.3248243	0.0	3.76897059861	4.78304438674	1001.0
-4198.9588508	-0.0	3968.49211804	0.0	5.30014515075	6.56111697645	1001.0
-5101.32460437	-0.0	674.605635572	0.0	0.484506381237	2.88474153005	1001.0
-4846.69840954	-0.0	1724.99592032	0.0	3.2664032161	5.15466841528	1001.0
-4662.48027293	-0.0	575.741372078	0.0	0.407709937149	2.058256942	1001.0
-4457.52489031	-0.0	1330.11449472	0.0	2.23625242391	3.59075782768	1001.0
-4233.4854154	-0.0	478.572328978	0.0	0.341403279964	1.52864380814	1001.0
-4081.4075454	-0.0	991.754481679	0.0	1.54900144991	2.55559284085	1001.0
-3824.63456577	-0.0	388.752309134	0.0	0.284781933752	1.15776345969	1001.0
-3712.05941343	-0.0	727.587385695	0.0	1.09217583024	1.85186374373	1001.0
-3437.0281283	-0.0	314.617314566	0.0	0.253838790303	0.904591269851	1001.0
-3353.48570193	-0.0	532.529945629	0.0	0.79546621513	1.37195854343	1001.0
