-832.323798681	-0.0	70.68615779	0.0	0.709976844629	0.245925597929	1001.0
-1600.0218981	-0.0	133.367098899	0.0	0.519575467767	0.490280210119	1001.0
-2317.55563279	-0.0	221.170369108	0.0	0.433156641477	0.669853708506	1001.0
-3043.26314395	-0.0	400.245358436	0.0	0.51844348831	1.02710088798	1001.0
-3780.40419115	-0.0	874.038392859	0.0	1.01268064866	1.9322272682	1001.0
-4134.08408849	-0.0	1342.96333691	0.0	1.52656712075	2.75587232727	1001.0
-4459.58937166	-0.0	2073.70104524	0.0	2.29487909056	3.95347064836	1001.0
-4737.79687998	-0.0	3168.07792103	0.0	3.38458699743	5.62286183285	1001.0
-4945.93797604	-0.0	4790.17091017	0.0	4.88617592345	7.93683051573	1001.0
-6562.11786964	-0.0	-202.626593903	-0.0	-1.34874756473	-0.974682055355	1001.0
-5861.67453185	-0.0	1309.80255824	0.0	2.26516354031	3.89394933718	1001.0
-5717.73706051	-0.0	-14.278600216	-0.0	-0.734739278868	-0.142890358614	1001.0
-5294.29930058	-0.0	1074.88155922	0.0	1.51355960847	2.8845372796	1001.0
-5075.75793586	-0.0	85.5209523158	0.0	-0.46356586634	0.193432515295	1001.0
-4804.5822827	-0.0	824.569681714	0.0	0.98495972878	2.1084181408	1001.0
-4530.04010906	-0.0	123.301945973	0.0	-0.321363336062	0.294890027009	1001.0
-4349.15561375	-0.0	614.735240428	0.0	0.633021235243	1.54820319072	1001.0
-4043.22896597	-0.0	135.784106205	0.0	-0.223901054277	0.324185393089	1001.0
-3918.66703154	-0.0	450.95806735	0.0	0.411616017324	1.14395881458	1001.0
