-665.006756017	-0.0	58.8611074338	0.0	0.781620241351	0.107331562617	1001.0
-1265.38461516	-0.0	79.7939767621	0.0	0.662863630395	0.176334645021	1001.0
-1815.58052644	-0.0	85.6655628629	0.0	0.648097098924	0.140489907511	1001.0
-2373.98197994	-0.0	114.920044256	0.0	0.805022638817	0.191087133984	1001.0
-2943.78612115	-0.0	282.182171531	0.0	1.37091170116	0.544926274574	1001.0
-3213.82853929	-0.0	486.785777246	0.0	1.92061086159	0.93140068827	1001.0
-3455.63678946	-0.0	828.746707525	0.0	2.72476102004	1.52170374979	1001.0
-3650.23849851	-0.0	1365.14054073	0.0	3.85026805025	2.37191561942	1001.0
-3774.67130017	-0.0	2174.35515799	0.0	5.38769998694	3.55724425769	1001.0
-4502.96783402	-0.0	-395.79282246	-0.0	1.26534023166	-1.82452577216	1001.0
-4337.74238392	-0.0	418.3701393	0.0	3.67144973668	1.18714821742	1001.0
-4165.03605254	-0.0	-304.432398648	-0.0	0.887242672134	-1.22534736036	1001.0
-4011.42688552	-0.0	285.019154606	0.0	2.50528825156	0.699015809967	1001.0
-3803.80087181	-0.0	-234.198232576	-0.0	0.66165801247	-0.892666380559	1001.0
-3684.02485002	-0.0	170.999946974	0.0	1.74153151479	0.360293609426	1001.0
-3447.88820616	-0.0	-178.548875307	-0.0	0.509563730804	-0.686306800954	1001.0
-3356.43726767	-0.0	92.6048659599	0.0	1.23659757168	0.143264030034	1001.0
-3104.76356673	-0.0	-130.049496959	-0.0	0.418510444414	-0.538581578055	1001.0
-3035.43588263	-0.0	47.3004416823	0.0	0.907940836144	0.0157044315691	1001.0
