-762.715416995	-0.0	61.5080169904	0.0	0.742933510613	0.138354337616	1001.0
-1460.80380444	-0.0	94.2447174564	0.0	0.585489429573	0.261017892372	1001.0
-2108.72051209	-0.0	126.68960857	0.0	0.532031362479	0.300754663941	1001.0
-2764.82421162	-0.0	209.261646348	0.0	0.650272711565	0.467511527485	1001.0
-3432.34861346	-0.0	501.202240381	0.0	1.17747045041	1.0583056194	1001.0
-3751.23307405	-0.0	822.925275796	0.0	1.70783111079	1.6476971795	1001.0
-4041.91814449	-0.0	1348.69186771	0.0	2.49262899928	2.53731162497	1001.0
-4285.34339576	-0.0	2161.68585957	0.0	3.59880485441	3.80819733192	1001.0
-4458.65959404	-0.0	3396.18356386	0.0	5.1168819173	5.60291696669	1001.0
-5759.30791895	-0.0	-769.028020088	-0.0	-0.260583217591	-3.4665912096	1001.0
-5238.24704008	-0.0	489.138457949	0.0	2.87134358182	1.40203356385	1001.0
-5091.68547647	-0.0	-501.111208537	-0.0	-0.0434581163391	-1.9590835927	1001.0
-4762.46359049	-0.0	408.480085145	0.0	1.94705299033	1.04062785882	1001.0
-4553.37780898	-0.0	-321.784306494	-0.0	0.0231578438871	-1.19019978697	1001.0
-4337.51014159	-0.0	298.538257796	0.0	1.31905378719	0.701424536989	1001.0
-4081.25525515	-0.0	-207.57284484	-0.0	0.0420273195993	-0.780652169038	1001.0
-3934.56652728	-0.0	207.506614352	0.0	0.901739498777	0.452439618815	1001.0
-3652.20981115	-0.0	-127.34886976	-0.0	0.0594844257817	-0.529816651723	1001.0
-3549.6663398	-0.0	141.002971259	0.0	0.634023696171	0.277610271994	1001.0
