-801.944754819	-0.0	69.9890338257	0.0	0.716105691534	0.237755043012	1001.0
-1539.2632298	-0.0	127.726247865	0.0	0.531833278707	0.457224078707	1001.0
-2226.41414756	-0.0	202.833795392	0.0	0.451544060524	0.598219951534	1001.0
-2921.74460935	-0.0	356.162946181	0.0	0.54295935188	0.897937784945	1001.0
-3628.50300619	-0.0	762.381831199	0.0	1.04332608673	1.67050617217	1001.0
-3966.99720213	-0.0	1161.8543008	0.0	1.5602762115	2.36993801234	1001.0
-4277.30597097	-0.0	1773.7533214	0.0	2.33165401545	3.36758333986	1001.0
-4540.33352988	-0.0	2678.83425447	0.0	3.42442441456	4.74068763055	1001.0
-4733.27606692	-0.0	3988.12767002	0.0	4.92907958723	6.59399222523	1001.0
-5916.41708367	-0.0	522.894622516	0.0	-0.786160184355	2.21728194263	1001.0
-5501.90815704	-0.0	1628.58483428	0.0	2.49326791324	4.86191976705	1001.0
-5313.31028307	-0.0	444.70876818	0.0	-0.444394261113	1.56942253654	1001.0
-5023.52302329	-0.0	1237.57706849	0.0	1.65516215259	3.33471002671	1001.0
-4784.28712922	-0.0	365.672228995	0.0	-0.286695223221	1.14511763978	1001.0
-4582.50045669	-0.0	904.151370816	0.0	1.08317836568	2.32127791012	1001.0
-4302.45147332	-0.0	292.050926789	0.0	-0.203280039494	0.843425770579	1001.0
-4159.35169572	-0.0	647.055806537	0.0	0.705554566983	1.63517079736	1001.0
-3856.20402318	-0.0	232.855360098	0.0	-0.139680074628	0.639231612639	1001.0
-3753.16887686	-0.0	460.829469692	0.0	0.467643598318	1.17155015004	1001.0
