-765.982369976	-0.0	55.3338069276	0.0	0.732926330564	0.0659902747428	1001.0
-1467.33777283	-0.0	69.0632682623	0.0	0.565474878228	0.113451277215	1001.0
-2118.52183923	-0.0	68.375875464	0.0	0.502008388195	0.0729459222224	1001.0
-2777.89227725	-0.0	97.2395729745	0.0	0.610243214242	0.139282697314	1001.0
-3448.68401991	-0.0	297.557526655	0.0	1.12743258502	0.580965847483	1001.0
-3769.20154613	-0.0	550.178171683	0.0	1.6527909139	1.06648671625	1001.0
-4061.52084502	-0.0	984.00056356	0.0	2.432582909	1.82496080633	1001.0
-4306.57854336	-0.0	1675.62605962	0.0	3.53375832739	2.93176408281	1001.0
-4481.52918997	-0.0	2748.85771514	0.0	5.04682882334	4.51911762449	1001.0
-5818.99284596	-0.0	-1128.62812251	-0.0	-0.381913868784	-5.04866841784	1001.0
-5274.25057638	-0.0	40.6913369987	0.0	2.78196383179	0.0403406936393	1001.0
-5130.99668694	-0.0	-806.247071493	-0.0	-0.134191074805	-3.09743316154	1001.0
-4790.50821719	-0.0	40.5855212192	0.0	1.87120377357	0.0226765506854	1001.0
-4582.81217404	-0.0	-575.835855864	-0.0	-0.0515793922654	-2.05322309085	1001.0
-4360.95464598	-0.0	3.04456511964	0.0	1.25243388058	-0.0889421914229	1001.0
-4104.85301418	-0.0	-414.615982802	-0.0	-0.0219738433745	-1.45366696939	1001.0
-3954.80931606	-0.0	-26.0405388218	-0.0	0.84253045463	-0.175984923033	1001.0
-3671.92115372	-0.0	-293.168081739	-0.0	0.00371812302284	-1.06798540682	1001.0
-3567.40770407	-0.0	-40.9148656039	-0.0	0.581256055524	-0.230864196808	1001.0
