-823.020966025	-0.0	138.960251867	0.0	0.770307719477	1.04612364532	1001.0
-1581.416055	-0.0	411.012896745	0.0	0.640238370452	2.11732122294	1001.0
-2289.64580163	-0.0	862.265894254	0.0	0.614157912093	3.17436091676	1001.0
-3006.05109089	-0.0	1627.2616945	0.0	0.759771672821	4.62230426583	1001.0
-3733.88820104	-0.0	3092.34220127	0.0	1.3143468703	7.13189395527	1001.0
-4082.917852	-0.0	4304.08906947	0.0	1.85839119248	9.06588344307	1001.0
-4403.76957758	-0.0	6018.82354532	0.0	2.65688248618	11.659470793	1001.0
-4677.32860093	-0.0	8406.91744475	0.0	3.77673682005	15.0692162645	1001.0
-4880.81551327	-0.0	11741.4423833	0.0	5.30850913058	19.5751475472	1001.0
-6305.93897719	-0.0	3758.55637252	0.0	-0.736965911832	16.4527247966	1001.0
-5732.52104225	-0.0	6194.91397972	0.0	2.74933035522	18.7274070227	1001.0
-5566.75106116	-0.0	3343.97388716	0.0	-0.256380896229	12.3855133302	1001.0
-5202.14771229	-0.0	5085.78402207	0.0	1.93853903934	13.9825632067	1001.0
-4972.48877596	-0.0	2880.60516447	0.0	-0.0552135084823	9.68844570216	1001.0
-4731.67796933	-0.0	4050.55381882	0.0	1.3664008358	10.7370643405	1001.0
-4452.73497267	-0.0	2401.70803752	0.0	0.0376498324131	7.70108100689	1001.0
-4288.30160795	-0.0	3168.51734371	0.0	0.976985872754	8.41987482716	1001.0
-3981.62371242	-0.0	1961.43357223	0.0	0.0947433633841	6.24935828856	1001.0
-3866.38832564	-0.0	2443.65884444	0.0	0.721164834234	6.71371209763	1001.0
