-745.815314864	-0.0	79.5085753066	0.0	0.773978432674	0.349327647645	1001.0
-1427.00327719	-0.0	167.335992873	0.0	0.647579866998	0.689342411254	1001.0
-2058.01778373	-0.0	295.205803253	0.0	0.625170577739	0.959080931612	1001.0
-2697.22249068	-0.0	531.16753066	0.0	0.774454810669	1.41070770884	1001.0
-3347.84478407	-0.0	1081.47862106	0.0	1.33270115712	2.41846366199	1001.0
-3658.28131898	-0.0	1596.14057161	0.0	1.87858037426	3.29538037573	1001.0
-3940.51244843	-0.0	2376.87569215	0.0	2.67890786945	4.54566109946	1001.0
-4175.49297391	-0.0	3524.36100346	0.0	3.80059640328	6.26528965668	1001.0
-4340.35409372	-0.0	5200.67923829	0.0	5.33420516236	8.62413298769	1001.0
-5515.55477703	-0.0	273.261907747	0.0	0.188675641819	1.11901131976	1001.0
-5072.69537212	-0.0	1767.03727772	0.0	3.18317488881	5.28232542087	1001.0
-4918.21437031	-0.0	382.124174054	0.0	0.28093158035	1.3359424564	1001.0
-4627.25470734	-0.0	1458.14862767	0.0	2.20298887928	3.94502376664	1001.0
-4416.32714335	-0.0	413.205565154	0.0	0.281770157861	1.3065902894	1001.0
-4221.35557202	-0.0	1143.40211811	0.0	1.53870529354	2.96120977701	1001.0
-3967.31013689	-0.0	391.622305247	0.0	0.257723632243	1.16709267427	1001.0
-3832.6476361	-0.0	876.889707433	0.0	1.09380365138	2.25360378577	1001.0
-3554.78811137	-0.0	352.89867598	0.0	0.243764096341	1.02883400608	1001.0
-3459.49457792	-0.0	663.797695591	0.0	0.803268297489	1.73886208947	1001.0
