-901.465185775	-0.0	129.206751414	0.0	0.711028832972	0.931808953587	1001.0
-1738.30599365	-0.0	373.200169653	0.0	0.521679464558	1.89573365251	1001.0
-2524.98970279	-0.0	779.222428383	0.0	0.436312757267	2.84994286872	1001.0
-3319.83406164	-0.0	1478.774284	0.0	0.522651523376	4.18723064529	1001.0
-4126.12470418	-0.0	2852.26543822	0.0	1.01794079696	6.56915807463	1001.0
-4514.3665997	-0.0	4006.63234678	0.0	1.53235313092	8.43201801615	1001.0
-4874.45849081	-0.0	5655.62751305	0.0	2.30119133704	10.9500406861	1001.0
-5187.21490605	-0.0	7969.53610155	0.0	3.3914249066	14.280557026	1001.0
-5429.94726366	-0.0	11221.453498	0.0	4.89354013973	18.7045448779	1001.0
-7263.30302314	-0.0	3227.56443744	0.0	-2.14430518408	14.1166013289	1001.0
-6450.87225216	-0.0	5665.82007394	0.0	1.90734280495	17.1208332138	1001.0
-6295.7737222	-0.0	2900.6426939	0.0	-1.18695615094	10.7316078607	1001.0
-5808.53230915	-0.0	4643.75374425	0.0	1.30499597969	12.7594809878	1001.0
-5572.63434936	-0.0	2513.79436499	0.0	-0.739112165067	8.44237470257	1001.0
-5261.40400351	-0.0	3684.77609111	0.0	0.856693088838	9.75870658485	1001.0
-4964.26587825	-0.0	2101.53046005	0.0	-0.494537870767	6.7253232283	1001.0
-4757.18067663	-0.0	2869.49337424	0.0	0.552265613279	7.61526642812	1001.0
-4425.2935908	-0.0	1718.85597218	0.0	-0.335654051305	5.46206902651	1001.0
-4283.08191803	-0.0	2202.29949299	0.0	0.359780081828	6.03909398356	1001.0
