-697.526539644	-0.0	53.7058195135	0.0	0.753385544538	0.0469096502745	1001.0
-1330.4248039	-0.0	59.5770942998	0.0	0.606393697173	0.0578610460225	1001.0
-1913.14453776	-0.0	40.6989743042	0.0	0.563388962144	-0.0351768079138	1001.0
-2504.06363984	-0.0	33.0263800112	0.0	0.692081658939	-0.0488643399014	1001.0
-3106.39142532	-0.0	145.503505038	0.0	1.22973267254	0.224553787134	1001.0
-3392.68964552	-0.0	313.612952917	0.0	1.76531803541	0.562378044465	1001.0
-3650.76527264	-0.0	611.466479105	0.0	2.55534434663	1.09729070011	1001.0
-3861.61662643	-0.0	1094.92801874	0.0	3.66674292526	1.8846849564	1001.0
-4002.31899381	-0.0	1840.67254924	0.0	5.19004911435	2.99856891268	1001.0
-4847.72697989	-0.0	-687.101815166	-0.0	0.687364542431	-3.10615309878	1001.0
-4614.32235124	-0.0	112.876388388	0.0	3.30365245188	0.25952789592	1001.0
-4439.82526115	-0.0	-547.517462394	-0.0	0.489069164666	-2.13220824136	1001.0
-4250.53201986	-0.0	31.96763346	0.0	2.22153444446	-0.00116884138621	1001.0
-4036.32549756	-0.0	-434.881583977	-0.0	0.361004098171	-1.57439577521	1001.0
-3895.98276839	-0.0	-36.1571708441	-0.0	1.50943127547	-0.193796367906	1001.0
-3649.75161184	-0.0	-342.136704293	-0.0	0.270997302402	-1.21806569501	1001.0
-3545.88882702	-0.0	-74.8631280272	-0.0	1.0409324702	-0.307355881044	1001.0
-3282.0439867	-0.0	-261.640505457	-0.0	0.222838288277	-0.965662182164	1001.0
-3204.9177963	-0.0	-86.4068636612	-0.0	0.740085723353	-0.358017861043	1001.0
