-782.891661043	-0.0	50.3778536231	0.0	0.698325276542	0.00790463902939	1001.0
-1501.15667812	-0.0	47.885775644	0.0	0.49627210892	-0.0106516240575	1001.0
-2169.25213571	-0.0	18.0381596082	0.0	0.398200267421	-0.123703667835	1001.0
-2845.53075464	-0.0	0.577303411801	0.0	0.471836311137	-0.143941337958	1001.0
-3533.23379579	-0.0	115.911849541	0.0	0.954420520165	0.155191446086	1001.0
-3862.20384099	-0.0	297.227553246	0.0	1.46248267354	0.52746157573	1001.0
-4162.98167746	-0.0	621.941409944	0.0	2.22496617744	1.11775136225	1001.0
-4416.48869317	-0.0	1151.80586294	0.0	3.30885197171	1.9872436	1001.0
-4599.89901545	-0.0	1971.55654097	0.0	4.80461164761	3.21770427461	1001.0
-5764.14629461	-0.0	-783.354235478	-0.0	-0.708091284531	-3.52962005385	1001.0
-5350.16810699	-0.0	90.0917352302	0.0	2.46732057903	0.190343150818	1001.0
-5171.08305373	-0.0	-633.366785569	-0.0	-0.438270838863	-2.45248046068	1001.0
-4885.70289255	-0.0	-2.71017758703	-0.0	1.59854626706	-0.0971211238607	1001.0
-4654.8095223	-0.0	-511.645320794	-0.0	-0.317008883233	-1.83516526836	1001.0
-4457.93525978	-0.0	-79.317830301	-0.0	1.01353403418	-0.309239607666	1001.0
-4185.94718374	-0.0	-410.533761748	-0.0	-0.25207281607	-1.44039729422	1001.0
-4047.21820624	-0.0	-121.863366245	-0.0	0.631634690804	-0.433823289306	1001.0
-3752.16437719	-0.0	-321.615032461	-0.0	-0.196390558277	-1.16031041472	1001.0
-3652.68185389	-0.0	-133.162514725	-0.0	0.394500160355	-0.488703533478	1001.0
