-757.505882754	-0.0	45.4449623896	0.0	0.703774732993	-0.0499107005441	1001.0
-1450.38463639	-0.0	27.3021898689	0.0	0.507171125966	-0.131274152858	1001.0
-2093.09116279	-0.0	-30.7903365725	-0.0	0.414549417739	-0.314457332236	1001.0
-2743.9856701	-0.0	-96.3875154793	-0.0	0.493634560128	-0.428051853984	1001.0
-3406.29991924	-0.0	-68.3041238878	-0.0	0.981668872548	-0.27660768649	1001.0
-3722.58026787	-0.0	44.5913996215	0.0	1.49245506881	-0.0108934559711	1001.0
-4010.6593721	-0.0	276.680287381	0.0	2.25766455525	0.443353479706	1001.0
-4251.48149779	-0.0	682.477245189	0.0	3.34427336061	1.14097899347	1001.0
-4422.19137923	-0.0	1336.72640371	0.0	4.84275938582	2.15482614833	1001.0
-5506.92850833	-0.0	-1145.74540201	-0.0	-0.375752710229	-5.12397667717	1001.0
-5134.43196838	-0.0	-361.160381274	-0.0	2.63924228851	-1.17986698323	1001.0
-4959.3394125	-0.0	-930.727279073	-0.0	-0.2347002467	-3.56182298859	1001.0
-4697.43393376	-0.0	-362.097499498	-0.0	1.71289818274	-1.09153319281	1001.0
-4472.89112463	-0.0	-751.77043325	-0.0	-0.181054855459	-2.65087990743	1001.0
-4290.63847854	-0.0	-360.064798196	-0.0	1.09556466165	-1.0601627848	1001.0
-4026.96900341	-0.0	-600.966931941	-0.0	-0.156522074244	-2.05941970317	1001.0
-3897.73282095	-0.0	-337.788637973	-0.0	0.693340911091	-1.01483118478	1001.0
-3612.25079228	-0.0	-470.285077233	-0.0	-0.126250726659	-1.64282128882	1001.0
-3519.12244853	-0.0	-297.147541393	-0.0	0.442690612142	-0.947054406401	1001.0
