-774.176864239	-0.0	136.209546411	0.0	0.80186362468	1.01388434336	1001.0
-1483.72691796	-0.0	398.686318529	0.0	0.703350783926	2.04508584801	1001.0
-2143.10649638	-0.0	831.174141416	0.0	0.708830150008	3.05289770879	1001.0
-2810.67089066	-0.0	1561.31456184	0.0	0.885997744175	4.429076721	1001.0
-3489.65810041	-0.0	2955.63871568	0.0	1.47213259307	6.81146329228	1001.0
-3814.2718432	-0.0	4107.43189923	0.0	2.03195089932	8.64681683047	1001.0
-4110.69027537	-0.0	5736.42001152	0.0	2.84622740889	11.107852517	1001.0
-4359.84263873	-0.0	8004.23390906	0.0	3.98184975202	14.3431219865	1001.0
-4538.89297015	-0.0	11169.946601	0.0	5.52940940232	18.6183083383	1001.0
-5747.56045791	-0.0	3577.46610612	0.0	0.0813253852426	15.6560098314	1001.0
-5298.48759158	-0.0	5894.1148317	0.0	3.2322511296	17.8140416869	1001.0
-5131.07036743	-0.0	3186.23425744	0.0	0.281414369244	11.7970448436	1001.0
-4831.51052568	-0.0	4843.50826907	0.0	2.29684483756	13.3121947264	1001.0
-4608.73589943	-0.0	2747.97792095	0.0	0.335840405919	9.23790563589	1001.0
-4405.80619863	-0.0	3862.00588421	0.0	1.65109102542	10.2327489594	1001.0
-4139.96074742	-0.0	2294.31969413	0.0	0.338454898524	7.35200426282	1001.0
-3998.73393265	-0.0	3025.08769198	0.0	1.21174940463	8.03393686153	1001.0
-3708.84861446	-0.0	1876.64813268	0.0	0.335454619481	5.97418586489	1001.0
-3608.42480733	-0.0	2336.69027916	0.0	0.91929758017	6.41472665811	1001.0
