-718.770427966	-0.0	45.4793415503	0.0	0.725175609214	-0.0495077638563	1001.0
-1372.91298654	-0.0	26.6004826493	0.0	0.549973287403	-0.13538624976	1001.0
-1976.87924721	-0.0	-34.408069137	-0.0	0.478755113381	-0.328590385627	1001.0
-2589.04084286	-0.0	-108.40366235	-0.0	0.579239726943	-0.463259610025	1001.0
-3212.61503867	-0.0	-103.473421941	-0.0	1.08867745623	-0.35904392755	1001.0
-3509.53253135	-0.0	-12.9554976986	-0.0	1.61016139918	-0.133523021402	1001.0
-3778.23499238	-0.0	185.381425319	0.0	2.38607624961	0.265019589126	1001.0
-3999.70159632	-0.0	541.955745244	0.0	3.4833787496	0.88759923489	1001.0
-4151.03222744	-0.0	1125.88303576	0.0	4.99257157921	1.80181706651	1001.0
-5093.45341469	-0.0	-1200.28642478	-0.0	0.231902681971	-5.36393241816	1001.0
-4800.49214073	-0.0	-466.444769046	-0.0	2.99388302567	-1.49955907952	1001.0
-4628.0150661	-0.0	-972.83646378	-0.0	0.162967693313	-3.71891685423	1001.0
-4408.82572903	-0.0	-439.584071154	-0.0	1.97245242879	-1.30593580898	1001.0
-4192.10069964	-0.0	-782.910863217	-0.0	0.105291504559	-2.75666519715	1001.0
-4035.2236278	-0.0	-414.408978281	-0.0	1.29917274084	-1.20551895613	1001.0
-3783.32658546	-0.0	-622.768481941	-0.0	0.0612494035017	-2.1302878612	1001.0
-3669.88829722	-0.0	-374.270702862	-0.0	0.859404663435	-1.11299647861	1001.0
-3398.57670002	-0.0	-484.773291765	-0.0	0.0461413812333	-1.68984300774	1001.0
-3315.66224629	-0.0	-320.595642504	-0.0	0.581612912944	-1.01259366831	1001.0
