-625.515461939	-0.0	51.5798136329	0.0	0.78869080314	0.0219920621709	1001.0
-1186.40127228	-0.0	49.3548716629	0.0	0.677004889099	-0.00204252752895	1001.0
-1697.10098468	-0.0	13.3276711949	0.0	0.669309797579	-0.142105687071	1001.0
-2216.01373685	-0.0	-29.0521119124	-0.0	0.833305435051	-0.230756623889	1001.0
-2746.3218957	-0.0	7.83870013584	0.0	1.40626589858	-0.0981301920939	1001.0
-2996.62363331	-0.0	109.927222725	0.0	1.95949945069	0.128333921479	1001.0
-3218.67714666	-0.0	312.876341035	0.0	2.76718651749	0.514055161261	1001.0
-3393.54565248	-0.0	662.802053442	0.0	3.89622660064	1.10550189326	1001.0
-3498.22105933	-0.0	1222.96459203	0.0	5.43719592155	1.96435796772	1001.0
-4116.12043541	-0.0	-934.508235885	-0.0	1.7650470658	-4.19462903847	1001.0
-4007.04301398	-0.0	-254.931000558	-0.0	3.92758657896	-0.857305451288	1001.0
-3842.28158769	-0.0	-746.299834943	-0.0	1.19223371077	-2.87379209156	1001.0
-3721.17513996	-0.0	-250.789139821	-0.0	2.67350555344	-0.783546879741	1001.0
-3524.50045637	-0.0	-590.825148784	-0.0	0.863703577913	-2.10414232016	1001.0
-3425.2998571	-0.0	-247.151891704	-0.0	1.86048330821	-0.758150908702	1001.0
-3202.75011268	-0.0	-461.181966791	-0.0	0.650037930142	-1.60503444153	1001.0
-3124.82265062	-0.0	-228.645903663	-0.0	1.32475710794	-0.721151849051	1001.0
-2888.44702532	-0.0	-350.530834415	-0.0	0.520390925155	-1.25415708637	1001.0
-2828.25491024	-0.0	-196.390716341	-0.0	0.975828589914	-0.665431262788	1001.0
