-737.709626562	-0.0	48.2025578028	0.0	0.720188855785	-0.0175906456971	1001.0
-1410.79174568	-0.0	38.0878582051	0.0	0.539999685242	-0.0680687131581	1001.0
-2033.69955719	-0.0	-6.87074683743	-0.0	0.463794138438	-0.221012935013	1001.0
-2664.79910801	-0.0	-53.0095842726	-0.0	0.559292325969	-0.300952906549	1001.0
-3307.31475081	-0.0	3.57830498062	0.0	1.06374270981	-0.108116486432	1001.0
-3613.69946096	-0.0	135.224983347	0.0	1.5827339032	0.182242186492	1001.0
-3891.87588056	-0.0	389.748598867	0.0	2.3561542291	0.664209593718	1001.0
-4122.80611601	-0.0	822.172299672	0.0	3.45096492372	1.39286855623	1001.0
-4283.61198041	-0.0	1507.96452959	0.0	4.95766289316	2.44152529461	1001.0
-5285.47837462	-0.0	-991.844569762	-0.0	-0.0223317413944	-4.44688287939	1001.0
-4961.24728006	-0.0	-201.402059858	-0.0	2.85928835966	-0.694766829687	1001.0
-4785.86883712	-0.0	-802.187723138	-0.0	0.00524635432184	-3.08228922727	1001.0
-4549.08058311	-0.0	-229.432985044	-0.0	1.88121439613	-0.724455151231	1001.0
-4327.64338537	-0.0	-645.528924222	-0.0	-0.0015756129948	-2.28997323963	1001.0
-4159.86515553	-0.0	-251.151528784	-0.0	1.2324785476	-0.768848869951	1001.0
-3901.76058404	-0.0	-514.241825123	-0.0	-0.015051736155	-1.77751091341	1001.0
-3781.28061207	-0.0	-249.488468258	-0.0	0.808318715669	-0.777234652581	1001.0
-3502.81506812	-0.0	-400.419132177	-0.0	-0.0107639340947	-1.41607030969	1001.0
-3415.20682679	-0.0	-226.454963034	-0.0	0.541062975167	-0.749463164941	1001.0
