-685.884285784	-0.0	47.0730277072	0.0	0.746367400745	-0.030829163018	1001.0
-1307.14007369	-0.0	32.3622482045	0.0	0.592357275464	-0.101621543299	1001.0
-1878.21610772	-0.0	-22.7926778149	-0.0	0.54233352499	-0.283213635748	1001.0
-2457.49372029	-0.0	-90.4158115481	-0.0	0.664008538761	-0.410554539959	1001.0
-3048.17786978	-0.0	-82.2695157723	-0.0	1.1946405754	-0.309342329364	1001.0
-3328.6564272	-0.0	6.33369220111	0.0	1.72671774899	-0.0924187206477	1001.0
-3580.90824768	-0.0	198.444353751	0.0	2.51323337294	0.290535381953	1001.0
-3785.94214304	-0.0	542.461055388	0.0	3.62112509111	0.88851037918	1001.0
-3920.81992018	-0.0	1104.73869944	0.0	5.14092012056	1.76641570283	1001.0
-4743.80511124	-0.0	-1143.18312067	-0.0	0.767375661741	-5.11270380246	1001.0
-4518.34703442	-0.0	-434.613754549	-0.0	3.31551666525	-1.40290539737	1001.0
-4348.05868847	-0.0	-923.200960918	-0.0	0.519383392028	-3.53374506637	1001.0
-4164.87981896	-0.0	-407.544434772	-0.0	2.2121669336	-1.21728326293	1001.0
-3954.85039876	-0.0	-739.819472057	-0.0	0.366080647683	-2.61028201287	1001.0
-3819.19026218	-0.0	-382.87785539	-0.0	1.49002724628	-1.1211816215	1001.0
-3577.3824766	-0.0	-585.552329002	-0.0	0.26252014719	-2.00931296685	1001.0
-3477.04198194	-0.0	-344.434309346	-0.0	1.01694416102	-1.03271323956	1001.0
-3217.86266964	-0.0	-453.057660051	-0.0	0.207486053737	-1.58690944635	1001.0
-3143.35171677	-0.0	-293.460943946	-0.0	0.714633555275	-0.936750080497	1001.0
