-854.079393164	-0.0	72.2691466098	0.0	0.686267400819	0.264478821956	1001.0
-1643.53350284	-0.0	138.003854043	0.0	0.472156127034	0.517452207119	1001.0
-2382.82553406	-0.0	228.97841437	0.0	0.362024912224	0.700356659901	1001.0
-3130.28721136	-0.0	412.445674966	0.0	0.423603871862	1.06284826796	1001.0
-3889.1864358	-0.0	880.454888483	0.0	0.894128773695	1.94726742565	1001.0
-4253.74139435	-0.0	1332.19452105	0.0	1.39616350563	2.73292451825	1001.0
-4590.12948228	-0.0	2017.97419054	0.0	2.15261529628	3.84461949093	1001.0
-4879.20793261	-0.0	3025.63997007	0.0	3.23047595216	5.36602644723	1001.0
-5098.2332977	-0.0	4475.9872241	0.0	4.72020310325	7.41080166493	1001.0
-6480.68731468	-0.0	741.942543193	0.0	-1.61550975961	3.18099335563	1001.0
-5954.13024657	-0.0	1935.09607706	0.0	2.00790415958	5.79262966445	1001.0
-5763.0445261	-0.0	622.060336598	0.0	-0.987769030941	2.23105594628	1001.0
-5413.41295242	-0.0	1475.94145373	0.0	1.29881507872	3.99425589002	1001.0
-5164.28204451	-0.0	506.301122363	0.0	-0.678852891173	1.62283963154	1001.0
-4927.09327599	-0.0	1084.76948628	0.0	0.802816961506	2.8043831423	1001.0
-4631.57091138	-0.0	400.963465548	0.0	-0.502303624545	1.19745706691	1001.0
-4466.50582903	-0.0	781.17099332	0.0	0.476307104765	1.99604556574	1001.0
-4144.51618158	-0.0	315.595781112	0.0	-0.376982670604	0.907766897794	1001.0
-4027.31810831	-0.0	558.837620237	0.0	0.275470024928	1.44549053514	1001.0
