-751.981658701	-0.0	43.8856553935	0.0	0.703732346941	-0.0681863646947	1001.0
-1439.33608271	-0.0	20.8387170941	0.0	0.507086353053	-0.169150956222	1001.0
-2076.51769895	-0.0	-46.0234604592	-0.0	0.414422253509	-0.373967135505	1001.0
-2721.88834489	-0.0	-126.391513153	-0.0	0.493465012629	-0.515964680092	1001.0
-3378.67771416	-0.0	-124.677328109	-0.0	0.981456933966	-0.408745525735	1001.0
-3692.1966455	-0.0	-32.2446875983	-0.0	1.49222194253	-0.174627322156	1001.0
-3977.51236619	-0.0	172.318496886	0.0	2.25741022619	0.239503796299	1001.0
-4215.57412055	-0.0	541.450435101	0.0	3.34399785188	0.886688090601	1001.0
-4383.52024663	-0.0	1147.02737208	0.0	4.84246267146	1.8372184302	1001.0
-5453.32538879	-0.0	-1257.38972888	-0.0	-0.313102329275	-5.61516103386	1001.0
-5088.088335	-0.0	-498.275783543	-0.0	2.66794079448	-1.59621276168	1001.0
-4914.24047266	-0.0	-1022.47196664	-0.0	-0.198654245975	-3.90408864208	1001.0
-4656.67771717	-0.0	-471.623707537	-0.0	1.72977918034	-1.39458835502	1001.0
-4433.72396949	-0.0	-826.002254377	-0.0	-0.158909509971	-2.90304838143	1001.0
-4254.29955261	-0.0	-445.940101172	-0.0	1.10604499002	-1.28985629077	1001.0
-3992.54627004	-0.0	-659.984634879	-0.0	-0.142499914193	-2.25126275554	1001.0
-3865.21333271	-0.0	-404.107096379	-0.0	0.700015852754	-1.19327971765	1001.0
-3581.86788799	-0.0	-516.488923478	-0.0	-0.117130249837	-1.79277656913	1001.0
-3490.04906843	-0.0	-347.730341062	-0.0	0.447038045459	-1.08843725613	1001.0
