-779.262669753	-0.0	59.7338975158	0.0	0.715553110779	0.117560990467	1001.0
-1493.89862619	-0.0	85.7510805921	0.0	0.530728106636	0.211244059549	1001.0
-2158.36464177	-0.0	105.147365617	0.0	0.449886239067	0.216597622374	1001.0
-2831.01450766	-0.0	166.84392074	0.0	0.540748985947	0.34322601807	1001.0
-3515.0881267	-0.0	414.633947251	0.0	1.04056307444	0.855391001381	1001.0
-3842.24413265	-0.0	693.949616454	0.0	1.55723697832	1.37285648794	1001.0
-4141.20663817	-0.0	1146.52568922	0.0	2.32833836471	2.14242081976	1001.0
-4392.90030174	-0.0	1842.07773104	0.0	3.42083264756	3.23189953778	1001.0
-4574.49504884	-0.0	2876.37077916	0.0	4.92521136547	4.73260913759	1001.0
-5697.00921232	-0.0	-175.348471081	-0.0	-0.531876669005	-0.854670697991	1001.0
-5311.79180874	-0.0	795.237162342	0.0	2.608421713	2.33149080391	1001.0
-5128.41443129	-0.0	-130.790778005	-0.0	-0.29892653644	-0.577554399953	1001.0
-4856.23627368	-0.0	567.730536466	0.0	1.72200969692	1.48126825186	1001.0
-4623.58503637	-0.0	-101.823380719	-0.0	-0.198057268481	-0.442983698896	1001.0
-4433.30971726	-0.0	374.900830131	0.0	1.12393910296	0.905674028486	1001.0
-4161.15883157	-0.0	-81.4972997079	-0.0	-0.147791183771	-0.370830773018	1001.0
-4025.82817995	-0.0	234.868560904	0.0	0.730880491426	0.526064659807	1001.0
-3731.46820283	-0.0	-61.2182843158	-0.0	-0.104124484368	-0.315188838593	1001.0
-3633.79017286	-0.0	143.678015731	0.0	0.483601878187	0.285087228848	1001.0
