-778.562681185	-0.0	107.194477273	0.0	0.777692531324	0.67381682606	1001.0
-1492.49863567	-0.0	280.856273977	0.0	0.655008135278	1.35458623837	1001.0
-2156.26457575	-0.0	559.476992147	0.0	0.636313405959	1.99148417193	1001.0
-2828.21449903	-0.0	1042.22736198	0.0	0.789311493693	2.90813197114	1001.0
-3511.5880464	-0.0	2019.69697567	0.0	1.35127237972	4.61763165024	1001.0
-3838.39414609	-0.0	2860.11463583	0.0	1.89900817909	5.98884600862	1001.0
-4137.00649622	-0.0	4077.53962088	0.0	2.70119357849	7.86756466025	1001.0
-4388.35038607	-0.0	5805.33036697	0.0	3.82473799132	10.378193852	1001.0
-4569.59493065	-0.0	8257.61793758	0.0	5.36020490458	13.7422789075	1001.0
-5839.31934262	-0.0	1897.13039575	0.0	-0.161436465822	8.26329550316	1001.0
-5349.20547485	-0.0	3832.96420043	0.0	3.03685588133	11.5554350688	1001.0
-5188.23109729	-0.0	1762.26646297	0.0	0.0888972009941	6.48474523658	1001.0
-4869.64548136	-0.0	3150.53468728	0.0	2.1253026884	8.62779641994	1001.0
-4649.80268272	-0.0	1562.99728184	0.0	0.170985380282	5.21247887214	1001.0
-4437.14512826	-0.0	2499.4346073	0.0	1.49731619921	6.58823461262	1001.0
-4172.01461304	-0.0	1328.28195141	0.0	0.193546158661	4.21180022152	1001.0
-4025.60477032	-0.0	1945.60038752	0.0	1.07326693137	5.12927154868	1001.0
-3735.23218642	-0.0	1102.39668415	0.0	0.20697552498	3.46134110334	1001.0
-3631.93320137	-0.0	1493.66276754	0.0	0.794806710439	4.05839935372	1001.0
