-727.706146642	-0.0	85.8140863278	0.0	0.783291864997	0.423230607108	1001.0
-1390.78459466	-0.0	190.137428243	0.0	0.666206909634	0.822961831345	1001.0
-2003.68768382	-0.0	342.514774485	0.0	0.653112209424	1.14389841172	1001.0
-2624.78441149	-0.0	612.834999858	0.0	0.811709263214	1.64999642285	1001.0
-3257.29538679	-0.0	1197.12070355	0.0	1.37927014765	2.68952675157	1001.0
-3558.67961504	-0.0	1718.13545588	0.0	1.92980490968	3.55534538408	1001.0
-3831.85199216	-0.0	2479.753739	0.0	2.73479126472	4.74661258928	1001.0
-4057.78363977	-0.0	3568.17706681	0.0	3.86113358002	6.3442960974	1001.0
-4213.5847884	-0.0	5102.06692412	0.0	5.39940182579	8.45902918186	1001.0
-5106.78892331	-0.0	1440.88210012	0.0	0.564981392083	6.25601011873	1001.0
-4862.24066529	-0.0	2611.50349999	0.0	3.35446009769	7.84651544525	1001.0
-4674.76374824	-0.0	1209.29887404	0.0	0.486609789232	4.42182673746	1001.0
-4473.28193915	-0.0	2047.67292702	0.0	2.32155857257	5.5762167511	1001.0
-4247.23979197	-0.0	995.369154582	0.0	0.41772399097	3.2842233548	1001.0
-4096.08748174	-0.0	1563.50112055	0.0	1.62977228263	4.08486243829	1001.0
-3837.98619052	-0.0	803.843554834	0.0	0.357066619519	2.50705981697	1001.0
-3725.32009077	-0.0	1176.94656581	0.0	1.16740487898	3.06099146398	1001.0
-3449.26938426	-0.0	643.261537337	0.0	0.320990924264	1.97121105489	1001.0
-3365.2940317	-0.0	881.507539811	0.0	0.864559153706	2.34737799589	1001.0
