-775.727253331	-0.0	92.7490163505	0.0	0.760340325875	0.504510593873	1001.0
-1486.82772578	-0.0	219.114845314	0.0	0.620303392761	0.992773319165	1001.0
-2147.75788584	-0.0	411.347323114	0.0	0.584254302852	1.41280001443	1001.0
-2816.87256742	-0.0	749.752351631	0.0	0.719901324377	2.05116934216	1001.0
-3497.41035032	-0.0	1457.82171113	0.0	1.26450794496	3.30060551332	1001.0
-3822.79909268	-0.0	2076.10371179	0.0	1.80356982386	4.31815786756	1001.0
-4119.99307625	-0.0	2969.56232976	0.0	2.59707512654	5.70335476171	1001.0
-4369.92014562	-0.0	4234.76995417	0.0	3.71194890437	7.54625554797	1001.0
-4549.7461328	-0.0	6004.70353843	0.0	5.23873455302	9.97028811084	1001.0
-5596.73943977	-0.0	1953.0442547	0.0	-0.15091667346	8.50929110013	1001.0
-5268.2140595	-0.0	3251.01483016	0.0	2.94217580076	9.78836762364	1001.0
-5074.4586246	-0.0	1629.429344	0.0	0.0209906375322	5.98917884971	1001.0
-4826.91908917	-0.0	2556.69381531	0.0	2.02385995519	6.98465963099	1001.0
-4589.34060816	-0.0	1334.49858991	0.0	0.0857955099212	4.43625964999	1001.0
-4410.38224938	-0.0	1960.84722975	0.0	1.3991565587	5.14765718539	1001.0
-4136.59856605	-0.0	1072.65632374	0.0	0.107436815396	3.38086309188	1001.0
-4006.39062268	-0.0	1482.29862125	0.0	0.981359022263	3.88262736463	1001.0
-3712.10245885	-0.0	853.002590222	0.0	0.125466151624	2.65192880753	1001.0
-3616.6648495	-0.0	1113.20704816	0.0	0.710296924557	2.994996099	1001.0
