-823.90461423	-0.0	113.937099771	0.0	0.752616320362	0.752842896343	1001.0
-1583.1833683	-0.0	309.340652361	0.0	0.604855234121	1.52150845443	1001.0
-2292.29687288	-0.0	627.702864631	0.0	0.561081179379	2.25801573037	1001.0
-3009.58575234	-0.0	1178.81847468	0.0	0.689004702501	3.30834899785	1001.0
-3738.30661559	-0.0	2282.95386781	0.0	1.2258864006	5.23470136225	1001.0
-4087.77797952	-0.0	3224.75981081	0.0	1.76108724813	6.76588667331	1001.0
-4409.0717326	-0.0	4582.39757209	0.0	2.55072877021	8.85370271933	1001.0
-4683.07230161	-0.0	6501.5765604	0.0	3.66174297914	11.6336223271	1001.0
-4887.00130092	-0.0	9216.16013861	0.0	5.18466432731	15.3471389776	1001.0
-6356.76619231	-0.0	2308.39691267	0.0	-0.891786702509	10.0726814809	1001.0
-5752.58655582	-0.0	4412.47356631	0.0	2.61774048435	13.3150935322	1001.0
-5592.81339192	-0.0	2114.86701579	0.0	-0.383307198043	7.80016808915	1001.0
-5214.29909872	-0.0	3621.95670275	0.0	1.81990569885	9.93220454223	1001.0
-4987.93206221	-0.0	1857.71874541	0.0	-0.166991512974	6.21365950593	1001.0
-4740.17732135	-0.0	2872.70587732	0.0	1.25823931469	7.5866355931	1001.0
-4462.86426919	-0.0	1567.8490626	0.0	-0.0626561681915	4.99053750831	1001.0
-4294.82755761	-0.0	2235.65021646	0.0	0.878476479978	5.90973248939	1001.0
-3988.89220112	-0.0	1293.17882935	0.0	0.00451825641716	4.08052743496	1001.0
-3871.71562995	-0.0	1715.36738144	0.0	0.63193802395	4.67808095137	1001.0
