-846.482830924	-0.0	89.5448544834	0.0	0.710756664401	0.46695661232	1001.0
-1628.34023318	-0.0	207.623869991	0.0	0.521135122216	0.925434687451	1001.0
-2360.03475867	-0.0	388.430906599	0.0	0.435496212552	1.32327461908	1001.0
-3099.90037247	-0.0	714.987591011	0.0	0.521562827959	1.94930730403	1001.0
-3851.20213283	-0.0	1419.21280358	0.0	1.01657990066	3.21010688565	1001.0
-4211.95976562	-0.0	2043.8661969	0.0	1.53085618456	4.24946133263	1001.0
-4544.54782392	-0.0	2953.63839589	0.0	2.29955824375	5.67225057249	1001.0
-4829.83038682	-0.0	4249.62024942	0.0	3.38965581479	7.57303269045	1001.0
-5045.05521099	-0.0	6070.96788307	0.0	4.89163488267	10.0812326271	1001.0
-6358.65167681	-0.0	1844.53286869	0.0	-1.335535342	8.03189026099	1001.0
-5877.98078908	-0.0	3198.98169032	0.0	2.22163338479	9.63037094525	1001.0
-5680.97625096	-0.0	1534.51048007	0.0	-0.773055689661	5.63507151279	1001.0
-5352.89922367	-0.0	2501.10334261	0.0	1.48202457417	6.83084274985	1001.0
-5101.73981565	-0.0	1251.48257101	0.0	-0.499628730721	4.15425090377	1001.0
-4875.66329045	-0.0	1903.66510517	0.0	0.96455216132	4.99471027029	1001.0
-4580.6116957	-0.0	1000.38399971	0.0	-0.347666229479	3.1459345441	1001.0
-4421.50414672	-0.0	1426.50303248	0.0	0.62045921657	3.73249358295	1001.0
-4101.3499203	-0.0	790.950177904	0.0	-0.241656163128	2.45053676683	1001.0
-3987.47393466	-0.0	1061.36518512	0.0	0.404152288057	2.85009406946	1001.0
