-773.031796289	-0.0	101.929818597	0.0	0.777065136193	0.612113047348	1001.0
-1481.43676018	-0.0	259.305881817	0.0	0.653753333027	1.22829809658	1001.0
-2139.67112842	-0.0	509.391316274	0.0	0.634431130655	1.79581920262	1001.0
-2806.09052993	-0.0	945.570693997	0.0	0.78680186445	2.6249243487	1001.0
-3483.9325358	-0.0	1842.79271295	0.0	1.34813528087	4.20297104416	1001.0
-3807.97388862	-0.0	2622.22002163	0.0	1.89555746158	5.48190446153	1001.0
-4103.81952325	-0.0	3758.07070162	0.0	2.697429019	7.24354663851	1001.0
-4352.39971345	-0.0	5377.67863103	0.0	3.82065993195	9.60707844507	1001.0
-4530.87717027	-0.0	7685.58286937	0.0	5.35581296102	12.7845367876	1001.0
-5784.63691706	-0.0	1589.02420693	0.0	-0.102304843791	6.90776813878	1001.0
-5302.50412837	-0.0	3443.41912494	0.0	3.06156779825	10.3725960514	1001.0
-5142.6264515	-0.0	1500.53633811	0.0	0.121330282729	5.50832649676	1001.0
-4828.70674293	-0.0	2831.28031855	0.0	2.13842288518	7.74443081974	1001.0
-4610.36968629	-0.0	1344.99285246	0.0	0.189695827527	4.47190908082	1001.0
-4400.69922089	-0.0	2243.43761217	0.0	1.50430603014	5.90351100417	1001.0
-4137.4409251	-0.0	1150.66545597	0.0	0.204384894108	3.63443971879	1001.0
-3993.01516022	-0.0	1743.66634566	0.0	1.07673493991	4.58591100664	1001.0
-3704.75597525	-0.0	960.231599546	0.0	0.21318844844	2.99994217564	1001.0
-3602.80907849	-0.0	1336.70645989	0.0	0.796235333095	3.61969429582	1001.0
