-726.509285281	-0.0	62.4920450268	0.0	0.766330242676	0.149887516107	1001.0
-1388.39084907	-0.0	97.4017382858	0.0	0.632283340836	0.279518451026	1001.0
-2000.09692822	-0.0	132.03205094	0.0	0.602224911674	0.321625477883	1001.0
-2619.9968731	-0.0	214.717471197	0.0	0.743861456739	0.483497296664	1001.0
-3251.31084495	-0.0	498.120504509	0.0	1.29445870523	1.05108208253	1001.0
-3552.09679304	-0.0	808.311597035	0.0	1.83651478922	1.61655615958	1001.0
-3824.67046399	-0.0	1314.11594905	0.0	2.63301642901	2.46977454996	1001.0
-4050.00405806	-0.0	2095.27687772	0.0	3.7508832778	3.6884527249	1001.0
-4205.20641997	-0.0	3280.52616981	0.0	5.28066566672	5.40927506618	1001.0
-5336.37426503	-0.0	-727.857598688	-0.0	0.351177777385	-3.28546004497	1001.0
-4913.08442796	-0.0	482.534827182	0.0	3.23041939958	1.3819818866	1001.0
-4764.17250637	-0.0	-469.327641747	-0.0	0.357037450185	-1.84051080614	1001.0
-4485.8188245	-0.0	406.53490966	0.0	2.21308832885	1.03524562673	1001.0
-4281.13652145	-0.0	-296.32322293	-0.0	0.313805987857	-1.10370746479	1001.0
-4094.80401762	-0.0	301.651102267	0.0	1.53028712187	0.709750564791	1001.0
-3847.82752768	-0.0	-186.283250361	-0.0	0.265360207485	-0.711448174555	1001.0
-3719.19794293	-0.0	214.288949918	0.0	1.0758681811	0.470689407189	1001.0
-3449.00909871	-0.0	-109.354391626	-0.0	0.238096469859	-0.471415301358	1001.0
-3357.97770491	-0.0	149.960361763	0.0	0.78095656511	0.302646873444	1001.0
