-814.165615175	-0.0	60.1303777394	0.0	0.70970139369	0.122207887729	1001.0
-1563.70518406	-0.0	89.8248882951	0.0	0.519024560625	0.235117110258	1001.0
-2263.07848001	-0.0	119.210189253	0.0	0.432330249185	0.271535524422	1001.0
-2970.62899981	-0.0	201.623491559	0.0	0.517341663164	0.445131450633	1001.0
-3689.60970783	-0.0	505.516670603	0.0	1.01130333987	1.06841857103	1001.0
-4034.21279703	-0.0	843.38442606	0.0	1.52505212113	1.69129460738	1001.0
-4350.63480894	-0.0	1397.09815384	0.0	2.29322630207	2.63186352998	1001.0
-4619.76894721	-0.0	2254.65843416	0.0	3.38279657027	3.97583978174	1001.0
-4818.82554986	-0.0	3558.10391553	0.0	4.88424768888	5.8740156274	1001.0
-6377.9701223	-0.0	-826.666610048	-0.0	-1.13980869438	-3.72017484008	1001.0
-5706.93725269	-0.0	498.383541024	0.0	2.35914176468	1.430105912	1001.0
-5565.93096235	-0.0	-545.608202042	-0.0	-0.615970690693	-2.12508549389	1001.0
-5159.24950393	-0.0	411.203330824	0.0	1.56833884082	1.04816298375	1001.0
-4945.26641271	-0.0	-357.429823485	-0.0	-0.391195748706	-1.31128903802	1001.0
-4684.61003466	-0.0	294.180275537	0.0	1.01865060399	0.689768098066	1001.0
-4416.00211208	-0.0	-237.378277109	-0.0	-0.275878964085	-0.877537761315	1001.0
-4241.99851501	-0.0	198.01134456	0.0	0.654234152662	0.426889915093	1001.0
-3942.88971082	-0.0	-152.541139147	-0.0	-0.194547886094	-0.611578542232	1001.0
-3822.96299417	-0.0	128.462624554	0.0	0.42523351353	0.242559029964	1001.0
