-869.233316891	-0.0	85.8952826227	0.0	0.692097472285	0.424182258208	1001.0
-1673.8416399	-0.0	193.350528251	0.0	0.483816381384	0.841791021382	1001.0
-2428.28947696	-0.0	356.779289963	0.0	0.379515962135	1.1996242442	1001.0
-3190.90408307	-0.0	657.594734828	0.0	0.446924610472	1.78114410656	1001.0
-3964.95903027	-0.0	1324.1256164	0.0	0.923280275898	2.98722412374	1001.0
-4337.08904489	-0.0	1923.99169864	0.0	1.42822931036	3.994014761	1001.0
-4681.05758269	-0.0	2804.11622848	0.0	2.18759747867	5.38018921227	1001.0
-4977.70821984	-0.0	4064.92243516	0.0	3.26837133321	7.2399969087	1001.0
-5204.31505475	-0.0	5844.61510483	0.0	4.76101525435	9.7022565787	1001.0
-6615.75193273	-0.0	1640.92373567	0.0	-1.74182968364	7.13610250516	1001.0
-6078.08313547	-0.0	2987.68584724	0.0	1.96983189928	8.98877903935	1001.0
-5881.71630364	-0.0	1364.44960475	0.0	-1.04805751617	5.00063699494	1001.0
-5524.01467536	-0.0	2325.62887569	0.0	1.28978305599	6.34531107675	1001.0
-5269.48676137	-0.0	1110.91782032	0.0	-0.704909987606	3.67674680727	1001.0
-5026.34085017	-0.0	1759.59431174	0.0	0.808373811905	4.60935936606	1001.0
-4725.02271533	-0.0	885.636117466	0.0	-0.509235141899	2.77293486964	1001.0
-4555.58548513	-0.0	1309.6895489	0.0	0.489420167472	3.41817393099	1001.0
-4227.45484194	-0.0	698.505059797	0.0	-0.37340861761	2.1505047408	1001.0
-4107.06322352	-0.0	967.837603278	0.0	0.292108580015	2.58867722152	1001.0
