-814.877968619	-0.0	58.7304623018	0.0	0.692540336803	0.10580035256	1001.0
-1565.12990457	-0.0	82.421922124	0.0	0.484702118886	0.191734751618	1001.0
-2265.21564243	-0.0	99.2324892133	0.0	0.380844619159	0.193490534571	1001.0
-2973.47846891	-0.0	160.002795761	0.0	0.448696102939	0.323181268127	1001.0
-3693.17161494	-0.0	414.163739996	0.0	0.925494685459	0.85428884351	1001.0
-4038.13079127	-0.0	702.760415146	0.0	1.43066509649	1.39163186012	1001.0
-4354.90914387	-0.0	1171.41082856	0.0	2.19025479899	2.19102891427	1001.0
-4624.39923439	-0.0	1892.56750485	0.0	3.27124994624	3.32293960428	1001.0
-4823.81222567	-0.0	2965.74709882	0.0	4.76411543138	4.88224937928	1001.0
-6086.62244552	-0.0	-191.138457312	-0.0	-1.11859594157	-0.924139469457	1001.0
-5621.64846983	-0.0	813.508008183	0.0	2.25831299809	2.38696954232	1001.0
-5437.25983163	-0.0	-146.431636271	-0.0	-0.687600772027	-0.635904683956	1001.0
-5122.83758636	-0.0	575.82166188	0.0	1.46148697192	1.50365611106	1001.0
-4883.79663011	-0.0	-117.360529601	-0.0	-0.481801204625	-0.495764016885	1001.0
-4668.73371708	-0.0	374.941290372	0.0	0.916654991526	0.905782248826	1001.0
-4386.1935385	-0.0	-96.7574032859	-0.0	-0.366523699513	-0.420435293429	1001.0
-4235.60112031	-0.0	229.505008977	0.0	0.55982594084	0.511632509312	1001.0
-3928.45437248	-0.0	-75.7020406059	-0.0	-0.279367198747	-0.362196088227	1001.0
-3821.00154187	-0.0	135.282180213	0.0	0.339183229855	0.261620217153	1001.0
