-757.283208275	-0.0	71.8295435464	0.0	0.758452787734	0.259326508802	1001.0
-1449.93928318	-0.0	136.279405355	0.0	0.616528280405	0.507346710249	1001.0
-2092.42310744	-0.0	223.889614796	0.0	0.578591417923	0.680476728259	1001.0
-2743.09495489	-0.0	395.639674785	0.0	0.71235102523	1.01360606405	1001.0
-3405.18650312	-0.0	839.084161563	0.0	1.25506988359	1.85029513999	1001.0
-3721.35554251	-0.0	1274.70637698	0.0	1.7931882308	2.61042015307	1001.0
-4009.32325825	-0.0	1951.68960702	0.0	2.58574932995	3.71514594222	1001.0
-4250.03411686	-0.0	2963.89905992	0.0	3.69967993348	5.25469902107	1001.0
-4420.63259483	-0.0	4462.60088811	0.0	5.22552125156	7.38838930157	1001.0
-5666.20294069	-0.0	-169.038877363	-0.0	-0.0699695927984	-0.826911349906	1001.0
-5180.48564461	-0.0	1233.20318598	0.0	3.01151786164	3.66135821508	1001.0
-5029.25016094	-0.0	7.7784082204	0.0	0.0990519479989	-0.0606037804311	1001.0
-4716.91054027	-0.0	1019.14134665	0.0	2.06568203631	2.73030607354	1001.0
-4506.00532523	-0.0	101.837590086	0.0	0.140295997114	0.248860788304	1001.0
-4299.13267825	-0.0	789.358698298	0.0	1.42302209379	2.01423816182	1001.0
-4042.90907301	-0.0	137.702992501	0.0	0.142114962169	0.341702095012	1001.0
-3901.26487821	-0.0	595.743357195	0.0	0.993992974726	1.49710016781	1001.0
-3619.96656005	-0.0	149.24765268	0.0	0.146533352203	0.36788153637	1001.0
-3520.38725628	-0.0	443.677891889	0.0	0.71614580051	1.12361015931	1001.0
