-683.10724575	-0.0	62.4933443541	0.0	0.777448602174	0.149902744712	1001.0
-1301.58594055	-0.0	94.9062663795	0.0	0.654520272317	0.264894656358	1001.0
-1869.88458964	-0.0	121.413275728	0.0	0.635581583552	0.280142113831	1001.0
-2446.3853445	-0.0	185.657014432	0.0	0.788335758153	0.398349080415	1001.0
-3034.29212427	-0.0	415.927017204	0.0	1.35005268607	0.858421935525	1001.0
-3313.38251093	-0.0	669.719920049	0.0	1.89766655155	1.32122421446	1001.0
-3564.24517219	-0.0	1078.09155604	0.0	2.69972993022	2.00874855987	1001.0
-3767.89142259	-0.0	1703.23085306	0.0	3.82315245534	2.98153935492	1001.0
-3901.3798536	-0.0	2630.58590009	0.0	5.35849733146	4.32109847293	1001.0
-4681.68603459	-0.0	-131.926008947	-0.0	1.0291977936	-0.66363157646	1001.0
-4489.62345122	-0.0	744.992336278	0.0	3.54749413676	2.17892427327	1001.0
-4313.51236315	-0.0	-87.7784177742	-0.0	0.741276459514	-0.417091118945	1001.0
-4144.53960023	-0.0	545.479941577	0.0	2.42213912597	1.41970163904	1001.0
-3932.02096069	-0.0	-59.0962212929	-0.0	0.563445942344	-0.297837824428	1001.0
-3802.6093904	-0.0	374.78956447	0.0	1.68143230221	0.90537642255	1001.0
-3560.30696757	-0.0	-39.5320148683	-0.0	0.440061312499	-0.234418341889	1001.0
-3462.57179378	-0.0	249.618328703	0.0	1.19107558939	0.565753073671	1001.0
-3203.91483653	-0.0	-21.3879545181	-0.0	0.367165527379	-0.185918902098	1001.0
-3130.36770652	-0.0	166.766563407	0.0	0.872173599057	0.349621511011	1001.0
