-785.68895312	-0.0	76.184932763	0.0	0.734310441813	0.310373307648	1001.0
-1506.75131573	-0.0	152.441044107	0.0	0.568243127177	0.602056045989	1001.0
-2177.64441283	-0.0	258.830253007	0.0	0.506160920299	0.816976012418	1001.0
-2856.72014018	-0.0	460.850350488	0.0	0.615779766722	1.20467576269	1001.0
-3547.22080548	-0.0	944.638519731	0.0	1.13435341306	2.09771277402	1001.0
-3877.58914494	-0.0	1399.2498788	0.0	1.6604036235	2.8758161382	1001.0
-4179.7662713	-0.0	2081.13409114	0.0	2.44088799281	3.96798960255	1001.0
-4434.67105161	-0.0	3074.54908459	0.0	3.54275503069	5.45421636573	1001.0
-4619.48085206	-0.0	4495.39604632	0.0	5.056517994	7.44329730651	1001.0
-5729.01499074	-0.0	901.166654245	0.0	-0.460813031681	3.88150716362	1001.0
-5358.77748003	-0.0	2049.25144741	0.0	2.70704893704	6.13925816676	1001.0
-5168.93984847	-0.0	758.664166032	0.0	-0.216345559384	2.74067454316	1001.0
-4901.6689692	-0.0	1581.18213686	0.0	1.82400494996	4.28545315566	1001.0
-4664.46618852	-0.0	623.057258521	0.0	-0.110994011078	2.01946490947	1001.0
-4475.33705735	-0.0	1180.90727363	0.0	1.22389569444	3.06152605381	1001.0
-4199.62467073	-0.0	500.073107743	0.0	-0.0611937853611	1.51962304986	1001.0
-4063.98947668	-0.0	867.073629068	0.0	0.825921994067	2.22719085602	1001.0
-3766.51173667	-0.0	398.669423681	0.0	-0.0212752234564	1.17738365854	1001.0
-3668.07128283	-0.0	633.661231898	0.0	0.572030778208	1.6546283352	1001.0
