-633.614694128	-0.0	51.1963854302	0.0	0.783510403127	0.0174981395012	1001.0
-1202.59989144	-0.0	47.9765790507	0.0	0.666643990071	-0.010119504112	1001.0
-1721.39984195	-0.0	10.5702957094	0.0	0.653767855134	-0.152877664894	1001.0
-2248.41129456	-0.0	-33.2605746353	-0.0	0.812583432707	-0.24308757577	1001.0
-2786.81964712	-0.0	3.07977363436	0.0	1.38036288122	-0.109285035494	1001.0
-3041.16998225	-0.0	105.843733781	0.0	1.93100688483	0.119632210388	1001.0
-3267.27497591	-0.0	310.614087681	0.0	2.73610255923	0.509636306163	1001.0
-3446.19054573	-0.0	664.031752926	0.0	3.86255407473	1.10771921202	1001.0
-3554.91797802	-0.0	1230.07470526	0.0	5.40093165459	1.97626222901	1001.0
-4198.45722085	-0.0	-947.710558767	-0.0	1.63566173513	-4.25271326589	1001.0
-4075.02321266	-0.0	-261.570336852	-0.0	3.8491201641	-0.877465547034	1001.0
-3909.25621592	-0.0	-757.826550201	-0.0	1.10550616285	-2.91679402263	1001.0
-3780.40461641	-0.0	-257.745912301	-0.0	2.61490040891	-0.802796024307	1001.0
-3581.78154914	-0.0	-600.884229064	-0.0	0.800039593979	-2.13831341936	1001.0
-3477.98787106	-0.0	-254.20894836	-0.0	1.81378875824	-0.777026650958	1001.0
-3252.76526453	-0.0	-469.918527113	-0.0	0.600828887458	-1.63343352038	1001.0
-3171.99039657	-0.0	-235.467324557	-0.0	1.28620605701	-0.739506807534	1001.0
-2932.50290667	-0.0	-358.015474592	-0.0	0.480918155273	-1.27844859902	1001.0
-2870.47871821	-0.0	-202.688017906	-0.0	0.943278591191	-0.683032709264	1001.0
