-766.312119217	-0.0	83.4755457452	0.0	0.764824215848	0.395822032403	1001.0
-1467.99727762	-0.0	183.993171597	0.0	0.629271258399	0.786955676619	1001.0
-2119.51113421	-0.0	334.878130776	0.0	0.597706615362	1.11406505855	1001.0
-2779.21129982	-0.0	610.061973266	0.0	0.737837232476	1.64187135207	1001.0
-3450.33283087	-0.0	1232.15615555	0.0	1.28692827535	2.77164925975	1001.0
-3771.01519024	-0.0	1803.799803	0.0	1.82823153533	3.73789183141	1001.0
-4063.49943965	-0.0	2662.9295564	0.0	2.62397981506	5.10440955893	1001.0
-4308.7219087	-0.0	3916.95747277	0.0	3.74109412499	6.97319555472	1001.0
-4483.83752803	-0.0	5738.72153943	0.0	5.27012305248	9.52496198008	1001.0
-5743.20431839	-0.0	513.316279919	0.0	-0.123027252784	2.17514158334	1001.0
-5253.08091052	-0.0	2098.74313278	0.0	3.00949388693	6.2895378139	1001.0
-5098.24833174	-0.0	587.579226081	0.0	0.0826193754419	2.10241961718	1001.0
-4782.13564918	-0.0	1728.33369552	0.0	2.07927185979	4.69261633859	1001.0
-4567.74046909	-0.0	584.823286202	0.0	0.142416722185	1.88958257184	1001.0
-4357.87325002	-0.0	1357.80600991	0.0	1.44377634903	3.53468293978	1001.0
-4098.03182943	-0.0	531.183535369	0.0	0.154033613433	1.62075066241	1001.0
-3954.10006379	-0.0	1043.93429265	0.0	1.0177685846	2.70308439603	1001.0
-3669.03893882	-0.0	464.145402896	0.0	0.163203103776	1.38988693727	1001.0
-3567.74831951	-0.0	791.86366345	0.0	0.740560382295	2.09681640611	1001.0
