-699.903324832	-0.0	60.3420421054	0.0	0.779561658934	0.124688673664	1001.0
-1335.1784197	-0.0	87.9642012649	0.0	0.65874642622	0.224213238729	1001.0
-1920.27523395	-0.0	108.639871556	0.0	0.641921056656	0.230241464757	1001.0
-2513.57096516	-0.0	166.026265412	0.0	0.796788149286	0.34083025763	1001.0
-3118.27581799	-0.0	399.452230077	0.0	1.36061838482	0.819805312557	1001.0
-3405.76213188	-0.0	667.972877149	0.0	1.90928851293	1.31750135325	1001.0
-3665.02669866	-0.0	1114.72572761	0.0	2.71240890636	2.08030601629	1001.0
-3877.06569611	-0.0	1813.65562262	0.0	3.83688729402	3.18065053338	1001.0
-4018.95716313	-0.0	2884.21355201	0.0	5.37328932711	4.74574007014	1001.0
-5039.69837158	-0.0	-865.684946883	-0.0	0.76565333244	-3.89183780956	1001.0
-4678.74658102	-0.0	265.399555035	0.0	3.46530415877	0.722658773257	1001.0
-4530.07510968	-0.0	-588.741041401	-0.0	0.623280957639	-2.28599823817	1001.0
-4284.77664533	-0.0	231.114451658	0.0	2.38242426313	0.549863394405	1001.0
-4084.48401496	-0.0	-396.527133054	-0.0	0.502775195207	-1.44410416692	1001.0
-3917.65164409	-0.0	164.404262279	0.0	1.66158669131	0.342651913975	1001.0
-3678.14865101	-0.0	-267.524441734	-0.0	0.40735483279	-0.975530938804	1001.0
-3561.60839684	-0.0	109.18962297	0.0	1.18197431249	0.187890000353	1001.0
-3300.74835126	-0.0	-173.682723437	-0.0	0.349398907168	-0.680193873121	1001.0
-3217.512957	-0.0	70.9645418177	0.0	0.869093326358	0.0818474275147	1001.0
