-870.442448048	-0.0	148.851525852	0.0	0.74400079484	1.16205309464	1001.0
-1676.25992532	-0.0	452.287827627	0.0	0.587624018424	2.35919776444	1001.0
-2431.91704371	-0.0	959.993717891	0.0	0.535233368113	3.5561449554	1001.0
-3195.7407016	-0.0	1820.23940353	0.0	0.654541931355	5.18773611134	1001.0
-3971.00492349	-0.0	3457.32708617	0.0	1.18280708113	7.98741236538	1001.0
-4343.73935163	-0.0	4804.35457699	0.0	1.7137012494	10.1319242662	1001.0
-4688.31273332	-0.0	6704.12121411	0.0	2.49903302567	12.9980614032	1001.0
-4985.56755504	-0.0	9342.43826909	0.0	3.60574218661	16.7560900931	1001.0
-5212.77931522	-0.0	13017.0194714	0.0	5.1243532091	21.7108101531	1001.0
-6851.9667625	-0.0	4352.24264919	0.0	-1.50412033874	19.0646749069	1001.0
-6156.21985408	-0.0	6998.45002623	0.0	2.30986840295	21.1673141029	1001.0
-5992.31752188	-0.0	3851.17693103	0.0	-0.751723039888	14.27770116	1001.0
-5563.60994877	-0.0	5741.19936648	0.0	1.61840224688	15.7960743934	1001.0
-5327.50356157	-0.0	3303.98648359	0.0	-0.409563831537	11.1266890261	1001.0
-5049.20894909	-0.0	4571.88839047	0.0	1.11578692919	12.1314951186	1001.0
-4757.75430298	-0.0	2746.1606982	0.0	-0.230916888262	8.82075945141	1001.0
-4570.24788477	-0.0	3575.84922345	0.0	0.772778358673	9.5159162322	1001.0
-4247.44173165	-0.0	2236.27414278	0.0	-0.117482597151	7.14135750831	1001.0
-4117.4116333	-0.0	2756.93808919	0.0	0.550404192116	7.58935189365	1001.0
