-800.21873047	-0.0	49.7122604451	0.0	0.687122262237	0.000103636780361	1001.0
-1535.81114811	-0.0	45.5475119129	0.0	0.473865866208	-0.0243541580734	1001.0
-2221.23582715	-0.0	13.5059966691	0.0	0.364589618991	-0.141409039819	1001.0
-2914.84037792	-0.0	-5.91251190808	-0.0	0.427023383922	-0.162956737569	1001.0
-3619.8725455	-0.0	109.993518441	0.0	0.89840324866	0.141318977877	1001.0
-3957.50394634	-0.0	293.950473312	0.0	1.40086530379	0.520478281983	1001.0
-4266.94930572	-0.0	624.036396112	0.0	2.15774472192	1.12184349467	1001.0
-4529.11439633	-0.0	1163.18143178	0.0	3.23603253914	2.00775532873	1001.0
-4721.19340774	-0.0	1997.73333932	0.0	4.72618737524	3.26153134699	1001.0
-5955.5059599	-0.0	-802.604719541	-0.0	-0.994632729448	-3.61431344487	1001.0
-5501.61993656	-0.0	85.5348045987	0.0	2.29671990097	0.176506201798	1001.0
-5322.26811782	-0.0	-650.536650204	-0.0	-0.627782825431	-2.51653490454	1001.0
-5015.80041662	-0.0	-9.64573979644	-0.0	1.47167051051	-0.116311580356	1001.0
-4781.94032661	-0.0	-526.998068157	-0.0	-0.455248574881	-1.887319167	1001.0
-4572.70938009	-0.0	-87.9499621924	-0.0	0.912610632831	-0.332328255618	1001.0
-4295.75502599	-0.0	-424.21317324	-0.0	-0.358594891488	-1.48486361406	1001.0
-4149.42464349	-0.0	-131.263413889	-0.0	0.548360157218	-0.459116770959	1001.0
-3848.20766649	-0.0	-333.609937861	-0.0	-0.281715153147	-1.19924006123	1001.0
-3743.85942001	-0.0	-142.513644938	-0.0	0.324196084338	-0.514840667965	1001.0
