-641.733611973	-0.0	50.8129572275	0.0	0.778312207376	0.0130042168316	1001.0
-1218.8378823	-0.0	46.5982864386	0.0	0.656247499226	-0.0181964806951	1001.0
-1745.75775901	-0.0	7.81292022399	0.0	0.638172522923	-0.163649642716	1001.0
-2280.88759643	-0.0	-37.4690373583	-0.0	0.791790246026	-0.255418527651	1001.0
-2827.41583069	-0.0	-1.67915286712	-0.0	1.35437088167	-0.120439878893	1001.0
-3085.82460369	-0.0	101.760244837	0.0	1.90241644114	0.110930499297	1001.0
-3315.99092501	-0.0	308.351834328	0.0	2.7049118212	0.505217451066	1001.0
-3498.96339547	-0.0	665.261452411	0.0	3.82876587679	1.10993653079	1001.0
-3611.75270187	-0.0	1237.18481849	0.0	5.36454281242	1.9881664903	1001.0
-4281.38250899	-0.0	-960.91288165	-0.0	1.50569574296	-4.31079749331	1001.0
-4143.32512046	-0.0	-268.209673147	-0.0	3.77037718219	-0.897625642781	1001.0
-3976.59798771	-0.0	-769.353265459	-0.0	1.01845094624	-2.95979595369	1001.0
-3839.86654656	-0.0	-264.70268478	-0.0	2.55610020004	-0.822045168874	1001.0
-3639.32129845	-0.0	-610.943309343	-0.0	0.736155166725	-2.17248451857	1001.0
-3530.8578519	-0.0	-261.266005016	-0.0	1.76694146367	-0.795902393214	1001.0
-3302.97540138	-0.0	-478.655087435	-0.0	0.551456276773	-1.66183259924	1001.0
-3219.30687736	-0.0	-242.288745451	-0.0	1.24752903776	-0.757861766017	1001.0
-2976.71284899	-0.0	-365.500114768	-0.0	0.441316149882	-1.30274011168	1001.0
-2912.82739443	-0.0	-208.985319472	-0.0	0.910621702557	-0.700634155739	1001.0
