-690.747206541	-0.0	63.4760730632	0.0	0.789433624782	0.161420694599	1001.0
-1316.86600813	-0.0	100.558759115	0.0	0.678490546578	0.298019009679	1001.0
-1892.8055669	-0.0	137.37449331	0.0	0.671538368959	0.342496291825	1001.0
-2476.94578096	-0.0	220.173296047	0.0	0.836276779304	0.499483065844	1001.0
-3072.49342851	-0.0	495.038768636	0.0	1.40998015266	1.04385854566	1001.0
-3355.40283475	-0.0	793.697918275	0.0	1.96358502217	1.58541513966	1001.0
-3610.08723491	-0.0	1279.54003039	0.0	2.77164367077	2.40223747495	1001.0
-3817.55105833	-0.0	2028.86789587	0.0	3.90105493067	3.56870811788	1001.0
-3954.86174246	-0.0	3164.86877575	0.0	5.44239588338	5.21563316568	1001.0
-4928.5384922	-0.0	-686.687177287	-0.0	0.949732897633	-3.10432888034	1001.0
-4595.67692607	-0.0	475.931196415	0.0	3.58387531873	1.36193020935	1001.0
-4445.68279107	-0.0	-437.544074958	-0.0	0.750589209136	-1.72193801957	1001.0
-4214.66034752	-0.0	404.589734175	0.0	2.47537872698	1.02986339463	1001.0
-4015.09541202	-0.0	-270.862139365	-0.0	0.600036481015	-1.01721514261	1001.0
-3856.33809433	-0.0	304.763946738	0.0	1.73870435047	0.718076592594	1001.0
-3618.99856752	-0.0	-164.993655883	-0.0	0.485559381473	-0.642244180072	1001.0
-3507.26566857	-0.0	221.071285483	0.0	1.24774139326	0.488939195562	1001.0
-3249.4026318	-0.0	-91.359913492	-0.0	0.414316323194	-0.413013950994	1001.0
-3169.15706923	-0.0	158.917752266	0.0	0.926014725296	0.327683474895	1001.0
