-771.49540962	-0.0	142.602670405	0.0	0.807928959777	1.0888141598	1001.0
-1478.36395748	-0.0	424.585217191	0.0	0.715481570035	2.19685681172	1001.0
-2135.06174824	-0.0	890.74614373	0.0	0.727027024528	3.28562201172	1001.0
-2799.94486395	-0.0	1674.76922689	0.0	0.910259555579	4.76150309793	1001.0
-3476.25030074	-0.0	3159.22516611	0.0	1.50246045963	7.28866649604	1001.0
-3799.52365345	-0.0	4377.95323333	0.0	2.06531067063	9.22328428894	1001.0
-4094.60074111	-0.0	6095.05564906	0.0	2.88262124383	11.8083748137	1001.0
-4342.4132221	-0.0	8478.05960316	0.0	4.0212743433	15.1974954455	1001.0
-4520.12202854	-0.0	11795.4052245	0.0	5.57186846545	19.6654960044	1001.0
-5709.65323916	-0.0	3946.51020938	0.0	0.159936083624	17.2796363561	1001.0
-5272.73502676	-0.0	6342.47106562	0.0	3.28949195678	19.175458582	1001.0
-5104.09850681	-0.0	3498.73832547	0.0	0.339982864152	12.962882473	1001.0
-4810.43400715	-0.0	5212.03944569	0.0	2.34476235951	14.3319075195	1001.0
-4587.40963294	-0.0	3007.9590179	0.0	0.383554910563	10.1210718508	1001.0
-4387.64964279	-0.0	4158.96845967	0.0	1.69273262968	11.0270445571	1001.0
-4122.19681067	-0.0	2506.30574509	0.0	0.378865779993	8.04108650512	1001.0
-3982.75833806	-0.0	3260.68101804	0.0	1.24846768947	8.66786720911	1001.0
-3693.62522255	-0.0	2046.61939114	0.0	0.370349176729	6.5258301495	1001.0
-3594.25663275	-0.0	2520.95452187	0.0	0.951837002668	6.92975951333	1001.0
