-814.199953886	-0.0	97.5456440357	0.0	0.74628315664	0.560728873438	1001.0
-1563.77386214	-0.0	242.424158401	0.0	0.592188785643	1.1293689697	1001.0
-2263.18150106	-0.0	472.594159824	0.0	0.542080780602	1.65206723438	1001.0
-2970.76635732	-0.0	880.491010509	0.0	0.663671555799	2.4342384621	1001.0
-3689.78140813	-0.0	1739.65155972	0.0	1.19421933833	3.96120992177	1001.0
-4034.40166236	-0.0	2496.31455107	0.0	1.72625440046	5.21360618902	1001.0
-4350.84085153	-0.0	3607.26451061	0.0	2.51272788297	6.94897719745	1001.0
-4619.99214834	-0.0	5200.39932379	0.0	3.62057750563	9.28741926061	1001.0
-4819.06593056	-0.0	7481.23753855	0.0	5.14033038797	12.4424071854	1001.0
-6274.11150534	-0.0	1352.51245393	0.0	-0.831304927549	5.86722379139	1001.0
-5674.69454538	-0.0	3216.07830547	0.0	2.62345580539	9.68228417621	1001.0
-5518.77537527	-0.0	1303.52275673	0.0	-0.3623849287	4.77334135521	1001.0
-5144.30791972	-0.0	2640.72457908	0.0	1.80861437397	7.21716979636	1001.0
-4921.69237438	-0.0	1182.13068333	0.0	-0.166229480699	3.91865975944	1001.0
-4677.13053557	-0.0	2084.92821978	0.0	1.23900620118	5.47954070297	1001.0
-4403.71314182	-0.0	1017.30880299	0.0	-0.0726605518654	3.20095034037	1001.0
-4238.10519457	-0.0	1613.34386459	0.0	0.855746304918	4.23524158359	1001.0
-3936.22383016	-0.0	852.326157709	0.0	-0.0108380651704	2.64973343561	1001.0
-3820.85889876	-0.0	1230.90688043	0.0	0.608267568706	3.32397626238	1001.0
