-823.161019902	-0.0	74.8163226328	0.0	0.719936493271	0.294332682451	1001.0
-1581.69616543	-0.0	150.009497974	0.0	0.539494955392	0.587806864787	1001.0
-2290.06598333	-0.0	259.244541531	0.0	0.463037014731	0.818594474182	1001.0
-3006.61131728	-0.0	472.250356992	0.0	0.558282856317	1.2380782046	1001.0
-3734.58849793	-0.0	1001.86300315	0.0	1.06248084769	2.23184599734	1001.0
-4083.68815821	-0.0	1511.68352065	0.0	1.58134589155	3.11540661626	1001.0
-4404.60994297	-0.0	2295.74306106	0.0	2.35463997811	4.38718488816	1001.0
-4678.23894913	-0.0	3459.20996697	0.0	3.44932457099	6.14781329966	1001.0
-4881.79593007	-0.0	5171.46183812	0.0	4.95589628411	8.57521512176	1001.0
-6438.20267084	-0.0	34.1078021642	0.0	-1.15678682587	0.0668418204884	1001.0
-5773.78364654	-0.0	1591.32900532	0.0	2.38585696252	4.74879383915	1001.0
-5626.93008603	-0.0	185.855571866	0.0	-0.604304375808	0.603736557972	1001.0
-5221.50043902	-0.0	1306.65950349	0.0	1.60765648005	3.52585869259	1001.0
-5002.70764168	-0.0	251.912928835	0.0	-0.364727758433	0.758672733949	1001.0
-4741.64166504	-0.0	1011.83942706	0.0	1.0628499921	2.60931470689	1001.0
-4468.66524827	-0.0	259.033178305	0.0	-0.242209205398	0.736098217381	1001.0
-4293.78050632	-0.0	763.767961938	0.0	0.699384391383	1.94921779724	1001.0
-3990.46511226	-0.0	244.713291457	0.0	-0.158322117764	0.67771670783	1001.0
-3869.63148552	-0.0	567.913352467	0.0	0.469031904764	1.4708579109	1001.0
