-645.226655244	-0.0	49.0651354032	0.0	0.772488233052	-0.00748091196997	1001.0
-1225.82403559	-0.0	39.5644551486	0.0	0.644599439275	-0.0594156602216	1001.0
-1756.23738942	-0.0	-8.2734386623	-0.0	0.620699765311	-0.2264926984	1001.0
-2294.86004078	-0.0	-67.9309980453	-0.0	0.768493896457	-0.344673202376	1001.0
-2844.88173299	-0.0	-55.764633062	-0.0	1.32524986638	-0.247215331632	1001.0
-3105.03658833	-0.0	30.4451795757	0.0	1.87038417112	-0.041038344705	1001.0
-3336.95023529	-0.0	214.773014292	0.0	2.66996622349	0.322430122988	1001.0
-3521.66812672	-0.0	543.092693067	0.0	3.79091012707	0.889649309541	1001.0
-3636.20499386	-0.0	1078.30827904	0.0	5.32377334304	1.72216399822	1001.0
-4320.62057262	-0.0	-1071.80399055	-0.0	1.42350616084	-4.79866803283	1001.0
-4173.1372011	-0.0	-394.824986427	-0.0	3.71146902505	-1.28208829467	1001.0
-4006.67981789	-0.0	-861.156582341	-0.0	0.957598709983	-3.30228033156	1001.0
-3865.31887229	-0.0	-367.494889294	-0.0	2.50758594785	-1.10646758038	1001.0
-3664.28660584	-0.0	-685.955233108	-0.0	0.687232945336	-2.42730303252	1001.0
-3553.34066494	-0.0	-343.463951776	-0.0	1.72532646334	-1.0157599532	1001.0
-3324.45722659	-0.0	-539.032137828	-0.0	0.510568672895	-1.85809434892	1001.0
-3239.40369905	-0.0	-307.138817451	-0.0	1.21119532687	-0.93235919076	1001.0
-2995.52035766	-0.0	-413.413120408	-0.0	0.406397904392	-1.45824249461	1001.0
-2930.8304683	-0.0	-259.542570748	-0.0	0.878654406542	-0.841945595727	1001.0
