-715.701582155	-0.0	47.3621034031	0.0	0.730760141012	-0.0274410871956	1001.0
-1366.77523627	-0.0	34.1936529295	0.0	0.561142457726	-0.0908892699428	1001.0
-1967.67226998	-0.0	-17.0034591452	-0.0	0.495509509101	-0.260597443122	1001.0
-2576.7652213	-0.0	-75.3452018647	-0.0	0.601578287814	-0.366397094579	1001.0
-3197.27020697	-0.0	-44.5094913804	-0.0	1.11660121187	-0.220833469491	1001.0
-3492.6536627	-0.0	65.0088443413	0.0	1.6408767184	0.0326150994819	1001.0
-3759.82099446	-0.0	287.991554147	0.0	2.41958512013	0.465447755192	1001.0
-3979.7541425	-0.0	676.328747768	0.0	3.51967812632	1.12989239965	1001.0
-4129.5494378	-0.0	1301.17583756	0.0	5.0316648831	2.09530484189	1001.0
-5055.00995069	-0.0	-1079.7337876	-0.0	0.309603196839	-4.83355554008	1001.0
-4772.84183233	-0.0	-327.9636998	-0.0	3.04934488801	-1.0790665045	1001.0
-4599.60714864	-0.0	-873.093702782	-0.0	0.220226404131	-3.34681333327	1001.0
-4385.68765604	-0.0	-327.313637099	-0.0	2.01827145792	-0.995287469973	1001.0
-4169.06912087	-0.0	-701.475031854	-0.0	0.151377522204	-2.48002441141	1001.0
-4015.02137708	-0.0	-324.779514917	-0.0	1.33860461301	-0.965784073516	1001.0
-3763.8106895	-0.0	-557.284130331	-0.0	0.0998713185415	-1.91742430891	1001.0
-3651.95931831	-0.0	-303.681533501	-0.0	0.893926920449	-0.923056392363	1001.0
-3381.65910425	-0.0	-432.861876353	-0.0	0.0792161951786	-1.52136372555	1001.0
-3299.6733772	-0.0	-265.661033564	-0.0	0.612050345914	-0.859047174022	1001.0
