-771.848301565	-0.0	87.7805236937	0.0	0.765359362358	0.446277992238	1001.0
-1479.06974811	-0.0	201.666454898	0.0	0.630341561646	0.890523448884	1001.0
-2136.12047464	-0.0	376.070333119	0.0	0.599312131584	1.27498673659	1001.0
-2801.35645913	-0.0	689.841427558	0.0	0.739977860073	1.87562811237	1001.0
-3478.01482977	-0.0	1378.94012795	0.0	1.28960411298	3.11570841369	1001.0
-3801.46458407	-0.0	2001.80579881	0.0	1.83117487892	4.15983272398	1001.0
-4096.71819892	-0.0	2929.71182677	0.0	2.62719085508	5.62551485135	1001.0
-4344.70701469	-0.0	4275.26535135	0.0	3.74457256964	7.61927436692	1001.0
-4522.59237208	-0.0	6219.5796383	0.0	5.27386922958	10.3300490815	1001.0
-5798.14105669	-0.0	766.22475758	0.0	-0.18296418079	3.28782407589	1001.0
-5299.88606547	-0.0	2421.95227478	0.0	2.98409423039	7.27095025628	1001.0
-5143.98572358	-0.0	802.607697317	0.0	0.0495233795751	2.90461168057	1001.0
-4823.13916683	-0.0	1993.01797819	0.0	2.06553169316	5.4249884316	1001.0
-4607.25386493	-0.0	763.987816425	0.0	0.123122045329	2.49821166776	1001.0
-4394.36579684	-0.0	1569.77052567	0.0	1.43622151373	4.10163142301	1001.0
-4132.65958882	-0.0	677.123589182	0.0	0.142670694261	2.09514366644	1001.0
-3986.72636803	-0.0	1210.88027412	0.0	1.01378620113	3.15229968509	1001.0
-3699.55491088	-0.0	580.900363543	0.0	0.156518846939	1.76881692417	1001.0
-3596.90294347	-0.0	921.408079085	0.0	0.738666003918	2.45890309899	1001.0
