-698.891417258	-0.0	83.6175418779	0.0	0.808371274521	0.397486280457	1001.0
-1333.15458521	-0.0	182.966360054	0.0	0.716366207977	0.780938425477	1001.0
-1917.23936621	-0.0	328.808791017	0.0	0.72835403215	1.09035454338	1001.0
-2509.52325628	-0.0	589.387406684	0.0	0.912028848906	1.58129410511	1001.0
-3113.21608141	-0.0	1170.19216145	0.0	1.50467212021	2.62640670339	1001.0
-3400.19656877	-0.0	1701.14399121	0.0	2.06774343296	3.51913742111	1001.0
-3658.95494885	-0.0	2497.46994715	0.0	2.88527526534	4.78121762438	1001.0
-3870.48831137	-0.0	3658.31370555	0.0	4.02414938281	6.50682496145	1001.0
-4011.87352358	-0.0	5343.22562315	0.0	5.57496479391	8.86279436426	1001.0
-4977.91479589	-0.0	491.314733602	0.0	1.00327807924	2.07834476727	1001.0
-4656.06653843	-0.0	1962.6344759	0.0	3.67535692782	5.87624898009	1001.0
-4499.64063933	-0.0	563.000140057	0.0	0.823778317797	2.01072409602	1001.0
-4271.70248569	-0.0	1623.18547574	0.0	2.57353723379	4.40167491579	1001.0
-4067.23420241	-0.0	562.481026939	0.0	0.681682297818	1.81368502091	1001.0
-3908.76972366	-0.0	1282.11855484	0.0	1.83657475708	3.3322392067	1001.0
-3667.26923295	-0.0	513.987520458	0.0	0.568984876171	1.56485326511	1001.0
-3554.84688982	-0.0	992.219280526	0.0	1.3417143042	2.56393055768	1001.0
-3293.13584227	-0.0	452.143256603	0.0	0.495316388018	1.35093379033	1001.0
-3211.96406453	-0.0	758.471983296	0.0	1.01397348445	2.00348406926	1001.0
