-802.08322256	-0.0	71.1435120925	0.0	0.729505530409	0.251285962278	1001.0
-1539.54016793	-0.0	134.532021481	0.0	0.558633212542	0.497106810171	1001.0
-2226.82957062	-0.0	222.258067383	0.0	0.491745497492	0.674102916407	1001.0
-2922.29849107	-0.0	398.403084976	0.0	0.596559747972	1.02170295841	1001.0
-3629.19537209	-0.0	860.05670034	0.0	1.11032791248	1.89945441691	1001.0
-3967.75878448	-0.0	1315.66055294	0.0	1.63397627149	2.69769145759	1001.0
-4278.13681906	-0.0	2024.89646995	0.0	2.41205707915	3.8581407659	1001.0
-4541.23356822	-0.0	3086.40637659	0.0	3.51152317537	5.47559670814	1001.0
-4734.24538032	-0.0	4659.14290135	0.0	5.02288225363	7.71745403007	1001.0
-6195.87201087	-0.0	-189.191507287	-0.0	-0.830521149452	-0.915573773175	1001.0
-5585.21940303	-0.0	1279.16280934	0.0	2.56649119802	3.80091288834	1001.0
-5437.68775796	-0.0	-5.45579684143	-0.0	-0.397748097111	-0.109975727341	1001.0
-5060.54404317	-0.0	1052.58547419	0.0	1.73624137463	2.82284479718	1001.0
-4844.67999943	-0.0	92.0476074239	0.0	-0.219837987256	0.215603824499	1001.0
-4600.24546753	-0.0	810.485288348	0.0	1.16154999655	2.07074614921	1001.0
-4332.84127633	-0.0	129.062364584	0.0	-0.134439092496	0.31361485421	1001.0
-4168.25479761	-0.0	607.138487135	0.0	0.778495827499	1.52776198155	1001.0
-3872.09509282	-0.0	141.169524795	0.0	-0.0745664066404	0.341663850401	1001.0
-3757.90102161	-0.0	448.045997165	0.0	0.534325957953	1.13581935247	1001.0
