-700.906831259	-0.0	51.6592975897	0.0	0.747553704383	0.0229236440236	1001.0
-1337.18545173	-0.0	51.3390514013	0.0	0.594729905409	0.00958502756556	1001.0
-1923.28589704	-0.0	21.8534567205	0.0	0.545892605912	-0.108798807725	1001.0
-2517.5850688	-0.0	-2.67362789718	-0.0	0.668753845435	-0.153466687278	1001.0
-3123.29354719	-0.0	82.0825748525	0.0	1.20057232654	0.0758961971769	1001.0
-3411.28148809	-0.0	229.960045191	0.0	1.73324250276	0.384117874078	1001.0
-3671.04803906	-0.0	501.657857533	0.0	2.52035155158	0.882801732099	1001.0
-3883.58847352	-0.0	951.516626518	0.0	3.62883604776	1.62609432113	1001.0
-4025.98199227	-0.0	1654.09905038	0.0	5.14922458193	2.68619418558	1001.0
-4887.88041918	-0.0	-817.088576809	-0.0	0.605218428903	-3.67803584182	1001.0
-4643.99512937	-0.0	-35.6519044468	-0.0	3.24502599788	-0.191472696855	1001.0
-4470.04052299	-0.0	-655.121723846	-0.0	0.428478729686	-2.53364012631	1001.0
-4275.6089452	-0.0	-88.5941935487	-0.0	2.17322212265	-0.334759172826	1001.0
-4061.10702783	-0.0	-522.796038314	-0.0	0.312313893961	-1.87304470307	1001.0
-3918.00230247	-0.0	-132.54521281	-0.0	1.46794666112	-0.451608643684	1001.0
-3670.90957914	-0.0	-412.890678279	-0.0	0.230278126141	-1.44805869137	1001.0
-3565.49822942	-0.0	-150.892186927	-0.0	1.00467761892	-0.511933525673	1001.0
-3300.47397591	-0.0	-317.781088995	-0.0	0.188033567792	-1.14786729333	1001.0
-3222.44263812	-0.0	-145.666553065	-0.0	0.708163069514	-0.523653290811	1001.0
