-729.24529038	-0.0	111.075539341	0.0	0.813764202824	0.719304332419	1001.0
-1393.86291155	-0.0	295.471049278	0.0	0.727152167647	1.44023075017	1001.0
-2008.30533561	-0.0	590.530249559	0.0	0.744533589924	2.11279699347	1001.0
-2630.94110597	-0.0	1095.06588798	0.0	0.933600980916	3.06295081223	1001.0
-3264.99140773	-0.0	2097.32090426	0.0	1.53163782076	4.79958082873	1001.0
-3567.14501428	-0.0	2949.21125471	0.0	2.09740491943	6.17870645572	1001.0
-3841.08731753	-0.0	4175.35327849	0.0	2.91763445726	8.05862388838	1001.0
-4067.78805202	-0.0	5906.87775424	0.0	4.05920333955	10.5612978786	1001.0
-4224.35923039	-0.0	8354.27158753	0.0	5.61271681908	13.9041033773	1001.0
-5274.39437551	-0.0	2100.28683918	0.0	0.694122599166	9.15709163027	1001.0
-4911.36363458	-0.0	4004.15926902	0.0	3.553606196	12.0752624764	1001.0
-4748.36638038	-0.0	1930.18542499	0.0	0.658924738289	7.11118906444	1001.0
-4495.97268266	-0.0	3295.90171632	0.0	2.51425928789	9.03002187222	1001.0
-4282.93054901	-0.0	1701.38426244	0.0	0.59083788453	5.68258499632	1001.0
-4108.62120692	-0.0	2622.82219899	0.0	1.80992598589	6.91826347477	1001.0
-3856.681819	-0.0	1441.82769049	0.0	0.520267420887	4.58089220722	1001.0
-3733.63638715	-0.0	2049.24910832	0.0	1.33340777089	5.4081676902	1001.0
-3460.23933335	-0.0	1194.67269653	0.0	0.470981093174	3.76082429418	1001.0
-3371.77745042	-0.0	1579.60782544	0.0	1.01588213451	4.29862245894	1001.0
