-779.304799189	-0.0	124.063947983	0.0	0.789949735539	0.871533364156	1001.0
-1493.98288586	-0.0	349.463191357	0.0	0.679522777956	1.75663182742	1001.0
-2158.49103612	-0.0	717.904571219	0.0	0.673086775195	2.61039819989	1001.0
-2831.18302868	-0.0	1345.47565006	0.0	0.838341262413	3.79666070345	1001.0
-3515.29878215	-0.0	2568.0106094	0.0	1.41256080779	5.90286955343	1001.0
-3842.47584752	-0.0	3592.09819479	0.0	1.96642366778	7.54866643193	1001.0
-4141.45942747	-0.0	5052.85334779	0.0	2.77474049055	9.77264307556	1001.0
-4393.17414248	-0.0	7100.59692936	0.0	3.9044096432	12.7137391529	1001.0
-4574.78996682	-0.0	9976.43253668	0.0	5.44600880482	16.6200415298	1001.0
-5821.90514785	-0.0	2875.97050077	0.0	-0.0722164261722	12.5697476155	1001.0
-5348.38566276	-0.0	5040.45021294	0.0	3.12039431511	15.2219210764	1001.0
-5183.54728928	-0.0	2592.1358674	0.0	0.167030383348	9.58068246785	1001.0
-4872.15413879	-0.0	4141.91621622	0.0	2.20309702748	11.3709142129	1001.0
-4650.00584109	-0.0	2253.7060311	0.0	0.242575435923	7.55884419951	1001.0
-4440.71984045	-0.0	3296.77917738	0.0	1.56954190795	8.72091843934	1001.0
-4174.21104209	-0.0	1891.30837585	0.0	0.259389570516	6.04197493953	1001.0
-4029.39944674	-0.0	2576.77608059	0.0	1.13978798179	6.82762792062	1001.0
-3738.12959425	-0.0	1553.5350576	0.0	0.267125440068	4.92551750314	1001.0
-3635.59075038	-0.0	1986.14390648	0.0	0.855491167565	5.43492234804	1001.0
