-831.764274832	-0.0	92.7518602697	0.0	0.730778956481	0.504543925675	1001.0
-1598.90283971	-0.0	223.311720636	0.0	0.561180089022	1.01736756236	1001.0
-2315.87698106	-0.0	429.34370329	0.0	0.495565958202	1.4831047695	1001.0
-3041.0250051	-0.0	799.870013319	0.0	0.601653551149	2.1980159499	1001.0
-3777.60646203	-0.0	1599.75460369	0.0	1.11669529291	3.63329381797	1001.0
-4131.00666781	-0.0	2314.32190817	0.0	1.64098020481	4.82578895212	1001.0
-4456.23206027	-0.0	3371.62886429	0.0	2.4196980186	6.48871054551	1001.0
-4734.15998298	-0.0	4896.76398467	0.0	3.5198004266	8.73992262166	1001.0
-4942.02115066	-0.0	7090.81195732	0.0	5.03179659671	11.788728688	1001.0
-6494.42510065	-0.0	1081.58581227	0.0	-1.16503736761	4.67526955666	1001.0
-5837.37834555	-0.0	2907.91682421	0.0	2.41884020617	8.74656339152	1001.0
-5684.70659393	-0.0	1075.24542664	0.0	-0.586152610387	3.92172267701	1001.0
-5280.93013819	-0.0	2386.13686472	0.0	1.65211402818	6.51273455247	1001.0
-5057.41296816	-0.0	992.583739705	0.0	-0.333058876455	3.27476118873	1001.0
-4796.16337955	-0.0	1878.04628965	0.0	1.11144148543	4.92618677922	1001.0
-4518.9461912	-0.0	862.558011912	0.0	-0.204208359619	2.6979171378	1001.0
-4343.3114551	-0.0	1447.61662095	0.0	0.74835793116	3.7893056527	1001.0
-4035.94208636	-0.0	727.903670764	0.0	-0.118409575591	2.24591837639	1001.0
-3914.28036396	-0.0	1099.93276666	0.0	0.51618681118	2.95789345225	1001.0
