-757.14832172	-0.0	58.5735852299	0.0	0.742571506458	0.103961694305	1001.0
-1449.66950749	-0.0	82.1107201842	0.0	0.584765414345	0.189911067186	1001.0
-2092.01842844	-0.0	98.2089446628	0.0	0.530945298134	0.189491949954	1001.0
-2742.55539819	-0.0	153.618028789	0.0	0.648824666832	0.304473664072	1001.0
-3404.51204385	-0.0	397.528548506	0.0	1.17566035854	0.815296235422	1001.0
-3720.61365693	-0.0	682.040036607	0.0	1.70584006237	1.34747776782	1001.0
-4008.51389834	-0.0	1157.39978719	0.0	2.49045686547	2.16366117427	1001.0
-4249.15735619	-0.0	1902.79311811	0.0	3.59645183259	3.34137780356	1001.0
-4419.68835074	-0.0	3046.12073249	0.0	5.11434778571	5.01681667869	1001.0
-5703.64154981	-0.0	-943.064141551	-0.0	-0.198868805646	-4.2322711394	1001.0
-5191.05339688	-0.0	260.873463824	0.0	2.89814943485	0.708915466982	1001.0
-5045.50368927	-0.0	-649.39889267	-0.0	-0.00897079747053	-2.51229035005	1001.0
-4721.1742536	-0.0	221.890211888	0.0	1.96202384154	0.524340247664	1001.0
-4513.55146863	-0.0	-445.440481643	-0.0	0.0436377578294	-1.61026477412	1001.0
-4300.78653026	-0.0	149.574893662	0.0	1.32771063217	0.3029873125	1001.0
-4046.38745331	-0.0	-308.243718425	-0.0	0.0544297708862	-1.10789309358	1001.0
-3901.74447816	-0.0	90.6091265397	0.0	0.90671389468	0.137893929762	1001.0
-3621.49899258	-0.0	-207.792473845	-0.0	0.0670894848844	-0.79089758287	1001.0
-3520.34191688	-0.0	50.659601667	0.0	0.636809730659	0.0250935443592	1001.0
