-782.267563768	-0.0	136.66799732	0.0	0.796638235778	1.01925756035	1001.0
-1499.90847164	-0.0	400.740748232	0.0	0.692899906259	2.05712507716	1001.0
-2167.37975445	-0.0	836.356100222	0.0	0.693153234447	3.07314157678	1001.0
-2843.03431707	-0.0	1572.30575062	0.0	0.865095782778	4.46128131181	1001.0
-3530.11318686	-0.0	2978.42262994	0.0	1.44600462243	6.86486840278	1001.0
-3858.77126191	-0.0	4140.20809427	0.0	2.00321089138	8.71666126591	1001.0
-4159.23690609	-0.0	5783.48726715	0.0	2.81487350377	11.1997888963	1001.0
-4412.43206981	-0.0	8071.34783168	0.0	3.94788479898	14.4641376995	1001.0
-4595.53015781	-0.0	11265.195898	0.0	5.49283020039	18.7777815398	1001.0
-5838.94404305	-0.0	3607.64781719	0.0	-0.0535726275814	15.7887956589	1001.0
-5369.95848314	-0.0	5944.24802304	0.0	3.1524019989	17.9662692428	1001.0
-5202.6757685	-0.0	3212.52419573	0.0	0.192566864404	11.8951229247	1001.0
-4892.66808448	-0.0	4883.88756123	0.0	2.23755423417	13.4239228065	1001.0
-4668.66702622	-0.0	2770.08246154	0.0	0.271166607417	9.31299564693	1001.0
-4459.6420597	-0.0	3893.43053998	0.0	1.60396493912	10.316801523	1001.0
-4191.57398472	-0.0	2312.21775137	0.0	0.288678119086	7.41018372016	1001.0
-4046.60909291	-0.0	3048.99263394	0.0	1.17288095899	8.0982598558	1001.0
-3753.90760208	-0.0	1890.77903927	0.0	0.295609743561	6.0200479355	1001.0
-3651.09631301	-0.0	2354.51837337	0.0	0.88649098865	6.4645575647	1001.0
