-880.928985266	-0.0	142.169408232	0.0	0.732890421622	1.08373616427	1001.0
-1697.23320017	-0.0	425.393904664	0.0	0.565403059656	2.20159582703	1001.0
-2463.3781582	-0.0	898.539605898	0.0	0.501900656221	3.31606799272	1001.0
-3237.68766483	-0.0	1704.20001593	0.0	0.610099575683	4.84773640147	1001.0
-4023.43966887	-0.0	3251.82960112	0.0	1.12725303325	7.50572972875	1001.0
-4401.41604681	-0.0	4533.52243475	0.0	1.65259341218	9.5547944911	1001.0
-4751.23511081	-0.0	6348.29433476	0.0	2.43236744454	12.3030254484	1001.0
-5053.7298968	-0.0	8876.71490305	0.0	3.53352491978	15.9163262556	1001.0
-5286.1880451	-0.0	12408.1874627	0.0	5.04657745057	20.6914599575	1001.0
-6988.95922684	-0.0	3969.82834998	0.0	-1.71912492618	17.3822255894	1001.0
-6255.06338574	-0.0	6545.84631907	0.0	2.17428131303	19.7929999145	1001.0
-6093.87742484	-0.0	3528.00345515	0.0	-0.898217833623	13.0720598979	1001.0
-5645.9854468	-0.0	5368.43906725	0.0	1.51277656099	14.7646597669	1001.0
-5409.79141022	-0.0	3035.33694858	0.0	-0.520588813161	10.2140757795	1001.0
-5120.68868423	-0.0	4270.52640919	0.0	1.02845282748	11.3254322851	1001.0
-4827.2169408	-0.0	2526.99443813	0.0	-0.319764763418	8.10833720831	1001.0
-4633.28141429	-0.0	3335.85193739	0.0	0.698448182126	8.87013578705	1001.0
-4307.34399991	-0.0	2060.34991837	0.0	-0.191022233665	6.57039278283	1001.0
-4173.31254375	-0.0	2568.45550393	0.0	0.486151123495	7.06252844373	1001.0
