-699.418739734	-0.0	79.8758772119	0.0	0.793622347593	0.353632564047	1001.0
-1334.20924024	-0.0	165.566540067	0.0	0.686868072252	0.678973184318	1001.0
-1918.82140921	-0.0	284.707356831	0.0	0.684105137682	0.918067644653	1001.0
-2511.63258714	-0.0	499.226569221	0.0	0.853031995833	1.31711950705	1001.0
-3115.85279735	-0.0	984.316263904	0.0	1.43092458927	2.19071673669	1001.0
-3403.09687962	-0.0	1428.58096452	0.0	1.98662329341	2.93831921764	1001.0
-3662.11904232	-0.0	2087.14699535	0.0	2.79677726753	3.97973459669	1001.0
-3873.91589992	-0.0	3038.52171941	0.0	3.92828156896	5.38925402833	1001.0
-4015.56493023	-0.0	4390.73860091	0.0	5.47171812913	7.26807230859	1001.0
-4824.31324827	-0.0	1018.65416423	0.0	0.961572728794	4.39839887347	1001.0
-4624.67500746	-0.0	2094.92184738	0.0	3.57468869374	6.27793462404	1001.0
-4441.8680012	-0.0	862.189637118	0.0	0.739449683027	3.12688996286	1001.0
-4265.53225519	-0.0	1634.69233967	0.0	2.47613663101	4.43351400324	1001.0
-4046.8233389	-0.0	714.367397621	0.0	0.593927212877	2.32964911468	1001.0
-3911.12974572	-0.0	1239.36825457	0.0	1.74647902475	3.21789356822	1001.0
-3662.54255678	-0.0	580.281779807	0.0	0.486530123689	1.78034950497	1001.0
-3559.78435591	-0.0	926.347268394	0.0	1.25946118448	2.38668331453	1001.0
-3294.61716658	-0.0	468.106182698	0.0	0.420215078067	1.40274170789	1001.0
-3217.20073813	-0.0	690.143199751	0.0	0.939486786754	1.81249981771	1001.0
