-759.587450913	-0.0	82.6011965285	0.0	0.758904201525	0.385574330908	1001.0
-1454.54781249	-0.0	177.824335345	0.0	0.617431116615	0.750805482156	1001.0
-2099.33616558	-0.0	315.832405484	0.0	0.57994572399	1.03966092623	1001.0
-2752.31210438	-0.0	566.099719187	0.0	0.714156715451	1.51306031695	1001.0
-3416.7081688	-0.0	1124.29744644	0.0	1.25732704119	2.51883026601	1001.0
-3734.02903973	-0.0	1630.31607249	0.0	1.79567103852	3.36820666206	1001.0
-4023.14940715	-0.0	2376.10667568	0.0	2.58845794848	4.54415898108	1001.0
-4265.01166102	-0.0	3448.52142895	0.0	3.70261411666	6.12854038281	1001.0
-4436.76294576	-0.0	4967.08603068	0.0	5.22868127592	8.2330344934	1001.0
-5442.15106742	-0.0	1278.67793526	0.0	0.0220897152916	5.54238542682	1001.0
-5133.25760898	-0.0	2457.87144147	0.0	3.01677540855	7.38001745931	1001.0
-4943.47689711	-0.0	1072.78079118	0.0	0.117591984269	3.91252802946	1001.0
-4707.95879699	-0.0	1917.08329748	0.0	2.06465302472	5.21487984306	1001.0
-4475.20403937	-0.0	881.423034009	0.0	0.142591098049	2.89714381253	1001.0
-4304.21556018	-0.0	1453.48264108	0.0	1.42191165584	3.79059238164	1001.0
-4036.11842208	-0.0	709.732824749	0.0	0.141189864928	2.2011433068	1001.0
-3911.34786326	-0.0	1085.45467413	0.0	0.993650302879	2.81480670286	1001.0
-3623.34287343	-0.0	566.513982835	0.0	0.145559029554	1.72212570845	1001.0
-3531.68456722	-0.0	806.514720798	0.0	0.71644134573	2.13776724815	1001.0
