-752.75651407	-0.0	128.833772287	0.0	0.811383020699	0.927437498017	1001.0
-1440.88580826	-0.0	368.213521289	0.0	0.72238975789	1.86651123506	1001.0
-2078.8423761	-0.0	759.708738702	0.0	0.737389702299	2.77371058422	1001.0
-2724.98782654	-0.0	1421.83409715	0.0	0.9240760675	4.02039378576	1001.0
-3382.55214317	-0.0	2696.14499692	0.0	1.51973144253	6.20321439516	1001.0
-3696.45840475	-0.0	3755.09929528	0.0	2.0843082496	7.89601364001	1001.0
-3982.16173146	-0.0	5258.45301274	0.0	2.90334664829	10.1742405032	1001.0
-4220.61066935	-0.0	7357.92467572	0.0	4.04372568984	13.177736778	1001.0
-4388.94445362	-0.0	10296.7838746	0.0	5.59604786995	17.1563967055	1001.0
-5514.92830792	-0.0	3140.51799186	0.0	0.40372412158	13.7336364836	1001.0
-5111.98590999	-0.0	5322.76567973	0.0	3.41280171942	16.0791614071	1001.0
-4945.59652369	-0.0	2814.02726894	0.0	0.487292231661	10.4084775976	1001.0
-4670.76836803	-0.0	4376.3725791	0.0	2.4255940176	12.0196467159	1001.0
-4452.02813429	-0.0	2437.626954	0.0	0.480754393511	8.18363095217	1001.0
-4263.81109492	-0.0	3488.93502734	0.0	1.74991390694	9.23488403062	1001.0
-4004.27555218	-0.0	2041.64078824	0.0	0.446365239651	6.53064575233	1001.0
-3872.23254891	-0.0	2732.19881007	0.0	1.29090530768	7.24583664739	1001.0
-3590.0376429	-0.0	1674.71029976	0.0	0.419318726139	5.31879358039	1001.0
-3495.56852809	-0.0	2110.22594698	0.0	0.984572914921	5.7817412786	1001.0
