-759.394523472	-0.0	55.627060007	0.0	0.720902570194	0.0694273110688	1001.0
-1454.16195392	-0.0	68.6900090683	0.0	0.5414271277	0.111263929083	1001.0
-2098.7573556	-0.0	64.849755512	0.0	0.465935383948	0.0591707631537	1001.0
-2751.54037964	-0.0	87.2522865015	0.0	0.56214723903	0.110019577494	1001.0
-3415.74349371	-0.0	264.528141886	0.0	1.06731142201	0.503545527044	1001.0
-3732.96792518	-0.0	488.926075045	0.0	1.58665938284	0.935961556037	1001.0
-4021.99178448	-0.0	867.465738473	0.0	2.36043673022	1.59733355801	1001.0
-4263.75763541	-0.0	1464.20801252	0.0	3.45560405716	2.55054801442	1001.0
-4435.41239904	-0.0	2367.10944502	0.0	4.96265909612	3.87996730342	1001.0
-5494.92371093	-0.0	-471.948144714	-0.0	-0.264001655353	-2.15957461896	1001.0
-5142.93075581	-0.0	429.252750467	0.0	2.75050706606	1.22019285823	1001.0
-4962.50965587	-0.0	-374.402604988	-0.0	-0.132589368295	-1.48638044067	1001.0
-4708.98986394	-0.0	275.682882142	0.0	1.81851181338	0.673182672703	1001.0
-4481.22945736	-0.0	-298.801495152	-0.0	-0.0851974322757	-1.11212625494	1001.0
-4302.49250577	-0.0	146.204829005	0.0	1.19462157945	0.293973289379	1001.0
-4036.82309391	-0.0	-237.971390699	-0.0	-0.0670806772923	-0.879465737426	1001.0
-3908.93599326	-0.0	58.5006775161	0.0	0.785125276158	0.0514970840162	1001.0
-3622.06233174	-0.0	-183.603241163	-0.0	-0.0438298508824	-0.712391063128	1001.0
-3529.34096715	-0.0	9.35393971098	0.0	0.526732917554	-0.0903589856608	1001.0
