-677.712996748	-0.0	47.4714492464	0.0	0.7516249229	-0.0261595128084	1001.0
-1290.79733945	-0.0	33.8026895933	0.0	0.602872420251	-0.0931803666832	1001.0
-1853.70106958	-0.0	-19.8888299844	-0.0	0.558106844916	-0.271869448279	1001.0
-2424.80792959	-0.0	-85.9188488475	-0.0	0.685039035665	-0.397378272443	1001.0
-3007.31981997	-0.0	-76.9685392302	-0.0	1.22092921861	-0.296916929818	1001.0
-3283.71376052	-0.0	11.155989676	0.0	1.75563449209	-0.0821426454592	1001.0
-3531.87805567	-0.0	201.710085859	0.0	2.54478008724	0.29691433016	1001.0
-3732.82888131	-0.0	542.587382924	0.0	3.65529890983	0.888738165252	1001.0
-3863.61858316	-0.0	1099.45261536	0.0	5.17772426436	1.75756536191	1001.0
-4657.95164955	-0.0	-1128.90729465	-0.0	0.899769840525	-5.04989664853	1001.0
-4448.64750116	-0.0	-426.656000924	-0.0	3.39524980405	-1.37874197683	1001.0
-4279.02985908	-0.0	-910.792085202	-0.0	0.607675451835	-3.48745211941	1001.0
-4104.49429213	-0.0	-399.534525676	-0.0	2.27162865875	-1.19512012642	1001.0
-3896.2094851	-0.0	-729.046624267	-0.0	0.430742307916	-2.5736862168	1001.0
-3765.65065025	-0.0	-374.995074667	-0.0	1.53738038091	-1.10009728784	1001.0
-3526.40043449	-0.0	-576.248290767	-0.0	0.312446605905	-1.97906924327	1001.0
-3429.21260713	-0.0	-336.975210967	-0.0	1.05603472638	-1.0126424298	1001.0
-3173.08114307	-0.0	-445.128752122	-0.0	0.247516792159	-1.561176056	1001.0
-3100.59442828	-0.0	-286.677269306	-0.0	0.747640745513	-0.917789183543	1001.0
