-708.022669444	-0.0	69.2476655809	0.0	0.786256654979	0.229065928497	1001.0
-1351.41726409	-0.0	124.561190373	0.0	0.672136546258	0.43867642415	1001.0
-1944.63443137	-0.0	194.022326642	0.0	0.662007004257	0.563797020575	1001.0
-2546.04897413	-0.0	331.594563867	0.0	0.823568653379	0.82595151346	1001.0
-3158.87413548	-0.0	704.6208766	0.0	1.39409467977	1.53511546947	1001.0
-3450.41910057	-0.0	1080.06750086	0.0	1.94611146393	2.1956544245	1001.0
-3713.7452085	-0.0	1670.57658004	0.0	2.75258089637	3.16604841064	1001.0
-3929.84131983	-0.0	2561.03188608	0.0	3.88040467245	4.52827361794	1001.0
-4075.79487447	-0.0	3888.3117563	0.0	5.42015619517	6.42687326676	1001.0
-5108.82198463	-0.0	-341.807961384	-0.0	0.724591614676	-1.58701689014	1001.0
-4744.16909149	-0.0	937.354304087	0.0	3.47015360391	2.76302417676	1001.0
-4592.19823593	-0.0	-143.195474306	-0.0	0.614674111052	-0.623831755059	1001.0
-4343.58515674	-0.0	781.251855604	0.0	2.40087206266	2.07207422575	1001.0
-4140.13017963	-0.0	-25.2503816765	-0.0	0.510406902551	-0.182862149606	1001.0
-3970.60649102	-0.0	604.771667901	0.0	1.68601767902	1.52051714192	1001.0
-3727.84875804	-0.0	34.8795068761	0.0	0.423342885192	0.00746388586141	1001.0
-3609.22377082	-0.0	455.849031177	0.0	1.20865152117	1.12067499396	1001.0
-3344.98860051	-0.0	68.2065625904	0.0	0.369194144451	0.104861455377	1001.0
-3260.1797562	-0.0	339.807231911	0.0	0.895868778725	0.833283605484	1001.0
