-764.703645536	-0.0	71.7152049707	0.0	0.753657527595	0.257986417714	1001.0
-1464.78029951	-0.0	135.988174709	0.0	0.606937668485	0.505640060236	1001.0
-2114.68548265	-0.0	223.617690227	0.0	0.564204950293	0.679414426283	1001.0
-2772.77728018	-0.0	396.100243151	0.0	0.693169612289	1.01495554644	1001.0
-3442.2901466	-0.0	842.579584692	0.0	1.23109264123	1.85848835281	1001.0
-3762.16847142	-0.0	1281.53207297	0.0	1.76681396143	2.62496537049	1001.0
-4053.84811376	-0.0	1963.89075085	0.0	2.55697632678	3.73897841284	1001.0
-4298.26685281	-0.0	2984.31694603	0.0	3.66851081124	5.29151530225	1001.0
-4472.57775681	-0.0	4495.35789032	0.0	5.19195307277	7.44323342298	1001.0
-5752.87888116	-0.0	-172.397649017	-0.0	-0.195348500639	-0.841688420451	1001.0
-5247.12641986	-0.0	1240.86312321	0.0	2.93792497554	3.68461732729	1001.0
-5096.372086	-0.0	5.57270737676	0.0	0.0169704362141	-0.0688324382493	1001.0
-4773.60820481	-0.0	1024.71536791	0.0	2.01115759596	2.74572919415	1001.0
-4561.80020686	-0.0	100.205926309	0.0	0.0807273389836	0.243317961003	1001.0
-4348.87489132	-0.0	792.87979664	0.0	1.37972928996	2.02365615972	1001.0
-4090.74952241	-0.0	136.262887848	0.0	0.0963424612162	0.337020888212	1001.0
-3945.40440621	-0.0	597.642545518	0.0	0.958304784986	1.5022104701	1001.0
-3661.61219141	-0.0	147.901298033	0.0	0.109926375054	0.363511922042	1001.0
-3559.67366099	-0.0	444.405909435	0.0	0.686031427175	1.12564502484	1001.0
