-672.826808997	-0.0	46.1316064717	0.0	0.75119083842	-0.0418629737862	1001.0
-1281.02487057	-0.0	28.2383866512	0.0	0.602004242994	-0.125787916175	1001.0
-1839.04180608	-0.0	-33.0272850598	-0.0	0.556804529265	-0.323196207164	1001.0
-2405.26279914	-0.0	-111.858070227	-0.0	0.683302664033	-0.473381153236	1001.0
-2982.8879217	-0.0	-125.861680202	-0.0	1.21875871096	-0.411521627053	1001.0
-3256.83938287	-0.0	-55.6047335178	-0.0	1.75324699679	-0.22440641387	1001.0
-3502.55945948	-0.0	110.869200678	0.0	2.54217544979	0.119475004935	1001.0
-3701.0687309	-0.0	419.61785173	0.0	3.65247736692	0.66700704127	1001.0
-3829.41388534	-0.0	933.770714895	0.0	5.17468555008	1.48016884654	1001.0
-4611.15147164	-0.0	-1225.54926182	-0.0	0.952151542315	-5.47507743295	1001.0
-4407.79069857	-0.0	-545.824048029	-0.0	3.41783919668	-1.74059128418	1001.0
-4239.37637084	-0.0	-990.174648114	-0.0	0.636925435627	-3.78359923692	1001.0
-4068.48016513	-0.0	-494.642104172	-0.0	2.28398296842	-1.45827944824	1001.0
-3861.65570487	-0.0	-793.239535432	-0.0	0.447940947444	-2.79175211097	1001.0
-3733.50965567	-0.0	-449.48533022	-0.0	1.54427346685	-1.29933883187	1001.0
-3495.98100076	-0.0	-627.247723264	-0.0	0.322668906895	-2.14484809118	1001.0
-3400.43926972	-0.0	-394.432973157	-0.0	1.05975961969	-1.16724875829	1001.0
-3146.20999122	-0.0	-485.023067902	-0.0	0.253603220206	-1.69065365997	1001.0
-3074.8674066	-0.0	-330.447184349	-0.0	0.749504376805	-1.04012949214	1001.0
