-734.357048725	-0.0	101.207717592	0.0	0.802046703786	0.60364975212	1001.0
-1404.08652594	-0.0	255.451044414	0.0	0.703716945638	1.20570824072	1001.0
-2023.64134322	-0.0	498.373290085	0.0	0.709379413565	1.75277612257	1001.0
-2651.38853631	-0.0	919.297733723	0.0	0.886730074819	2.54794360056	1001.0
-3290.55120327	-0.0	1781.22017031	0.0	1.47304802456	4.05864604342	1001.0
-3595.26004613	-0.0	2528.61368372	0.0	2.03295784733	5.28243402831	1001.0
-3871.75940514	-0.0	3616.93522051	0.0	2.8473259386	6.96786697639	1001.0
-4101.01440807	-0.0	5167.97906007	0.0	3.98303976359	9.22896102755	1001.0
-4260.14298624	-0.0	7377.39555452	0.0	5.53069100791	12.2685474914	1001.0
-5345.69167612	-0.0	1529.81864044	0.0	0.543766813928	6.64729052294	1001.0
-4960.05175267	-0.0	3308.02397139	0.0	3.443535328	9.96147374367	1001.0
-4799.26671682	-0.0	1446.95002375	0.0	0.546485798285	5.30841568569	1001.0
-4535.9128509	-0.0	2723.89451507	0.0	2.42195833006	7.44729808158	1001.0
-4323.27370188	-0.0	1299.31376826	0.0	0.499042687371	4.31673539947	1001.0
-4143.08281314	-0.0	2162.15202443	0.0	1.72963678993	5.68609376093	1001.0
-3890.34741196	-0.0	1114.01197273	0.0	0.442421885433	3.5152938396	1001.0
-3763.99288762	-0.0	1684.01298867	0.0	1.26256909358	4.42539681058	1001.0
-3489.12923626	-0.0	931.878812657	0.0	0.403706733438	2.90792277788	1001.0
-3398.72107672	-0.0	1294.14408431	0.0	0.953081680306	3.5007291537	1001.0
