-837.133695311	-0.0	146.768574037	0.0	0.765524433863	1.13764011636	1001.0
-1609.64178328	-0.0	443.053624149	0.0	0.630671707811	2.30508411354	1001.0
-2331.98601199	-0.0	936.911193171	0.0	0.599807369756	3.46597064084	1001.0
-3062.50310399	-0.0	1771.74934465	0.0	0.740638158912	5.0456584402	1001.0
-3804.45461884	-0.0	3357.95977948	0.0	1.29042950292	7.7544970756	1001.0
-4160.53885959	-0.0	4662.22079577	0.0	1.83208278385	9.82904427377	1001.0
-4488.45019818	-0.0	6501.09935909	0.0	2.62818133376	12.6014992067	1001.0
-4769.06113921	-0.0	9054.31204711	0.0	3.74564553206	16.2365585439	1001.0
-4979.60861441	-0.0	12609.8147224	0.0	5.27502477686	21.0290387702	1001.0
-6460.06418355	-0.0	4216.99850259	0.0	-0.939722456749	18.4696620566	1001.0
-5856.01618845	-0.0	6779.7903727	0.0	2.64053300477	20.5033622626	1001.0
-5689.59907219	-0.0	3733.69739584	0.0	-0.382721825327	13.8394282643	1001.0
-5308.5147815	-0.0	5564.81272622	0.0	1.86326674816	15.3080187688	1001.0
-5076.24211727	-0.0	3205.31066169	0.0	-0.141950547722	10.791483301	1001.0
-4825.57038321	-0.0	4434.24841354	0.0	1.31016414926	11.7633449314	1001.0
-4542.51833228	-0.0	2666.20904717	0.0	-0.0253595711869	8.56086846931	1001.0
-4371.89099501	-0.0	3470.79315498	0.0	0.932991895438	9.23323322451	1001.0
-4060.19248018	-0.0	2173.05589224	0.0	0.0468797356407	6.93618172204	1001.0
-3940.91777993	-0.0	2678.27690009	0.0	0.685586303918	7.36948776688	1001.0
