rhoL 	 Psat 	 rhov 	 Udep 	 P 	 Z 
34.4588495625	3.74566278217	12.1446394465	1041.11333891	554.362577826	0.525430938417	
33.7608073239	3.74958162631	12.280482734	1011.60052937	426.867979595	0.51294692054	
33.0456901962	3.75276286712	12.4167332635	981.927739817	297.641928809	0.500499446274	
32.3185871834	3.74140503224	12.059305538	952.0947431	181.444202235	0.488098169542	
31.6412805851	3.71070285175	11.750432267	922.101342487	149.89618857	0.475753805002	
30.9307705525	3.68078381846	11.5804368599	891.947377224	255.623470259	0.463478258281	
30.2564057069	3.65123687539	11.4628757273	861.632729332	413.028503084	0.451284772501	
29.5695090683	3.6217527658	11.3749358485	831.157332006	590.158648697	0.439188092641	
28.886568048	3.59223558454	11.3065333821	800.52118009	780.78046325	0.427204649137	
28.207790669	3.56264661606	11.2521793337	769.724343206	983.361634814	0.415352761859	
27.5333750869	3.5328411988	11.2084527359	738.766982401	1197.57465903	0.403652865018	
26.86353129	3.50282337457	11.1730814483	707.649371448	1423.51123726	0.392127752705	
26.1984707519	3.47282130676	11.1445308667	676.371924369	1661.44530968	0.380802843362	
25.5384368823	3.44201316372	11.1216149002	644.935231451	1911.74568328	0.369706459496	
24.8836785305	3.41115912696	11.1034860909	613.340106909	2174.83898869	0.358870116061	
24.2344832102	3.38002204778	11.0893735939	581.587652924	2451.19234343	0.348328806986	
23.5911212775	3.34854019522	11.0787981192	549.679346894	2741.30466742	0.338121274147	
22.9539453016	3.31674504569	11.0713889682	517.617162434	3045.7021547	0.328290236372	
22.3233103022	3.28462075154	11.0666492366	485.403740295	3364.93589324	0.318882548097	
21.6996034852	3.25211815546	11.0643350312	453.042634956	3699.58066547	0.309949248121	
21.0832449989	3.21931112109	11.0642254565	420.538678952	4050.23443326	0.301545449626	
32.0629743718	3.77447807197	12.2101293601	996.791390115	554.853271292	0.48427101778	
31.3677712719	3.74247965967	11.8913814036	966.918370949	426.542026478	0.47147997004	
30.6346642541	3.71130341331	11.718003023	936.883943067	296.91308391	0.458735718921	
29.9419482936	3.68042819352	11.5986672715	906.687949496	182.002174682	0.446050121037	
29.2343004684	3.64965729508	11.5097415041	876.330276824	155.684612232	0.433436475575	
28.5304228729	3.61882858531	11.4407176343	845.810863637	264.1263873	0.420909721248	
27.8194060583	3.58787878485	11.3860575233	815.129710981	422.988367334	0.408486660508	
27.1347432611	3.55669436006	11.3422398638	784.286895473	601.638651021	0.396186213839	
26.4433469692	3.52531938512	11.3069748646	753.282585833	793.924112059	0.384029706528	
25.7565497852	3.49363270552	11.2786007306	722.117063979	998.302828609	0.372041189607	
25.0745584849	3.46163962779	11.2559979289	690.790752164	1214.43829371	0.360247795211	
24.3976435183	3.42932015205	11.2381599552	659.304248313	1442.41803776	0.348680124298	
23.7260808742	3.39666280258	11.2244915491	627.658372594	1682.51509372	0.337372661049	
23.0601702543	3.36364931352	11.2143899903	595.854229595	1935.09936849	0.326364202822	
22.4002520547	3.33029488476	11.2074340836	563.893292592	2200.59986272	0.315698286899	
21.7466871002	3.29653444178	11.2032352617	531.777519579	2479.48691466	0.305423584653	
21.0998768731	3.26248346671	11.2014892327	499.509515965	2772.26327299	0.295594220123	
20.4602868999	3.22799727365	11.2018854263	467.092767322	3079.45942453	0.286269953195	
19.843949799	3.19319234029	11.2043417576	434.531979982	3401.63112659	0.277516148952	
19.2048001595	3.15799606049	11.2085432876	401.833592426	3739.35815333	0.269403436752	
18.6116167924	3.12243304151	11.2143738505	369.006565999	4093.2437474	0.262006950236	
29.6940903114	3.71082627181	11.7403797964	952.304204613	555.415641404	0.443918979071	
28.9655285238	3.67871364443	11.6488508844	922.070981238	426.317005213	0.430871909968	
28.2405195306	3.64652099306	11.5782380674	891.675093292	296.350064328	0.417887821798	
27.5060219494	3.61420391199	11.5225379427	861.116483812	182.888037407	0.404981803457	
26.8018648643	3.58164610656	11.4780558515	830.395158896	161.73277272	0.392170975812	
26.0886308639	3.54881515301	11.4424271064	799.511200728	272.716791738	0.379474798178	
25.3797345151	3.51570480715	11.4138969816	768.46478393	433.003342328	0.366915420801	
24.6754071644	3.48223763754	11.3912872844	737.25619636	613.159925923	0.354518087822	
23.9758956482	3.44845423231	11.3735849787	705.885865748	807.100600156	0.342311594074	
23.2814763759	3.4142535134	11.360160365	674.354394216	1013.27107829	0.330328796573	
22.5924478297	3.37968930909	11.3503457367	642.662603566	1231.32476296	0.318607177427	
21.909139392	3.34474882652	11.3437449003	610.811595384	1461.34445942	0.307189447874	
21.2319321098	3.30939651817	11.3399135509	578.802832016	1703.60197491	0.29612417258	
20.5612323243	3.27365716885	11.338648445	546.638247323	1958.46811917	0.285466377609	
19.8974990917	3.23764123215	11.3395934353	514.320400786	2226.37413416	0.275278083756	
19.2412491671	3.20096128729	11.3425709007	481.852696137	2507.79349129	0.265628678525	
18.6083642684	3.16403445062	11.3473077589	449.239698207	2803.23270634	0.256595005981	
17.9719910084	3.12667986145	11.3537249827	416.487603481	3113.22651425	0.248261018138	
17.3235503132	3.08895066547	11.3616952877	383.604958587	3438.33530853	0.240716803287	
16.7037891451	3.0508363176	11.370861201	350.603792815	3779.1438301	0.234056801012	
16.1243705951	3.01233161036	11.3816605472	317.501470567	4136.26058295	0.228377051586	
27.2764271308	3.64185272644	11.6617028339	907.654374781	556.049470691	0.404671484186	
26.537312075	3.60791953637	11.6159786822	877.061349097	426.193075667	0.391447865558	
25.8020559989	3.57366436017	11.5794921182	846.304639811	295.953816457	0.378313281376	
25.0708725398	3.53907705476	11.5504707676	815.384333146	184.097057112	0.365287797471	
24.3439151027	3.50413366409	11.5275467942	784.300607767	168.012622162	0.352394457178	
23.6215010133	3.46880328693	11.509727111	753.053755182	281.386671026	0.339659769973	
22.9038558955	3.43307994936	11.49632896	721.644205778	443.069690975	0.327114275926	
22.1912818856	3.39693359255	11.4866945528	690.072562409	624.720189926	0.314793190901	
21.4841037477	3.3603684399	11.4803028459	658.339644221	820.308345064	0.302737132741	
20.7826826172	3.32337345096	11.4768570908	626.446544511	1028.26520232	0.290992920224	
20.0874273198	3.28595624678	11.4759191194	594.394708184	1248.23314003	0.279614422429	
19.3987919436	3.24808988189	11.4773093207	562.186036991	1480.28974961	0.268663414085	
18.7173014647	3.20978849005	11.4807671373	529.823034857	1724.70532615	0.25821035991	
18.0558534978	3.17107232945	11.4860564874	497.309012291	1981.85140239	0.248335006158	
17.3932972064	3.13192318265	11.4930303037	464.648379842	2252.16134306	0.239126600997	
16.7219581996	3.09234838143	11.5015278801	431.847079212	2536.11167133	0.230683503152	
16.0757755089	3.05233533654	11.5114977733	398.913233324	2834.2126125	0.223111885737	
15.4661527649	3.0119395146	11.5227274558	365.858156415	3147.00310775	0.216523228569	
14.8176066806	2.97110846665	11.5352115033	332.697978598	3475.04815554	0.211030358959	
14.2080792115	2.92993584249	11.5488527496	299.456366191	3818.93743982	0.206741991505	
13.6522030319	2.88830984224	11.5634523962	266.169298786	4179.28470769	0.203756049167	
24.8325609045	3.56400639605	11.688337518	862.845310787	556.754515096	0.366943980399	
24.0729257384	3.5275597561	11.664838977	831.893408891	426.170326034	0.35366823244	
23.3374258316	3.4906936295	11.6466504536	800.777131546	295.72501068	0.34052418049	
22.5963512481	3.45326862808	11.6330827353	769.496771585	185.622919439	0.327539866196	
21.8599784742	3.41566878151	11.6234262307	738.052759235	174.499148385	0.314747858754	
21.1286012883	3.37745187382	11.617191949	706.445694649	290.128900443	0.302186036123	
20.402573841	3.33881203184	11.613927914	674.67639015	453.183989876	0.289898477504	
19.682286886	3.2996929714	11.6132776204	642.745925683	636.317318033	0.277936460513	
18.9681718535	3.26010102731	11.6150568797	610.6557226	833.54586097	0.266359538033	
18.2607530767	3.22003251558	11.6189310601	578.407643247	1043.28408509	0.255236639464	
17.5606030109	3.17950364254	11.6247088751	546.004127401	1265.16254657	0.24464709477	
16.8683910362	3.13849732011	11.6321634476	513.448382634	1499.25319304	0.234681413646	
16.1848872167	3.0970383071	11.6412512979	480.744654984	1745.82455017	0.225441566693	
15.510951209	3.05511221669	11.6517983765	447.898622361	2005.24870978	0.217040420056	
14.86948707	3.01275384498	11.6636500446	414.917980562	2277.96105004	0.209599896239	
14.2217929923	2.96995735071	11.6767938524	381.813341081	2564.44107039	0.203247422873	
13.5879337755	2.92672630798	11.6910596387	348.599651625	2865.20265177	0.198110361222	
12.9345098993	2.88308518468	11.7063930118	315.29852933	3180.78890224	0.19430844764	
12.3678408476	2.83904380746	11.7227795136	281.942264878	3511.76939583	0.191944843024	
11.740296401	2.79458473904	11.7400933994	248.581060989	3858.73873708	0.191097043948	
11.1743700147	2.7497687933	11.7582722303	215.296961549	4222.31589879	0.191809386731	
22.361947807	3.47552419809	11.7704620223	817.88147533	557.530504448	0.331323873399	
21.601685521	3.43618806674	11.7605727652	786.572324099	426.248772513	0.318191056284	
20.8459799803	3.3963583413	11.7543094882	755.098562339	295.664035733	0.30526041468	
20.0951551908	3.35601032326	11.7511595139	723.46078418	187.457887478	0.292573001688	
19.3495703796	3.31515901563	11.7507683016	691.65979113	181.170153494	0.280176875945	
18.6096404102	3.27382160694	11.7527968604	659.69664503	298.937132555	0.268128274559	
17.8758464323	3.23197110403	11.7570598356	627.57273807	463.34309893	0.256492880943	
17.1487480716	3.18958130544	11.763241805	595.289886607	647.949330849	0.245347114203	
16.4289785604	3.1467265288	11.77129047	562.850458844	846.811751719	0.234779303461	
15.7172910292	3.1033542099	11.7808785939	530.25755137	1058.32667255	0.22489052022	
15.0145638326	3.05949238211	11.7920244571	497.515237936	1282.11214952	0.215794725918	
14.3218290774	3.01514252792	11.8044889584	464.628927182	1518.2341095	0.207617767337	
13.6403010128	2.97031559685	11.8182204933	431.60588921	1766.95907782	0.200494663981	
12.9714387481	2.9249353044	11.8331990122	398.456051263	2028.65955608	0.194564660096	
12.3169634892	2.87926523359	11.8492887433	365.193236867	2303.77283521	0.189963767396	
11.6789364866	2.83308267299	11.866365185	331.837163616	2592.78132071	0.186815083638	
11.0598493673	2.7864650738	11.8844424425	298.416797095	2896.20249888	0.185217990599	
10.4626332549	2.85616716925	11.9034191623	264.976255993	3214.58360764	0.185238145681	
9.89085937373	2.80499387857	11.9233356494	231.585815838	3548.49876884	0.186900535527	
9.41012013395	2.75344449237	11.9440195831	198.363862936	3898.5474864	0.190187384296	
8.91519714116	2.67975906783	10.5022707883	165.524478364	4265.35394236	0.195041446301	
19.8638006553	3.37525032998	11.8885757561	772.768702999	558.377142962	0.298641803077	
19.0929041226	3.33269412936	11.8882510046	741.104878156	426.428359256	0.285954938143	
18.3270701167	3.2895688616	11.8905176162	709.276853489	295.770995413	0.273585687331	
17.5667412555	3.24591661869	11.89511375	677.285668353	189.592986442	0.261595739442	
16.8124258658	3.20172805284	11.9017364987	645.132680681	188.006000952	0.250057221406	
16.0647132626	3.15696106659	11.910182768	612.819655105	307.805701175	0.239054047876	
15.3243121769	3.11164579285	11.9203799826	580.348881941	473.544134162	0.228683063905	
14.5920512786	3.06581174184	11.9320382839	547.723340413	659.614382841	0.219054683999	
13.8689313589	3.019449519	11.9451985422	514.946926511	860.104704385	0.210292594353	
13.1737368957	2.97256972017	11.9596005244	482.024777302	1073.39196809	0.202531955351	
12.4551170678	2.92517367645	11.9753056886	448.963742736	1299.08115836	0.195915486306	
11.7676264195	2.87728204627	11.9920940753	415.773089142	1537.23185173	0.190586943762	
11.1264813721	2.82892407637	12.0099944373	382.465578065	1788.10836646	0.186681938407	
10.4422526428	2.78008414254	12.0288311396	349.059174855	2052.08347792	0.184316814339	
9.81024291422	2.84406330907	12.0489343393	315.579857466	2329.59629708	0.183577272014	
9.2037423563	2.7905121598	12.0693664182	282.066439793	2621.13207032	0.184509125388	
8.63385426347	2.72275274327	10.9256402431	248.579292715	2927.21184222	0.187113527509	
8.1079000238	2.63448327202	9.87984204367	215.217113635	3248.38694583	0.191347959765	
7.62560598259	2.54782086239	9.18699519456	182.151651128	3585.23602463	0.197132632436	
7.25688375899	2.46216960418	8.62548196306	149.706291022	3938.36346184	0.204360483108	
6.82811944745	2.24487623977	8.13820906438	118.553119501	4308.39863307	0.21290834071	
17.3373567738	3.26223046238	12.0330974806	727.514641928	559.294109806	0.270050749629	
16.5558987402	3.21616573574	12.040067623	695.500022733	426.708958563	0.258265930525	
15.780233611	3.16951966774	12.0489918041	663.322541175	296.0457077	0.246980069948	
15.0109796606	3.12225448999	12.0596668891	630.983905215	192.018204895	0.23628388851	
14.2488995575	3.07443601376	12.0719776206	598.486322129	194.989354632	0.226281271357	
13.494902564	3.02604761271	12.0857934293	565.832648947	316.729537991	0.217089410462	
12.750108	2.97707896398	12.1008994945	533.026600555	483.784443423	0.208837734289	
12.0158736032	2.92756073849	12.1173260856	500.073042907	671.310751697	0.201665039599	
11.2939036352	2.8774973914	12.1349119034	466.978414766	873.423483374	0.195714274616	
10.5862988855	2.82689975096	12.1535664216	433.75134845	1088.47902883	0.191124699239	
9.89575213274	2.77582660354	12.1732957042	400.40360775	1316.06882245	0.188021750479	
9.26183603911	2.83412134706	12.1937905709	366.951548139	1556.24580353	0.186505813033	
8.58156677911	2.77573055621	11.7324827647	333.418469679	1809.27189845	0.186641939964	
8.02406163152	2.68350235293	10.2362351313	299.838563213	2075.52003261	0.188452903399	
7.41663023845	2.59330022244	9.45644106173	266.263846697	2355.43105162	0.191917396995	
6.89919944191	2.37912711601	8.84786232081	232.777054441	2649.49298218	0.196973839695	
6.43927407329	2.28550014997	8.32812944747	199.517231101	2958.23038315	0.203528653806	
6.04948454004	2.19271024395	7.86473386657	166.734744759	3282.19865007	0.211466858555	
5.74353415673	2.10061894694	7.44092685135	134.921001663	3621.98092333	0.220662702551	
5.53469310918	2.009156289	7.04680381755	105.145327397	3978.18644642	0.230988675337	
5.49666363421	1.9182217936	6.67587959122	79.9700874294	4351.44977364	0.242322119824	
14.7820359953	3.13555379762	12.1987918651	682.1293757	560.281059673	0.247067717461	
13.9903566817	3.08574489705	12.2116781002	649.769662181	427.090371339	0.236822755751	
13.2055701266	3.03529975097	12.2261076293	617.249777263	296.487706297	0.227334685803	
12.4286496943	2.98424475751	12.2419859047	584.572452406	194.722703061	0.218723679799	
11.6608247996	2.93258114193	12.2587974062	551.741219946	202.104924714	0.211119721078	
10.9036370104	2.88032830183	12.2775666715	518.760677565	325.704100227	0.204658654975	
10.1792752389	2.82750604697	12.2970957062	485.636864513	494.061584646	0.199475966755	
9.45437861094	2.88470468769	12.3177213532	452.377808485	683.036828598	0.195698343394	
8.71871058923	2.82677888751	12.3393903745	418.994340187	886.766924992	0.193433737753	
8.04068929287	2.74296536439	10.7343907365	385.501340859	1103.58696211	0.192761415718	
7.39522218513	2.64901887345	9.8062408345	351.919714594	1333.07442861	0.193723986572	
6.78689328671	2.43406189904	9.13105549199	318.279623205	1575.27537795	0.196323314295	
6.22642540315	2.3367812439	8.56897936938	284.626023788	1830.44917974	0.200521346555	
5.72739199764	2.24037846599	8.07446399079	251.028637201	2098.96879697	0.206245579163	
5.30652967348	2.14472730065	7.62580609154	217.600994396	2381.27673128	0.213397696207	
5.03348776448	2.04968356767	7.21080937159	184.539496076	2677.86373341	0.22186338928	
4.82897028155	1.95516075108	6.82166155491	152.21044855	2989.25783536	0.231521557075	
4.69968119924	1.86111884846	6.45313789845	121.362541531	3316.01846446	0.242251740298	
4.76002383251	1.76752671424	6.10150147486	93.6845599118	3658.73323465	0.253939373049	
5.00423757925	1.6743640978	5.76400174447	73.1545757622	4018.01623171	0.266478972477	
5.25795618121	1.58164364047	5.43852509355	67.0326873438	4394.50717451	0.279775670546	
12.1978479027	2.99442152903	12.3827613994	636.626316909	561.337623431	0.231468840939	
11.3968599793	2.94064872296	12.4007196197	603.929801043	427.572327793	0.223535078899	
10.6046456406	2.88686904642	12.4199597885	571.077822285	297.096244577	0.216661377709	
9.83803606146	2.83106223352	12.4404571619	538.074714855	197.695019504	0.210974775185	
9.05389060594	2.88285693288	12.4621172713	504.926132275	209.339229278	0.206597433499	
8.30404975362	2.81394622114	11.5497211229	471.63952855	334.725307796	0.203638486601	
7.58426012474	2.71583816861	10.2688692272	438.224865142	504.373306364	0.202185304913	
6.89051145992	2.50054869495	9.49056824319	404.695676845	694.791109391	0.202295637383	
6.23164813532	2.39948134947	8.8706664016	371.070726671	900.133932457	0.203992255154	
5.65043671836	2.29941478474	8.33634678268	337.376663522	1118.7149223	0.207261334777	
5.104729434	2.20013444126	7.85728279433	303.65246032	1350.09729885	0.21205494097	
4.60632698025	2.10150051862	7.41745236071	269.957171188	1594.32001559	0.218296944866	
4.25423774655	2.00336645575	7.00718550992	236.384236798	1851.63973859	0.22589097883	
4.04265743845	1.90569799333	6.62010282073	203.089589669	2122.42936633	0.234728835668	
3.99304720273	1.80839561056	6.25177153928	170.351129965	2407.13298414	0.244698020276	
4.11035344272	1.71145426318	5.89897100896	138.705602847	2706.24401455	0.255687707296	
4.38032094529	1.61491124625	5.55925559539	109.289980817	3020.29392423	0.267592890487	
4.81647087183	1.51873819575	5.23080044375	84.7038004977	3349.84614335	0.28031687996	
5.30653139489	1.42300742286	4.91210838712	70.5050247393	3695.49273747	0.29377248569	
5.83415076924	1.32771685677	4.60202105885	73.3058079668	4057.8526175	0.307882264103	
6.48299801507	1.23299686377	4.29964088147	91.7834791498	4437.57065347	0.322578161286	
9.58635380893	2.83795558564	12.5835371156	591.023520387	562.463408779	0.22489888775	
8.77852885046	2.88451070225	12.6061671367	558.002265008	428.154488393	0.219992756815	
7.99244988115	2.79465314118	10.9194302583	524.833335159	297.870301835	0.216402417574	
7.22609393252	2.58081032569	9.95297095555	491.523642864	200.923268834	0.214218049617	
6.4816932193	2.47443212691	9.24782704349	458.08234244	216.680376094	0.213507118272	
5.76745283681	2.3705980857	8.66026808071	424.521741488	343.789488729	0.214308721796	
5.09557589899	2.26763709965	8.14268343896	390.858691198	514.717530254	0.216630458101	
4.48443713182	2.16536282321	7.67264900789	357.116775124	706.572186502	0.220448481431	
3.96139112545	2.06363076465	7.23741920143	323.329880398	913.523471297	0.22571069751	
3.5644464082	1.96229645785	6.82891120424	289.548270938	1133.86210782	0.232342350518	
3.33780534538	1.8613340087	6.44167836755	255.84942763	1367.13678827	0.240252848131	
3.35130451012	1.76070816206	6.07184723261	222.358527173	1613.379183	0.249342650796	
3.53495920371	1.66036323853	5.71651126318	189.289788496	1872.8431243	0.259509333647	
3.86166851947	1.56032967101	5.37351903366	157.036548849	2145.9013535	0.270652335684	
4.35502554203	1.46058278551	5.04116499104	126.383737614	2432.99947311	0.282676280929	
4.96679067049	1.36113479064	4.71812019131	99.035688899	2734.6335289	0.29549300739	
5.58776107058	1.2620994646	4.40328926517	78.7833747304	3051.33838619	0.309022562236	
6.27780702245	1.16358167162	4.09588036144	72.1813881274	3383.68145089	0.323193447349	
6.99722641565	1.06561836834	3.79520685613	82.8219371745	3732.25921926	0.337942369097	
7.73733879609	0.968529745128	3.50079402439	105.813763087	4097.69541124	0.353213693137	
8.49228250809	0.872553267416	3.21231194058	135.142614854	4480.64003526	0.368958749682	
6.97959122866	2.56325428911	9.72487561746	545.345663084	563.658000951	0.228240603392	
6.18501870612	2.45466379373	9.06062878034	512.01735604	428.836445045	0.226756933864	
5.41390610953	2.34795398073	8.49205580577	478.553997308	298.808591756	0.226699054259	
4.67729172832	2.24198792155	7.9839634482	444.966777784	204.39532469	0.228091531394	
3.99352545372	2.13660830134	7.51846458121	411.270842189	224.117866314	0.230931531785	
3.41248049865	2.03168171576	7.08467657532	377.487096365	352.893331687	0.2351898068	
2.92870926256	1.92710078415	6.6756350357	343.645092598	525.092335458	0.240813975739	
2.66858552914	1.82281627142	6.28650284845	309.787812872	718.378741598	0.247733433972	
2.67247898452	1.71879888433	5.91379098109	275.979953315	926.934565116	0.255865003523	
2.93810938829	1.61494853603	5.554855822	242.323023449	1149.02775833	0.265118488526	
3.40368064345	1.51131442744	5.20772073981	208.984553692	1384.19228314	0.275401522864	
3.999051179	1.40789315926	4.87081005512	176.258600742	1632.45237128	0.286623384568	
4.67409093107	1.30476873485	4.54287358027	144.700827743	1894.05890609	0.298697705445	
5.39830902842	1.20178790058	4.22292754644	115.450592398	2169.38438788	0.311544176819	
6.1537589182	1.09920983458	3.91023402126	90.9921726709	2458.87587515	0.325089439231	
6.92967749819	0.997186602164	3.60420806221	76.3665765066	2763.03199186	0.339267365382	
7.73147098017	0.895819190264	3.30445920119	77.6360517266	3082.39096826	0.3540189276	
8.5300812609	0.795479373155	3.01076860644	94.3829036167	3417.52416048	0.369291805476	
9.32462050242	0.696717962601	2.72314429254	120.484858206	3769.0324758	0.385039850216	
10.1352616833	0.60040005796	2.44186320483	151.312765498	4137.54442784	0.401222487319	
10.9492123346	0.507961933543	2.16758720812	184.629772004	4523.71515128	0.41780411114	
4.39121919984	2.22300004476	7.85821491358	499.627116447	564.920963448	0.241178650517	
3.63082089036	2.11445827877	7.39373614375	466.018083144	429.617722514	0.243065691462	
2.93997237655	2.00630414936	6.9589315527	432.294460793	299.9095729	0.246328306874	
2.37862611605	1.89844069632	6.54751335368	398.474813077	208.098983956	0.250935065179	
2.05408932577	1.7907664317	6.15507275358	364.584986429	231.642420049	0.25683555159	
2.07863842136	1.68327827877	5.77837973466	330.661899416	362.033844611	0.263964526576	
2.44032655416	1.57596103945	5.41498047097	296.759925639	535.49594451	0.27224653771	
3.03087739382	1.46868092664	5.06302995432	262.96215099	730.209538834	0.281600390289	
3.71409662258	1.3615157045	4.72104072343	229.401316025	940.366291691	0.291943048719	
4.47045321034	1.25449840369	4.38786250248	196.301249968	1164.21115223	0.303192740648	
5.2611353661	1.14763130913	4.0626083515	164.064684262	1401.26319901	0.315271210922	
6.07214793569	1.04098624653	3.74460213007	133.472561985	1651.53909466	0.328105193662	
6.89579232244	0.934662549941	3.43336170536	106.153196009	1915.28667203	0.3416272353	
7.72754277131	0.828846767777	3.12862557674	85.5542246539	2192.87811456	0.355776020984	
8.56461956218	0.723843591323	2.83035438621	77.523829713	2484.76188055	0.370496348165	
9.40520029362	0.620196237048	2.53879603996	85.9190089926	2791.4391303	0.385738868126	
10.2480632875	0.518838208475	2.25461044446	107.138293893	3113.45142749	0.401459689299	
11.0923501017	0.421702230669	1.97906546551	135.434954801	3451.37405436	0.417619910675	
11.9374486255	0.332638823748	1.71449040887	167.384474365	3805.81231072	0.434185132316	
12.7829108885	0.260415818743	1.46490192983	201.363470581	4177.3994892	0.45112497346	
13.6339698497	0.222619642416	1.23747670442	236.592247683	4566.79583927	0.468412616569	
1.97681475224	1.87692745827	6.44502911801	453.916874166	566.251838791	0.262386007937	
1.54505902362	1.76587392685	6.04810406079	420.067158584	430.497780053	0.267265934512	
1.57227029862	1.65493878103	5.66650148151	386.136528806	301.17146104	0.273375071108	
2.03850505674	1.54404746714	5.29796325889	352.156829405	212.022109851	0.280653831104	
2.72594028725	1.43318457165	4.94067044145	318.174037065	239.2458227	0.289034118738	
3.50583081328	1.32236714342	4.59326173776	284.256741593	371.208318664	0.29844294909	
4.32768087189	1.21141692817	4.25466142434	250.511371671	545.926710688	0.308805623797	
5.17084929989	1.10056593892	3.92398740611	217.11108277	742.063418731	0.320048295252	
6.02580648346	0.989789460658	3.60091981151	184.354100881	953.81777937	0.332099874594	
6.88764973239	0.879145873258	3.28486442163	152.78961826	1179.41160426	0.344893326321	
7.75362551481	0.768736179679	2.97583480459	123.504555283	1418.34897908	0.358366441766	
8.62207645561	0.658889559151	2.67404297212	98.7642877679	1670.63888924	0.372462202056	
9.49194547033	0.550004837118	2.38015417568	83.005404111	1936.526028	0.387128838655	
10.3651428765	0.44302483361	2.09545992104	81.8687437537	2216.38219352	0.402319685589	
11.2333491535	0.340010448605	1.82227827511	96.0995518235	2510.65719227	0.417992899077	
12.104055013	0.246545230749	1.56467399285	120.545148706	2819.85468204	0.434111101939	
12.9743796542	0.178753557121	1.32971894587	150.446797275	3144.51953045	0.45064099394	
13.8441542193	0.171263567971	1.12962539325	183.271784532	3485.23092324	0.467552956205	
14.7160490561	0.23062911208	0.9838440099	217.803924709	3842.59853509	0.484820667844	
15.5814826556	0.322110592855	0.91688227889	253.434661496	4217.26042396	0.502420745592	
16.4518169751	0.425773085512	0.944152462832	289.837114549	4609.88194301	0.520332412219	
1.78524948453	1.52001985533	5.20493371846	408.286760688	567.65014931	0.290135631868	
2.54470381887	1.40556359595	4.84190944851	374.259073704	431.476013231	0.297518133245	
3.3789395416	1.29102589307	4.48885109848	340.207450512	302.59224311	0.305957579785	
4.2433026274	1.1763800651	4.14477535116	306.188961244	216.152752887	0.315388271738	
5.12191195248	1.06162894731	3.80899643293	272.289861616	246.920790416	0.3257428233	
6.00796164621	0.946784977543	3.48107045829	238.64607133	380.414296725	0.33695431273	
6.89809351738	0.831864102021	3.16083130597	205.482745344	556.383106613	0.348957922353	
7.79047525944	0.71691621823	2.84852916363	173.195607355	753.939292529	0.361692092789	
8.68401978319	0.602195734942	2.54473924279	142.528304605	967.288203734	0.375099254549	
9.57805002601	0.487899955405	2.25075584668	114.969666881	1194.62846327	0.389126217148	
10.4721092568	0.374785054652	1.96885487445	93.5429615821	1435.44909258	0.403724297258	
11.3659006553	0.264743114488	1.70301369173	83.390227571	1689.75131176	0.418849259439	
12.2591884253	0.164917351655	1.45992895704	88.7252447796	1957.77659681	0.434461130816	
13.1518276876	0.109593076246	1.25090426414	107.4644105	2239.89629886	0.450523937873	
14.0436930001	0.157420229295	1.09362585323	134.265429644	2536.56152529	0.467005401364	
14.9346967826	0.256507080894	1.01072465586	165.385491515	2848.27839528	0.483876615043	
15.8247755218	0.367869926306	1.01899629903	198.919154672	3175.59505279	0.501111725722	
16.7138547202	0.483333044763	1.11528600204	233.926851648	3519.09456578	0.518687625909	
17.6019088943	0.60085297104	1.27907208184	269.91987756	3879.39096719	0.536583665738	
18.48889781	0.719670290276	1.48767196732	306.626298447	4257.12706713	0.554781387686	
19.374793185	0.839288205205	1.72452517131	343.885101606	4652.97331205	0.573264285369	
4.21436699868	1.15023301264	4.05962739542	362.84571467	569.115397941	0.322817780569	
5.10926533558	1.03173657647	3.7189128744	328.742003433	432.551755966	0.332245375558	
6.01277289438	0.91301870013	3.38672475303	294.714716119	304.169692531	0.342571107686	
6.92105191627	0.794079049647	3.06318392486	260.871953199	220.479249973	0.353734076877	
7.83205023011	0.674921493603	2.74885313512	227.386680365	254.6608528	0.365674934855	
8.74453490874	0.555581624089	2.44494519978	194.550461177	389.649545833	0.378336925043	
9.65776364272	0.436194576404	2.1536223058	162.885336054	566.863713987	0.391666576274	
10.5712397884	0.317073759481	1.87858206866	133.387609084	765.836137047	0.405614108321	
11.4846145216	0.199351484129	1.62598660142	108.048274923	980.77678453	0.420133610907	
12.3976597693	0.0903124455825	1.40588569136	90.6709863203	1209.8611102	0.435183053927	
13.3102006007	0.0779072553505	1.23379187763	86.4644710562	1452.56303329	0.450724178736	
14.2221071535	0.183732609747	1.13001269933	97.3802177062	1708.87593853	0.466722311041	
15.1332835707	0.302548182601	1.1122744477	119.523519997	1979.03801725	0.483146126778	
16.0436541585	0.423947942852	1.18326630515	148.086568297	2263.42011812	0.499967394286	
16.953159935	0.546481424145	1.32798556459	180.164409116	2562.47460602	0.517160709402	
17.8617564814	0.669792095658	1.52499982002	214.289630274	2876.71002808	0.534703234758	
18.7694035791	0.793704822265	1.7564043963	249.715742263	3206.67777881	0.552574450605	
19.6760762942	0.918105127888	2.01010415307	286.040489727	3552.96478829	0.570755921466	
20.5817464276	1.04316401656	2.27851155161	323.032983099	3916.18943202	0.58923108088	
21.4863980065	1.16865115848	2.55692475057	360.55295142	4296.99925982	0.607985035005	
22.3900136781	1.29462656357	2.84238144446	398.510950829	4696.06980147	0.627004384884	
6.951844387	0.766971747773	2.99332517349	317.765926954	570.647069056	0.359154553335	
7.87360210498	0.644125225256	2.678399742	283.759884437	433.724282715	0.370255873733	
8.79890567931	0.520994032828	2.37643731294	250.016695788	305.901385639	0.382123020577	
9.72643780585	0.397621740503	2.09075177388	216.755541332	224.990302747	0.394703452113	
10.6553382058	0.274184268218	1.82678692699	184.351992549	262.460250904	0.407947320093	
11.5850191789	0.151744104161	1.5932378073	153.489240299	398.912033023	0.421807883938	
12.5150728671	0.0433590424133	1.4033296208	125.482042933	577.36721432	0.436241727212	
13.4451981416	0.110028282812	1.27484289503	102.904543028	777.752989954	0.451208821856	
14.3751774905	0.232285861423	1.22563106582	90.1856074263	994.282782817	0.466672480892	
15.3048445606	0.357542318886	1.26372013418	91.7721363117	1225.10895612	0.482599233698	
16.2340728678	0.483853620136	1.38098193966	107.237448769	1469.69031816	0.498958651199	
17.1627570273	0.610872969136	1.55901022389	131.952871414	1728.01236434	0.515723142002	
18.0908249497	0.738437448024	1.77923125876	161.871786909	2000.30994329	0.532867735026	
19.0182161837	0.866534526768	2.02767772353	194.726216341	2286.95335152	0.550369859741	
19.944874819	0.995157505391	2.29504054527	229.358061739	2588.39617172	0.568209131544	
20.8707665953	1.12432784443	2.57536580535	265.159262107	2905.14934794	0.586367147228	
21.7958530571	1.25382297244	2.86484248539	301.791559374	3237.76750105	0.604827293395	
22.7201078878	1.3839272772	3.16100085068	339.055407696	3586.84140438	0.623574569336	
23.6435097358	1.51477225112	3.46216762589	376.826798713	3952.99376112	0.642595424873	
24.5660514085	1.64591545653	3.7672756298	415.025168643	4336.87684898	0.661877612965	
25.4877067794	1.77758712502	4.07553701746	453.596181136	4739.17127155	0.681410056507	
9.78053253633	0.374945495692	2.06258404967	273.333507378	572.244629293	0.398206834625	
10.720832582	0.251430805456	1.81329813906	239.738668389	434.992810832	0.41069830717	
11.6635190081	0.135727971198	1.60309387355	206.776719866	307.784718977	0.423849946479	
12.6078195511	0.0808984386985	1.44716725565	174.928236004	229.675036878	0.437617725456	
13.5532230663	0.167172200696	1.36258690377	145.077848598	270.31384872	0.451960472517	
14.4993209886	0.288089699649	1.36133950209	118.925248904	408.199904113	0.46683997773	
15.4458164752	0.414829080165	1.44261149675	99.6529075611	587.89238057	0.482220994672	
16.392479483	0.543714752301	1.59310365271	91.9475854469	789.688945437	0.498071166862	
17.3391320325	0.673786235856	1.79500575518	98.7871444135	1007.80549834	0.514360902516	
18.2856279599	0.804733460195	2.03275277806	117.85348891	1240.37144053	0.531063216559	
19.2318682435	0.93641042085	2.29506804679	144.538980864	1486.83048607	0.54815355429	
20.1777504117	1.0687329327	2.57437180773	175.530758825	1747.16020149	0.565609607454	
21.1232094551	1.20169647775	2.86570383798	209.031998015	2021.59204329	0.583411130308	
22.0681802864	1.33524010226	3.16579718849	244.107058029	2310.49571142	0.601539760952	
23.012618676	1.46941075444	3.47246689052	280.249624405	2614.32597002	0.619978851297	
23.9564882124	1.60409076934	3.78423757515	317.169902049	2933.5961313	0.638713307692	
24.8997488225	1.73915601909	4.10008713711	354.692740767	3268.86401989	0.657729443235	
25.8423800338	1.8751390562	4.41929822397	392.707083468	3620.7242346	0.677014842116	
26.7843586365	2.01144027159	4.74136727949	431.139570507	3989.8037922	0.696558235809	
27.7256885293	2.1485069128	5.0659306899	469.940034599	4376.75968708	0.716349390678	
28.6662919105	2.28601642696	5.39271813275	509.073147316	4782.27758764	0.736379006322	
12.6730728375	0.142850947444	1.52801715288	230.053163208	573.907528416	0.439305905263	
13.6313643318	0.227218562407	1.48262784972	197.475643635	436.356503065	0.452975895659	
14.5915735262	0.344306890149	1.5198989322	166.322272843	309.816927157	0.467222890194	
15.5531938513	0.470739719244	1.63334005334	137.72288848	234.523044438	0.482010331042	
16.5158400416	0.600994912289	1.80810552482	113.816728231	278.217056383	0.497304291679	
17.4792178826	0.733364502835	2.02804577179	98.3239207723	417.511465056	0.513073445375	
18.4430872168	0.867188088683	2.2799268399	95.6690683795	598.438069579	0.529288981521	
19.4087915191	1.00199259587	2.5542274712	107.025819776	801.64315022	0.545924486717	
20.3716030598	1.13769155245	2.84446892065	128.915538623	1021.3442671	0.562955803926	
21.3359741634	1.27420773613	3.14630517737	157.139456561	1255.64802963	0.580360879947	
22.3002822676	1.41149221324	3.45681004055	189.002345038	1503.98309653	0.598119608717	
23.2644461753	1.54946472478	3.77398803406	223.054808126	1766.31907886	0.616213675886	
24.2283993955	1.68809075095	4.0964547627	258.52448386	2042.8839993	0.634626408343	
25.1920862085	1.8273618891	4.4232433157	294.981538551	2334.04692164	0.653342631146	
26.1554621299	1.96735256379	4.75366190943	332.173608307	2640.26375835	0.672348533285	
27.1184909511	2.10761890774	5.08721865951	369.944845226	2962.05016311	0.691631542988	
28.0811416189	2.2490137688	5.42355608749	408.194645662	3299.96714318	0.711180212849	
29.0433877117	2.39081073024	5.76241406434	446.855558078	3654.61310608	0.730984114579	
30.0052166836	2.53321501786	6.10360189293	485.880876982	4026.61936889	0.751033743086	
30.9666060955	2.67622388375	6.44698436182	525.237363941	4416.64763195	0.771320429341	
31.9275437309	2.81984043733	6.79247232877	564.900806455	4825.38861986	0.791836261446	
15.6245084282	0.523259293626	1.82587915449	188.878520818	575.63520017	0.48197882438	
16.6015968208	0.654173651035	2.01883162372	158.577798082	437.814470169	0.496669945154	
17.5803877323	0.788295780329	2.25302228794	131.492034184	311.995101065	0.51187267142	
18.560510074	0.924469922584	2.5168237883	110.224996435	239.524411601	0.527556626965	
19.5416769752	1.06237700434	2.80188118727	98.8446012127	286.16576361	0.543693727909	
20.5236532445	1.20105597587	3.10240880876	100.984334082	426.84516548	0.560258097254	
21.5062501628	1.34098936489	3.4144463491	116.095952418	609.00321521	0.577225954846	
22.4893146405	1.4817965686	3.73527742832	140.206824131	813.614799908	0.594575492441	
23.4727216591	1.62345575578	4.06300165537	169.657594686	1034.89845903	0.612286741249	
24.4563647449	1.76590970198	4.3963068656	202.244263998	1270.9382148	0.63034143739	
25.4401610193	1.9092151413	4.73426243248	236.775716105	1521.14772864	0.648722889217	
26.4240395412	2.05313402579	5.07615475587	272.601860971	1785.48864106	0.667415849204	
27.4079400704	2.1978042447	5.42149158884	309.351511218	2064.18550631	0.686406392158	
28.3918161575	2.34314609208	5.76997335023	346.801714099	2357.60671696	0.705681800819	
29.3756288048	2.4893496462	6.1212876747	384.812112009	2666.20930353	0.725230459381	
30.3593437999	2.63600485424	6.47525466949	423.29063617	2990.51123648	0.74504175509	
31.3429373219	2.78337727162	6.83174175378	462.174724869	3331.07668592	0.765105987821	
32.3263913964	2.93144060754	7.19065132797	501.420567621	3688.50785234	0.785414287321	
33.3096871224	3.08017480041	7.55190869488	540.996686906	4063.44034045	0.805958537772	
34.292815211	3.22953091857	7.91547596731	580.879964783	4456.54054646	0.82673130917	
35.2757665854	3.37957880753	8.28133580678	621.053101418	4868.50424294	0.847725795029	
18.6355965607	0.975822085569	2.7404569999	151.736819703	577.427063154	0.525889098383	
19.6327051957	1.11606566455	3.03535755282	126.441835872	439.365773638	0.541483594715	
20.6314299872	1.25808390594	3.34567670514	108.170896171	314.31620614	0.557537976893	
21.6315024175	1.40105170401	3.66768126169	101.044788973	244.669733941	0.574026868952	
22.6370581362	1.54531721545	3.99876903919	107.522315525	294.15628195	0.590926845259	
23.63540677	1.69062915607	4.33710918597	125.700243122	436.199584185	0.608216329949	
24.6376987503	1.83679658258	4.68139546456	151.577017677	619.586822147	0.625875486101	
25.6412543604	1.98387013679	5.03069219016	182.026458984	825.603135623	0.643886100045	
26.6453583608	2.13162760652	5.38432147899	215.226757589	1048.467476	0.66223146489	
27.6499268275	2.28058808946	5.74178768479	250.181306512	1286.24151118	0.680896266152	
28.6548883824	2.43013934038	6.10273057409	286.333317155	1538.32397999	0.699866471527	
29.6601861891	2.58044714886	6.4668772219	323.357370203	1804.6685476	0.719129226093	
30.6657707751	2.73150686464	6.8340358289	361.053969178	2085.49627167	0.738672753768	
31.6716016301	2.88327254374	7.20407368465	399.295340136	2381.17484256	0.758486265408	
32.6776546838	3.03587920582	7.57688242171	437.996451154	2692.16238128	0.778559873632	
33.6838983879	3.18910863611	7.95239570593	477.098818594	3018.97915226	0.79888451434	
34.6903188003	3.34247531294	8.33057437343	516.561066813	3362.19246993	0.819451874641	
35.6969036176	3.49776100758	8.71139516737	556.353207657	3722.40831288	0.840254326917	
36.7036425315	3.65314986762	9.09484786022	596.45305165	4100.26656153	0.861284868616	
37.7105326892	3.8092179159	9.48094164968	636.843885859	4496.43829832	0.882537067434	
38.7175655569	3.96599543047	9.86968503902	677.512929462	4911.62433595	0.904005011408	
