Objective

21945836.6157
19102873.9162
16332459.3106
13662731.1536
11124839.4098
8753178.09605
6585632.69928
4663843.41698
3033485.11416
1744564.93311
851738.541611
414646.053819
498268.710855
1173307.46183
2516584.64333
4611470.01457
7548332.46772
11425018.7978
16347360.9843
22429713.5082
29795522.3009
22146281.0569
19256652.116
16442083.7498
13731385.1333
11156446.6168
8752477.49863
6558259.11376
4616414.10889
2973692.8153
1681277.67878
795106.754144
376217.322598
491110.743492
1212139.70754
2617919.11672
4793761.87702
7832140.95341
11833179.1034
16905167.7742
23165116.7224
30739335.9888
22349119.0166
19412501.141
16553494.2553
13801586.2435
11189416.5253
8753019.21824
6532081.96234
4570221.29764
2915275.52582
1619616.03753
740478.1353
340312.434523
487157.97897
1255038.26435
2724381.4229
4982465.88401
8123892.89119
12251087.3232
17474828.3385
23914811.4365
31700243.6059
22554350.4948
19570420.9913
16666690.827
13873334.4842
11223749.1353
8754803.25488
6507101.24502
4525264.98322
2858233.24574
1559580.00937
687852.685078
306931.389596
486410.41729
1302003.13229
2835971.56185
5177582.03555
8423588.28108
12678743.4573
18056342.6772
24678797.6504
32678245.1521
22761975.4915
19730411.6669
16781673.465
13946629.8555
11259444.4468
8757829.60856
6483316.9618
4481545.16566
2802565.97503
1501169.5943
637230.40348
276074.187816
488868.058451
1353034.31133
2952689.5336
5379110.33164
8731227.12307
13116147.5056
18649710.7903
25457075.3642
33673340.6274
22971994.0066
19892473.1677
16898442.1693
14021472.3574
11296502.4598
8762098.27926
6460729.11268
4439061.84493
2748273.71371
1444384.79231
588611.290504
247740.829183
494530.902453
1408131.8015
3074535.33812
5587050.77228
9046809.41717
13563299.4682
19254932.6779
26249644.5779
34685530.0318
23184406.0403
20056605.4939
17016996.9398
14097861.9897
11334923.1742
8767609.267
6439337.69767
4397815.02105
2695356.46178
1389225.60342
541995.346151
221931.313697
503398.949297
1467295.60277
3201508.97543
5801403.35746
9370335.16337
14020199.3451
19872008.34
27056505.2914
35714813.3654
23399211.5924
20222808.6453
17137337.7767
14175798.7527
11374706.5901
8774362.57177
6419142.71675
4357804.69401
2643814.21923
1335692.02761
497382.570421
198645.641358
515472.198982
1530525.71516
3333610.44552
6022168.08719
9701804.36167
14486847.1362
20500937.7764
27877657.5048
36761190.628
23616410.663
20391082.6221
17259464.6797
14255282.6462
11415852.7075
8782358.19357
6400144.16994
4319030.86381
2593646.98607
1283784.06488
454772.963313
177883.812166
530750.651508
1597822.13867
3470839.7484
6249344.96146
10041217.0121
14963242.8416
21141720.9873
28713101.2181
37824661.8198
23836003.2521
20561427.4241
17383377.6491
14336313.6702
11458361.5263
8791596.1324
6382342.05723
4281493.53046
2544854.76229
1233501.71525
414166.524828
159645.826121
549234.306875
1669184.87329
3613196.88406
6482933.98029
10388573.1146
15449386.4613
21794357.9726
29562836.4313
38905226.9406
24057989.3597
20733843.0514
17509076.6847
14418891.8248
11502233.0467
8802076.38826
6365736.37862
4245192.69394
2497437.54789
1184844.9787
375563.254966
143931.683223
570923.165084
1744613.91903
3760681.8525
6722935.14366
10743872.6692
15945277.9952
22458848.7324
30426863.1443
40002885.9906
24282368.9857
20908329.504
17636561.7865
14503017.1099
11547467.2685
8813798.96116
6350327.13411
4210128.35427
2451395.34288
1137813.85524
338963.153727
130741.383473
595817.226134
1824109.27588
3913294.65373
6969348.45158
11107115.6759
16450917.4434
23135193.2666
31305181.3572
41117638.9697
24509142.1302
21084886.7819
17765832.9547
14588689.5255
11594064.1917
8826763.85109
6336114.3237
4176300.51145
2406728.14726
1092408.34487
304366.22111
120074.926869
623916.490025
1907670.94384
4071035.28774
7222173.90404
11478302.1347
16966304.8059
23823391.5752
32197791.07
42249485.8779
24738308.7933
21263514.8851
17896890.1891
14675909.0718
11642023.8165
8840971.05805
6323097.94739
4143709.16546
2363435.96102
1048628.44758
271772.457116
111932.313413
655220.956758
1995298.92292
4233903.75453
7481411.50105
11857432.0457
17491440.0826
24523443.6583
33104692.2827
43398426.7152
24969868.9748
21444213.8135
18029733.4898
14764675.7485
11691346.1427
8856420.58204
6311278.00518
4112354.31632
2321518.78417
1006474.16339
241181.861745
106313.543103
689730.626332
2086993.21312
4401900.05411
7747061.24261
12244505.4087
18026323.2736
25235349.5158
34025884.9952
44564461.4817
25203822.6747
21626983.5673
18164362.8567
14854989.5558
11742031.1704
8873112.42306
6300654.49708
4082235.96402
2280976.6167
965945.492277
212594.434996
103218.615941
727445.498747
2182753.81443
4575024.18647
8019123.12872
12639522.2238
18570954.3788
25959109.1477
34961369.2076
45747590.1772
25440169.8932
21811824.1463
18300778.2899
14946850.4937
11794078.8996
8891046.58111
6291227.42307
4053354.10857
2241809.45861
927042.434255
186010.176871
102647.531926
768365.574004
2282580.72685
4753276.15161
8297597.15937
13042482.4911
19125333.3984
26694722.5541
35911144.9199
46947812.8019
25678910.6302
21998735.5506
18438979.7894
15040258.5621
11847489.3302
8910223.0562
6282996.78317
4025708.74995
2204017.30991
889764.98932
161429.087368
104600.291058
812490.852102
2386473.95039
4936655.94954
8582483.33457
13453386.2104
19689460.3321
27442189.7349
36875212.1321
48165129.3556
25920044.8856
22187717.7802
18578967.3552
15135213.761
11902262.4624
8930641.84831
6275962.57737
3999299.88818
2167600.1706
854113.157473
138851.166488
109076.893337
859821.333041
2494433.48505
5125163.58025
8873781.65432
13872233.3818
20263335.1802
28201510.6902
37853570.8441
49399539.8385
26163572.6595
22378770.8351
18720740.9872
15231716.0905
11958398.296
8952302.95746
6270124.80567
3974127.52326
2132558.04067
820086.938713
118276.41423
116077.338763
910357.016822
2606459.33082
5318799.04374
9171492.11861
14299024.0054
20846957.9425
28972685.4198
38846221.056
50651044.2505
26409493.9519
22571894.7153
18864300.6855
15329765.5506
12015896.8311
8975206.38364
6265483.46807
3950191.65517
2098890.92013
787686.333041
99704.8305954
125601.627337
964097.903443
2722551.4877
5517562.34002
9475614.72745
14733758.081
21440328.619
29755713.924
39853162.7678
51919642.5916