
-1153.23570191	0.0	0.0	0.0	0.499611979655	0.0	0.0
-2215.10621523	0.0	0.0	0.0	0.105159308199	0.0	0.0
-3233.94922905	0.0	0.0	0.0	-0.223944123195	0.0	0.0
-4276.40592198	0.0	0.0	0.0	-0.291469373821	0.0	0.0
-5355.23226995	0.0	0.0	0.0	0.0895071802494	0.0	0.0
-5895.84555929	0.0	0.0	0.0	0.570012275088	0.0	0.0
-6408.63800847	0.0	0.0	0.0	1.37723482297	0.0	0.0
-6879.09923801	0.0	0.0	0.0	2.51805382575	0.0	0.0
-7267.73857888	0.0	0.0	0.0	4.18633957067	0.0	0.0
-8933.94890875	0.0	0.0	0.0	-6.76398214762	0.0	0.0
-8262.74991934	0.0	0.0	0.0	-0.412655871912	0.0	0.0
-7917.26630686	0.0	0.0	0.0	-4.29247928826	0.0	0.0
-7483.46811982	0.0	0.0	0.0	-0.511449317384	0.0	0.0
-7076.43780482	0.0	0.0	0.0	-3.05102222682	0.0	0.0
-6796.07229198	0.0	0.0	0.0	-0.752950805973	0.0	0.0
-6338.47923679	0.0	0.0	0.0	-2.36795296481	0.0	0.0
-6138.38998044	0.0	0.0	0.0	-0.824881827133	0.0	0.0
-5664.78054524	0.0	0.0	0.0	-1.856078038	0.0	0.0
-5516.04988221	0.0	0.0	0.0	-0.851223395199	0.0	0.0