
-1100.31361621	0.0	0.0	0.0	0.571290546075	0.0	0.0
-2109.26204361	0.0	0.0	0.0	0.248516441354	0.0	0.0
-3075.18297165	0.0	0.0	0.0	-0.00890842351615	0.0	0.0
-4064.71757954	0.0	0.0	0.0	-0.00475510860471	0.0	0.0
-5090.62184152	0.0	0.0	0.0	0.447900012289	0.0	0.0
-5604.77408866	0.0	0.0	0.0	0.964244389457	0.0	0.0
-6091.10549523	0.0	0.0	0.0	1.80730622023	0.0	0.0
-6535.10567979	0.0	0.0	0.0	2.98396450912	0.0	0.0
-6897.28397905	0.0	0.0	0.0	4.68808953557	0.0	0.0
-8430.97124506	0.0	0.0	0.0	-4.9418664884	0.0	0.0
-7818.11388386	0.0	0.0	0.0	0.692248317791	0.0	0.0
-7485.9667369	0.0	0.0	0.0	-3.05739937218	0.0	0.0
-7090.04665501	0.0	0.0	0.0	0.318685291461	0.0	0.0
-6699.00829072	0.0	0.0	0.0	-2.14313652078	0.0	0.0
-6444.98907599	0.0	0.0	0.0	-0.0931764691375	0.0	0.0
-6005.58415315	0.0	0.0	0.0	-1.66553137686	0.0	0.0
-5824.15769566	0.0	0.0	0.0	-0.280308134399	0.0	0.0
-5370.58614731	0.0	0.0	0.0	-1.29264789225	0.0	0.0
-5235.36684611	0.0	0.0	0.0	-0.392549866933	0.0	0.0