
-1141.92516466	0.0	0.0	0.0	0.514931162269	0.0	0.0
-2192.48514069	0.0	0.0	0.0	0.135797673495	0.0	0.0
-3200.01761725	0.0	0.0	0.0	-0.177986575262	0.0	0.0
-4231.16377308	0.0	0.0	0.0	-0.230192643462	0.0	0.0
-5298.67958374	0.0	0.0	0.0	0.166103093309	0.0	0.0
-5833.63760459	0.0	0.0	0.0	0.654267779266	0.0	0.0
-6340.77478521	0.0	0.0	0.0	1.46914991839	0.0	0.0
-6805.58074567	0.0	0.0	0.0	2.61762851309	0.0	0.0
-7188.56481818	0.0	0.0	0.0	4.29357384897	0.0	0.0
-8828.85554038	0.0	0.0	0.0	-6.38326489911	0.0	0.0
-8172.0010816	0.0	0.0	0.0	-0.187148348852	0.0	0.0
-7828.85636309	0.0	0.0	0.0	-4.0393064276	0.0	0.0
-7403.03016921	0.0	0.0	0.0	-0.341722109703	0.0	0.0
-6999.42345446	0.0	0.0	0.0	-2.86576849004	0.0	0.0
-6723.87517391	0.0	0.0	0.0	-0.617274124411	0.0	0.0
-6270.41635591	0.0	0.0	0.0	-2.22433763608	0.0	0.0
-6073.35837851	0.0	0.0	0.0	-0.712180168762	0.0	0.0
-5604.35508125	0.0	0.0	0.0	-1.74035344153	0.0	0.0
-5457.61964569	0.0	0.0	0.0	-0.755740593275	0.0	0.0