
-1074.47738814	0.0	0.0	0.0	0.606283569605	0.0	0.0
-2057.58958735	0.0	0.0	0.0	0.318502488566	0.0	0.0
-2997.67428729	0.0	0.0	0.0	0.0960706472746	0.0	0.0
-3961.37266742	0.0	0.0	0.0	0.135216985284	0.0	0.0
-4961.44070118	0.0	0.0	0.0	0.622865129904	0.0	0.0
-5462.6748346	0.0	0.0	0.0	1.15670601841	0.0	0.0
-5936.08812725	0.0	0.0	0.0	2.01726436079	0.0	0.0
-6367.17019673	0.0	0.0	0.0	3.21141916285	0.0	0.0
-6716.43038256	0.0	0.0	0.0	4.93304070025	0.0	0.0
-8195.36090284	0.0	0.0	0.0	-4.08833098372	0.0	0.0
-7614.80358372	0.0	0.0	0.0	1.1974669337	0.0	0.0
-7288.05034758	0.0	0.0	0.0	-2.49064119633	0.0	0.0
-6909.3727352	0.0	0.0	0.0	0.699914296919	0.0	0.0
-6526.40520121	0.0	0.0	0.0	-1.72794938799	0.0	0.0
-6282.34423025	0.0	0.0	0.0	0.212474414601	0.0	0.0
-5852.7062219	0.0	0.0	0.0	-1.34295298953	0.0	0.0
-5677.26546098	0.0	0.0	0.0	-0.0257396175888	0.0	0.0
-5234.53526972	0.0	0.0	0.0	-1.03208832235	0.0	0.0
-5103.08987735	0.0	0.0	0.0	-0.176391652281	0.0	0.0