
-1010.71310682	0.0	0.0	0.0	0.692646988844	0.0	0.0
-1930.06102443	0.0	0.0	0.0	0.491229327421	0.0	0.0
-2806.38144295	0.0	0.0	0.0	0.355160905493	0.0	0.0
-3706.31554256	0.0	0.0	0.0	0.480670661677	0.0	0.0
-4642.61929463	0.0	0.0	0.0	1.05468222602	0.0	0.0
-5111.97128818	0.0	0.0	0.0	1.63170482308	0.0	0.0
-5553.50244045	0.0	0.0	0.0	2.53544487471	0.0	0.0
-5952.70236669	0.0	0.0	0.0	3.77278138988	0.0	0.0
-6270.08041336	0.0	0.0	0.0	5.53758463486	0.0	0.0
-7615.13157344	0.0	0.0	0.0	-1.98635902085	0.0	0.0
-7104.1220583	0.0	0.0	0.0	2.46649173605	0.0	0.0
-6793.24377019	0.0	0.0	0.0	-1.07370107248	0.0	0.0
-6454.95184173	0.0	0.0	0.0	1.6587600753	0.0	0.0
-6092.59000138	0.0	0.0	0.0	-0.684431050743	0.0	0.0
-5873.97680816	0.0	0.0	0.0	0.979900292048	0.0	0.0
-5468.19623739	0.0	0.0	0.0	-0.531621951079	0.0	0.0
-5309.3850071	0.0	0.0	0.0	0.611807913195	0.0	0.0
-4892.7911123	0.0	0.0	0.0	-0.377592649477	0.0	0.0
-4772.65119232	0.0	0.0	0.0	0.363589244474	0.0	0.0