
-847.759699179	0.0	0.0	0.0	0.769007862906	0.0	0.0
-1629.5916378	0.0	0.0	0.0	0.64066773572	0.0	0.0
-2372.95426323	0.0	0.0	0.0	0.611985428203	0.0	0.0
-3119.87503307	0.0	0.0	0.0	0.774706543791	0.0	0.0
-3894.99380774	0.0	0.0	0.0	1.35151552316	0.0	0.0
-4273.28987385	0.0	0.0	0.0	1.91839355163	0.0	0.0
-4629.01210103	0.0	0.0	0.0	2.74847201487	0.0	0.0
-4949.86176729	0.0	0.0	0.0	3.89854806115	0.0	0.0
-5206.13197777	0.0	0.0	0.0	5.48540090833	0.0	0.0
-6601.76363322	0.0	0.0	0.0	-2.08396221009	0.0	0.0
-6016.7996807	0.0	0.0	0.0	2.26096603178	0.0	0.0
-5805.9107169	0.0	0.0	0.0	-0.996466634643	0.0	0.0
-5442.52591395	0.0	0.0	0.0	1.66579603841	0.0	0.0
-5175.67522687	0.0	0.0	0.0	-0.514686777372	0.0	0.0
-4937.98222935	0.0	0.0	0.0	1.19454064528	0.0	0.0
-4626.14571842	0.0	0.0	0.0	-0.245413916879	0.0	0.0
-4465.25305805	0.0	0.0	0.0	0.880000435825	0.0	0.0
-4131.20059889	0.0	0.0	0.0	-0.0787860848826	0.0	0.0
-4021.22248937	0.0	0.0	0.0	0.640247723688	0.0	0.0