
-752.698394011	0.0	0.0	0.0	0.77563177913	0.0	0.0
-1439.46721074	0.0	0.0	0.0	0.65391569476	0.0	0.0
-2087.7567244	0.0	0.0	0.0	0.631858126157	0.0	0.0
-2739.62243021	0.0	0.0	0.0	0.801202723085	0.0	0.0
-3419.66861435	0.0	0.0	0.0	1.38463640504	0.0	0.0
-3750.44598298	0.0	0.0	0.0	1.95482555859	0.0	0.0
-4058.61567714	0.0	0.0	0.0	2.78821750459	0.0	0.0
-4331.96464489	0.0	0.0	0.0	3.94160342176	0.0	0.0
-4540.67592419	0.0	0.0	0.0	5.53177019752	0.0	0.0
-5627.68611007	0.0	0.0	0.0	0.179834215786	0.0	0.0
-5203.82417431	0.0	0.0	0.0	3.31278575197	0.0	0.0
-5006.77705138	0.0	0.0	0.0	0.311547038048	0.0	0.0
-4734.28616875	0.0	0.0	0.0	2.30146871421	0.0	0.0
-4490.44473407	0.0	0.0	0.0	0.300920573007	0.0	0.0
-4309.35834185	0.0	0.0	0.0	1.60442097954	0.0	0.0
-4028.1294076	0.0	0.0	0.0	0.283368074121	0.0	0.0
-3904.02204283	0.0	0.0	0.0	1.15441243842	0.0	0.0
-3605.41112084	0.0	0.0	0.0	0.276166679201	0.0	0.0
-3520.0862892	0.0	0.0	0.0	0.830364942561	0.0	0.0