
-808.360855709	0.0	0.0	0.0	0.78582228255	0.0	0.0
-1550.7931979	0.0	0.0	0.0	0.67429689635	0.0	0.0
-2254.75208653	0.0	0.0	0.0	0.662431096825	0.0	0.0
-2962.27659959	0.0	0.0	0.0	0.841965528127	0.0	0.0
-3697.99185349	0.0	0.0	0.0	1.43559092329	0.0	0.0
-4056.59345274	0.0	0.0	0.0	2.01087404697	0.0	0.0
-4392.60718968	0.0	0.0	0.0	2.84936359024	0.0	0.0
-4693.76984889	0.0	0.0	0.0	4.00784154807	0.0	0.0
-4930.32891737	0.0	0.0	0.0	5.60310660698	0.0	0.0
-6181.1922959	0.0	0.0	0.0	-1.03050321845	0.0	0.0
-5674.78924127	0.0	0.0	0.0	2.79789206765	0.0	0.0
-5467.17041189	0.0	0.0	0.0	-0.357985903003	0.0	0.0
-5146.72526752	0.0	0.0	0.0	2.02143183999	0.0	0.0
-4887.99785264	0.0	0.0	0.0	-0.0905857887534	0.0	0.0
-4676.35732911	0.0	0.0	0.0	1.44907655135	0.0	0.0
-4376.43342278	0.0	0.0	0.0	0.0517116906852	0.0	0.0
-4232.10675634	0.0	0.0	0.0	1.07119759974	0.0	0.0
-3912.3094666	0.0	0.0	0.0	0.138898239868	0.0	0.0
-3813.24425462	0.0	0.0	0.0	0.789423181066	0.0	0.0