
929.23773288
869.883651019
809.886245181
749.243948343
687.955943106
626.022553481
563.445910829
500.231147062
436.388675246
371.938917811
306.923202131
839.962283421
779.152911348
717.689404187
655.572050723
592.802891104
529.386815567
465.33360753
400.662033765
335.408844935
269.651240176
203.573810097
750.014679459
687.752846719
624.830962975
561.25368444
497.030194754
432.177732219
366.729010763
300.749649986
234.385764504
168.02586815
103.086971138
659.42584415
595.726486973
531.372025151
466.378229959
400.774171075
334.615749174
268.01982296
201.26726026
135.212122933
73.8528163772
48.246640555
568.253591351
503.156893297
437.436355025
371.139628448
304.360953673
237.308372278
170.530780201
105.992939554
55.5374841395
70.3123615121
130.887883992
476.609185692
410.213540454
343.297922881
276.019539758
208.748837258
142.575564304
82.1823532147
56.3217800445
99.5273783939
165.177594005
235.882984846
384.722485349
317.28106458
249.667126505
182.539723583
118.08620808
67.2761410811
73.4393829067
129.920866697
198.301716264
270.316456606
344.199027521
293.130202584
225.405204874
158.972529829
98.2082967584
65.2422197253
97.183030126
159.850476939
230.062853368
303.20033825
378.045918879
454.160798015
203.366275217
138.464181544
84.6341442855
75.3031047469
122.647041302
188.763219836
260.380643994
334.526610665
410.285440401
487.294139185
565.383250873
121.576403076
79.0616594171
92.2623602769
148.06289136
216.437244957
289.222752583
364.298630545
440.930357754
518.804657124
597.768039863
677.737884887
81.7221788805
112.00264855
172.74375438
242.774771152
316.579490237
392.525975699
469.995755898
548.709308027
628.524168209
709.361437747
791.17485934