
-788.663437514	0.0	0.0	0.0	0.880145408848	0.0	0.0
-1511.39798507	0.0	0.0	0.0	0.862944951563	0.0	0.0
-2195.65700909	0.0	0.0	0.0	0.945413993252	0.0	0.0
-2883.48539716	0.0	0.0	0.0	1.21926535818	0.0	0.0
-3599.50089445	0.0	0.0	0.0	1.90722507737	0.0	0.0
-3948.2562618	0.0	0.0	0.0	2.52965790193	0.0	0.0
-4274.41675585	0.0	0.0	0.0	3.41533071887	0.0	0.0
-4565.73691267	0.0	0.0	0.0	4.62094051838	0.0	0.0
-4792.44141251	0.0	0.0	0.0	6.26339519945	0.0	0.0
-5886.31842853	0.0	0.0	0.0	0.178831178696	0.0	0.0
-5479.83131666	0.0	0.0	0.0	3.6787350097	0.0	0.0
-5261.07619187	0.0	0.0	0.0	0.542346323683	0.0	0.0
-4988.87989789	0.0	0.0	0.0	2.76050766204	0.0	0.0
-4727.00494678	0.0	0.0	0.0	0.644023851636	0.0	0.0
-4541.25843638	0.0	0.0	0.0	2.0926295826	0.0	0.0
-4243.4441476	0.0	0.0	0.0	0.675066231255	0.0	0.0
-4113.71952788	0.0	0.0	0.0	1.63953689737	0.0	0.0
-3798.96825321	0.0	0.0	0.0	0.678068726038	0.0	0.0
-3708.52121416	0.0	0.0	0.0	1.29364885773	0.0	0.0