
-875.425281516	0.0	0.0	0.0	0.682435018661	0.0	0.0
-1684.92333119	0.0	0.0	0.0	0.46752039273	0.0	0.0
-2455.95497502	0.0	0.0	0.0	0.352254488637	0.0	0.0
-3230.53951085	0.0	0.0	0.0	0.428408443818	0.0	0.0
-4033.32715222	0.0	0.0	0.0	0.918634301294	0.0	0.0
-4425.45253022	0.0	0.0	0.0	1.44223679522	0.0	0.0
-4795.0139164	0.0	0.0	0.0	2.22900890972	0.0	0.0
-5129.68765634	0.0	0.0	0.0	3.33582581321	0.0	0.0
-5399.79888787	0.0	0.0	0.0	4.87936648479	0.0	0.0
-7004.77763836	0.0	0.0	0.0	-3.45647181642	0.0	0.0
-6290.66574539	0.0	0.0	0.0	1.34304239153	0.0	0.0
-6092.86177152	0.0	0.0	0.0	-1.96407611297	0.0	0.0
-5666.0248649	0.0	0.0	0.0	0.924647133676	0.0	0.0
-5402.37389321	0.0	0.0	0.0	-1.27278706771	0.0	0.0
-5129.72779197	0.0	0.0	0.0	0.565247985058	0.0	0.0
-4814.48618281	0.0	0.0	0.0	-0.869679436688	0.0	0.0
-4633.25385874	0.0	0.0	0.0	0.333774889839	0.0	0.0
-4292.04886768	0.0	0.0	0.0	-0.607281229019	0.0	0.0
-4169.66509409	0.0	0.0	0.0	0.161338828903	0.0	0.0