
-823.228319825	0.0	0.0	0.0	0.700593318732	0.0	0.0
-1580.52841027	0.0	0.0	0.0	0.503837339897	0.0	0.0
-2299.35660955	0.0	0.0	0.0	0.406731991132	0.0	0.0
-3021.74761062	0.0	0.0	0.0	0.501043054223	0.0	0.0
-3772.33209365	0.0	0.0	0.0	1.00942936746	0.0	0.0
-4138.3655552	0.0	0.0	0.0	1.5421087278	0.0	0.0
-4481.81644627	0.0	0.0	0.0	2.33796417186	0.0	0.0
-4790.40815276	0.0	0.0	0.0	3.45385450366	0.0	0.0
-5034.40537603	0.0	0.0	0.0	5.00647972696	0.0	0.0
-6444.6937499	0.0	0.0	0.0	-2.08568212739	0.0	0.0
-5836.11469285	0.0	0.0	0.0	2.02663163108	0.0	0.0
-5642.38163225	0.0	0.0	0.0	-1.14331164484	0.0	0.0
-5273.18399059	0.0	0.0	0.0	1.36950445521	0.0	0.0
-5020.10607134	0.0	0.0	0.0	-0.734856572594	0.0	0.0
-4782.46356755	0.0	0.0	0.0	0.877974175154	0.0	0.0
-4482.86247433	0.0	0.0	0.0	-0.498304623996	0.0	0.0
-4323.92101083	0.0	0.0	0.0	0.56453553653	0.0	0.0
-4001.49067192	0.0	0.0	0.0	-0.339280945873	0.0	0.0
-3893.81330724	0.0	0.0	0.0	0.338433829969	0.0	0.0