
-781.533279311	0.0	0.0	0.0	0.803707522693	0.0	0.0
-1497.1375324	0.0	0.0	0.0	0.710067718443	0.0	0.0
-2174.26551266	0.0	0.0	0.0	0.716089380404	0.0	0.0
-2854.96421064	0.0	0.0	0.0	0.913507877615	0.0	0.0
-3563.84870327	0.0	0.0	0.0	1.5250206362	0.0	0.0
-3909.03988821	0.0	0.0	0.0	2.10924413066	0.0	0.0
-4231.633662	0.0	0.0	0.0	2.95668041068	0.0	0.0
-4519.39098645	0.0	0.0	0.0	4.1240953529	0.0	0.0
-4742.52828613	0.0	0.0	0.0	5.72830835234	0.0	0.0
-5888.83620989	0.0	0.0	0.0	-0.262443313762	0.0	0.0
-5440.24397619	0.0	0.0	0.0	3.2092906322	0.0	0.0
-5233.94031598	0.0	0.0	0.0	0.1201623019	0.0	0.0
-4944.63503667	0.0	0.0	0.0	2.30560660327	0.0	0.0
-4690.92646689	0.0	0.0	0.0	0.237283725474	0.0	0.0
-4497.93286856	0.0	0.0	0.0	1.66105837523	0.0	0.0
-4205.84917472	0.0	0.0	0.0	0.289573811023	0.0	0.0
-4073.24291716	0.0	0.0	0.0	1.23679555494	0.0	0.0
-3763.00723907	0.0	0.0	0.0	0.319349100736	0.0	0.0
-3671.58924864	0.0	0.0	0.0	0.923181658355	0.0	0.0