
-843.815912748	0.0	0.0	0.0	0.723246523074	0.0	0.0
-1621.70398957	0.0	0.0	0.0	0.549144181507	0.0	0.0
-2361.12233875	0.0	0.0	0.0	0.474694850607	0.0	0.0
-3104.09958108	0.0	0.0	0.0	0.59165763077	0.0	0.0
-3875.27410113	0.0	0.0	0.0	1.12269983767	0.0	0.0
-4251.59877	0.0	0.0	0.0	1.66670295126	0.0	0.0
-4605.34819622	0.0	0.0	0.0	2.47389021162	0.0	0.0
-4924.22721196	0.0	0.0	0.0	3.6011000075	0.0	0.0
-5178.52435604	0.0	0.0	0.0	5.1650585718	0.0	0.0
-6621.86688854	0.0	0.0	0.0	-2.37312333386	0.0	0.0
-6001.66364695	0.0	0.0	0.0	1.9728895963	0.0	0.0
-5800.09171266	0.0	0.0	0.0	-1.25965426791	0.0	0.0
-5421.67051956	0.0	0.0	0.0	1.39008113757	0.0	0.0
-5160.81104759	0.0	0.0	0.0	-0.76334392705	0.0	0.0
-4916.13095216	0.0	0.0	0.0	0.934331282295	0.0	0.0
-4608.34610282	0.0	0.0	0.0	-0.478984064539	0.0	0.0
-4444.15798933	0.0	0.0	0.0	0.637816590888	0.0	0.0
-4113.15924545	0.0	0.0	0.0	-0.295162542053	0.0	0.0
-4001.61784486	0.0	0.0	0.0	0.417797439072	0.0	0.0