
-699.378803852	0.0	0.0	0.0	0.828616022241	0.0	0.0
-1332.82701142	0.0	0.0	0.0	0.759885193568	0.0	0.0
-1927.79031264	0.0	0.0	0.0	0.79081844871	0.0	0.0
-2526.33992893	0.0	0.0	0.0	1.01314381013	0.0	0.0
-3153.06019298	0.0	0.0	0.0	1.64956802532	0.0	0.0
-3457.18447211	0.0	0.0	0.0	2.24624263701	0.0	0.0
-3738.68209853	0.0	0.0	0.0	3.10613890004	0.0	0.0
-3985.38807235	0.0	0.0	0.0	4.28600024329	0.0	0.0
-4167.42369519	0.0	0.0	0.0	5.90267490223	0.0	0.0
-5031.73829035	0.0	0.0	0.0	1.84229958813	0.0	0.0
-4733.66972753	0.0	0.0	0.0	4.25419267137	0.0	0.0
-4536.92943437	0.0	0.0	0.0	1.37889293767	0.0	0.0
-4331.09414436	0.0	0.0	0.0	2.97997732475	0.0	0.0
-4095.94119972	0.0	0.0	0.0	1.05824686824	0.0	0.0
-3954.15961474	0.0	0.0	0.0	2.13043436163	0.0	0.0
-3687.8411572	0.0	0.0	0.0	0.852318249664	0.0	0.0
-3588.09405096	0.0	0.0	0.0	1.57944682688	0.0	0.0
-3308.13514885	0.0	0.0	0.0	0.722074500132	0.0	0.0
-3238.51618156	0.0	0.0	0.0	1.18339027669	0.0	0.0