
49.7317156952
54.0743419633
58.443754228
62.8299976236
67.2303165801
71.6535636807
75.4864480547
78.9603844053
82.2402249006
85.3189812625
88.1667164686
60.8004882724
64.8085790942
68.7103027059
72.4956375438
76.1589345182
79.6987012688
83.1172806318
86.4224872298
89.6125914304
92.6972770422
95.7008720227
70.1818701529
73.3846765035
76.3640749768
79.1176938496
81.6470279797
83.956210573
86.0442478475
87.9156148282
89.5865674508
91.075156196
92.4006835032
75.9870803151
77.9258797514
79.5589764491
80.8954173151
81.9391323228
82.6979498334
83.1933184657
83.4453448829
83.4749658421
83.3038266788
82.9530831918
76.4321769446
76.7711825379
76.7753415265
76.4539243654
75.841117596
74.9640832523
73.8497464472
72.5247617039
71.0153822235
69.3470976978
67.5443123303
69.8757798752
68.8986897768
67.244362798
65.3441720549
63.2345161116
60.9506051799
58.5264094575
55.9945006928
53.3858662232
50.7298886427
48.0545155877
39.3719668847
36.7682732184
34.107398711
31.4320352138
28.7823483123
26.1963635682
23.7082339253
21.3507411226
19.1539486358
17.1449300255
15.3488512831
11.9629750238
9.33561491304
6.97952940378
4.94128757859
3.26346916823
1.9847284658
1.14000221844
0.760610569245
0.874449161849
1.5060145203
2.67680468138
0.0908526205445
0.667966996302
2.01745526062
4.18601207402
7.2154147649
11.1428008235
16.0009400256
21.8184824355
28.6202885745
36.427577713
45.258225528
23.3998181937
31.6847775552
41.4154844696
52.6353111336
65.3824439929
79.6902721316
95.5878656564
113.100230901
132.248751564
153.051510699
175.52355375
109.872025835
131.936391656
156.311488257
183.037816351
212.151678886
243.686043535
277.671244651
314.136139422
353.109510841
394.622238135
438.711036261