
16406172.52
14377253.7599
12462398.8725
10665963.3884
8992384.21346
7446180.51188
6031954.59417
4754392.80932
3618266.44178
2628432.61306
1789835.18813
13405196.1138
11534505.926
9786483.53676
8165719.5601
6676890.08632
5324757.60942
4114171.95964
3050071.24072
2137482.77196
1381524.03524
787403.626987
10687918.3687
8987075.58522
7417860.91356
5985108.26765
4693741.27545
3548774.2523
2555313.17937
1718556.68736
1043797.04544
536421.154983
201911.54875
8262006.43473
6742910.89834
5364768.35314
4132664.41422
3051778.78782
2127386.29231
1364857.88449
769661.691001
347364.045575
103630.53125
44227.0281721
6135330.73757
4810170.32618
3635660.72925
2617147.85229
1760076.21229
1069990.00751
552534.192924
213455.561472
58603.8307463
93932.7354467
325501.12534
4315970.00182
3197227.82667
2239215.81323
1447548.94024
827945.464077
386228.039197
128324.844418
60270.7152403
188208.281949
518389.113666
1057174.86825
2812216.42393
1912678.20488
1184339.80709
633094.263032
264942.698234
85995.5040165
102473.516273
320709.200464
747147.842793
1388348.74753
2250986.44038
1632580.99767
965342.621303
480173.039564
183252.521491
80874.3974591
179446.285545
485491.324576
1005649.41349
1746678.45718
2715455.61884
3918978.57862
785798.996014
364274.261841
136095.8292
107740.594106
285803.638061
676999.510093
1288163.51557
2126253.01162
3198348.7095
4511655.98359
6073506.18699
280835.613914
118764.173806
161734.519353
416529.776162
890056.53909
1589346.21162
2521556.35213
3693972.02739
5114007.17282
6789205.96014
8727244.1716
126891.775899
238347.272361
566967.688867
1119852.20065
1904228.89913
2927456.19037
4197024.20068
5720556.18959
7505809.97043
9560679.3379
11893195.503