
-695.176906754	0.0	0.0	0.0	0.84992685303	0.0	0.0
-1324.42313692	0.0	0.0	0.0	0.802507262419	0.0	0.0
-1915.18401917	0.0	0.0	0.0	0.854753995151	0.0	0.0
-2509.53201423	0.0	0.0	0.0	1.09838878822	0.0	0.0
-3132.04988235	0.0	0.0	0.0	1.75612636415	0.0	0.0
-3434.07374137	0.0	0.0	0.0	2.36345371115	0.0	0.0
-3713.46945208	0.0	0.0	0.0	3.23401029472	0.0	0.0
-3958.07580138	0.0	0.0	0.0	4.42452033827	0.0	0.0
-4138.0092257	0.0	0.0	0.0	6.05185675209	0.0	0.0
-4969.93760192	0.0	0.0	0.0	2.10711968336	0.0	0.0
-4692.61955528	0.0	0.0	0.0	4.45003198129	0.0	0.0
-4493.61052696	0.0	0.0	0.0	1.57807834903	0.0	0.0
-4297.76937756	0.0	0.0	0.0	3.14520512698	0.0	0.0
-4062.02180669	0.0	0.0	0.0	1.22181286854	0.0	0.0
-3925.57375241	0.0	0.0	0.0	2.27478003617	0.0	0.0
-3659.76106956	0.0	0.0	0.0	0.991700589199	0.0	0.0
-3562.99885355	0.0	0.0	0.0	1.70719242647	0.0	0.0
-3284.15861284	0.0	0.0	0.0	0.842971011095	0.0	0.0
-3216.28635379	0.0	0.0	0.0	1.29688270714	0.0	0.0